Nome: SAO SEBASTIAO DO PARAISO
Codigo Estacao: A561
Latitude: -20.91
Longitude: -47.11416666
Altitude: 845
Situacao: Pane
Data Inicial: 2023-01-01
Data Final: 2024-12-31
Periodicidade da Medicao: Horaria

Data Medicao;Hora Medicao;PRECIPITACAO TOTAL, HORARIO(mm);PRESSAO ATMOSFERICA AO NIVEL DA ESTACAO, HORARIA(mB);PRESSAO ATMOSFERICA REDUZIDA NIVEL DO MAR, AUT(mB);PRESSAO ATMOSFERICA MAX.NA HORA ANT. (AUT)(mB);PRESSAO ATMOSFERICA MIN. NA HORA ANT. (AUT)(mB);RADIACAO GLOBAL(Kj/m²);TEMPERATURA DA CPU DA ESTACAO(°C);TEMPERATURA DO AR - BULBO SECO, HORARIA(°C);TEMPERATURA DO PONTO DE ORVALHO(°C);TEMPERATURA MAXIMA NA HORA ANT. (AUT)(°C);TEMPERATURA MINIMA NA HORA ANT. (AUT)(°C);TEMPERATURA ORVALHO MAX. NA HORA ANT. (AUT)(°C);TEMPERATURA ORVALHO MIN. NA HORA ANT. (AUT)(°C);TENSAO DA BATERIA DA ESTACAO(V);UMIDADE REL. MAX. NA HORA ANT. (AUT)(%);UMIDADE REL. MIN. NA HORA ANT. (AUT)(%);UMIDADE RELATIVA DO AR, HORARIA(%);VENTO, DIRECAO HORARIA (gr)(° (gr));VENTO, RAJADA MAXIMA(m/s);VENTO, VELOCIDADE HORARIA(m/s);
2023-01-01;0000;0;921,1;1016,3;921,2;920,3;-3,5;23;21,1;21,1;21,9;21;21,5;21;12,8;100;96;100;262;2,6;1,1;
2023-01-01;0100;0;921,2;1016,6;921,2;921;-3,5;22;20,4;null;21,4;20,4;null;null;12,8;null;null;null;120;2,6;,8;
2023-01-01;0200;0;921,1;1016,6;921,2;921;-2,6;22;20;null;20,6;20;null;null;12,8;null;null;null;105;2,3;,5;
2023-01-01;0300;0;920,7;1016,3;921,2;920,7;-2,9;21;19,7;null;20,2;19,6;null;null;12,7;null;null;null;135;1,9;,9;
2023-01-01;0400;0;920,2;1015,9;920,7;920,2;-3,1;21;19,4;null;19,8;19,4;null;null;12,7;null;null;null;152;1,8;1;
2023-01-01;0500;0;919,7;1015,1;920,2;919,7;-,9;21;20;null;20;19,3;null;null;12,7;null;null;null;142;2,8;1,3;
2023-01-01;0600;0;919,6;1015;919,7;919,6;-3,1;21;20,1;20,1;20,3;20;20,2;20;12,7;100;100;100;115;4,8;1,4;
2023-01-01;0700;0;919,6;1015,2;919,6;919,5;-3,4;21;19,4;19,4;20,1;19,4;20,1;19,4;12,7;100;100;100;113;6,2;2,1;
2023-01-01;0800;0;919,7;1015,4;919,7;919,5;-3,5;20;19,1;19,1;19,5;19;19,4;19;12,6;100;100;100;120;6;1,9;
2023-01-01;0900;0;920,2;1015,9;920,2;919,7;13,7;20;19,4;19,4;19,4;19,1;19,4;19,1;12,6;100;100;100;84;6;,9;
2023-01-01;1000;0;920,6;1016,1;920,6;920,1;231,3;20;20,1;19,8;20,1;19,1;null;null;13,1;null;null;98;124;2,7;1,3;
2023-01-01;1100;0;920,8;1015,7;920,8;920,6;1056,2;22;21,9;18,1;22,1;20,1;20,5;17,9;13,6;98;78;79;88;3,5;1,5;
2023-01-01;1200;0;921,1;1015,1;921,1;920,8;1755,1;24;24,6;19;24,7;21,9;20,1;17,8;13,8;89;69;71;173;3,3;1;
2023-01-01;1300;0;921;1014,6;921,1;921;2837,4;27;25,9;19,2;26;24,6;20;18,2;13,7;71;63;67;9;3;1,1;
2023-01-01;1400;0;920,5;1013,6;921;920,5;3135,4;29;27,1;18,1;27,6;25,8;20,3;17,2;13,5;69;54;58;290;3,5;1,7;
2023-01-01;1500;0;920;1013;920,6;919,9;3782,5;30;27,3;18,3;28,4;27;19,9;16,9;13,5;63;53;58;9;5,4;2,3;
2023-01-01;1600;0;919;1011,6;920;919;3565,7;31;28,3;19,4;29,2;27;20,5;17,3;13,5;63;52;58;349;5,3;1,4;
2023-01-01;1700;0;918,2;1010,7;919;918,1;2154;31;28,3;18,9;28,6;27,4;19,5;16,7;13,6;62;50;57;266;4;2,4;
2023-01-01;1800;0;918,3;1013;918,3;917,7;1122,5;29;21,7;21,1;29;21,7;21,6;17,9;13,1;97;53;97;130;6,8;2,9;
2023-01-01;1900;0;918,5;1013,4;918,6;917,7;484,2;25;21,1;18,1;21,7;20,9;21,7;17,8;13,1;100;81;83;147;5,7;2,1;
2023-01-01;2000;0;917,9;1012,7;918,5;917,9;280,2;23;21,1;19,2;21,2;20,7;20,1;17,8;13,1;96;81;89;129;4,7;1,2;
2023-01-01;2100;0;918;1012,8;918;917,6;327,2;23;21,2;21,1;21,4;20,9;21,1;18,5;13,1;100;84;99;156;5,5;1,6;
2023-01-01;2200;0;918,4;1013,6;918,4;917,9;98,9;23;20,2;null;21,3;20,2;21,2;20,3;12,8;100;98;null;35;3,9;1,8;
2023-01-01;2300;0;918,7;1014;918,7;918;-3,5;22;20;null;20,3;20;null;null;12,8;null;null;null;163;3,6;1,3;
2023-01-02;0000;0;919,6;1015;919,6;918,6;-3,4;21;20;null;20,3;19,9;null;null;12,8;null;null;null;161;2,8;1;
2023-01-02;0100;0;919,6;1015,1;919,7;919,4;-3,4;21;19,8;null;20,2;19,7;null;null;12,8;null;null;null;156;3,3;1,6;
2023-01-02;0200;0;919,7;1015,2;919,7;919,5;-3,5;21;19,7;19,7;20;19,5;20;19,5;12,7;100;100;100;128;3,3;1,1;
2023-01-02;0300;0;919,4;1014,9;919,9;919,3;-3,2;20;19,5;null;19,7;19,3;null;null;12,7;null;null;null;136;4,1;1,1;
2023-01-02;0400;0;918,8;1014,3;919,4;918,8;-3;20;19,4;null;19,6;19,1;null;null;12,7;null;null;null;140;3,3;1,5;
2023-01-02;0500;0;918,4;1013,9;918,8;918,3;-3,5;20;19,4;null;19,7;19,3;null;null;12,7;null;null;null;120;4,3;,7;
2023-01-02;0600;0;918,6;1014,2;918,7;918,3;-3,5;20;19,1;null;19,4;19;null;null;12,7;null;null;null;134;3,5;1,6;
2023-01-02;0700;0;918,5;1014;918,6;918,3;-3,3;20;19,3;null;19,4;19,1;null;null;12,7;null;null;null;117;3,5;1,5;
2023-01-02;0800;0;918,6;1014;918,6;918,3;-3,4;20;19,7;19,7;19,7;19,2;null;null;12,6;null;null;100;99;4,1;1,3;
2023-01-02;0900;0;919,2;1014,7;919,2;918,6;42,1;20;19,7;19,7;19,8;19,6;19,8;19,6;12,7;100;100;100;90;5,4;1,6;
2023-01-02;1000;0;919,7;1014,8;919,7;919,2;438,1;21;20,8;19,4;20,8;19,6;20;18,6;13,2;100;88;92;108;6,8;1,6;
2023-01-02;1100;0;919,7;1014,4;919,7;919,6;1109,6;23;22,2;18,7;22,2;20,7;19,8;18,1;13,7;91;80;81;68;4,5;1,7;
2023-01-02;1200;0;920;1014,4;920,1;919,7;1657,6;24;23,2;18,3;23,8;22,2;20,6;18,3;13,7;84;73;74;53;4,6;1,9;
2023-01-02;1300;0;919,8;1013,8;920;919,8;2051,3;26;24,2;18,2;25,1;23,2;20,5;18;13,6;78;68;69;9;5,6;3,3;
2023-01-02;1400;0;919;1012,5;919,8;919;2149,5;27;25,4;18,8;26,1;24,2;20,1;18,3;13,6;72;65;67;16;7,5;4,3;
2023-01-02;1500;0;918;1011,4;919,1;918;1639;27;25,6;19,2;26,2;24,4;20,5;18,3;13,6;76;63;68;40;7,5;2,1;
2023-01-02;1600;26,6;918,2;1013,9;919;917,1;759,1;26;18,8;null;25,9;18,5;20,8;18,7;13;100;68;null;107;10,1;3,1;
2023-01-02;1700;6,4;916,8;1011,5;918,3;916,8;831,3;22;21,1;20,4;21,1;18,5;null;null;13,9;null;null;96;131;9;1,6;
2023-01-02;1800;0;916;1009,3;916,8;915,7;3565,3;26;25,1;19,6;27,2;21,1;21,9;17,9;13,7;100;60;72;40;3,9;1,4;
2023-01-02;1900;0;914,9;1008,1;916;914,9;1344,7;27;25,2;20,2;25,6;24,5;21;18,2;13,8;79;67;74;73;5,4;1,4;
2023-01-02;2000;0;915;1008,9;915;914,7;521,4;27;23;18,9;25,3;23;20,8;18,9;13,1;82;69;78;119;3,8;1;
2023-01-02;2100;0;915,7;1009,9;915,7;915;257;25;22,4;19,7;23;22,4;20;19;13;87;78;85;149;3,8;,9;
2023-01-02;2200;0;915,6;1010,1;916;915,5;60,5;24;21,4;21,3;22,4;21,4;21,7;19,7;12,8;100;85;100;122;4;1,6;
2023-01-02;2300;0;916,6;1011,3;916,6;915,6;-3,4;23;21,1;21,1;21,4;20,9;21,3;20,9;12,8;100;97;100;137;4;1;
2023-01-03;0000;0;917,9;1013,3;917,9;916,6;-2,4;22;19,5;19,2;21,4;19,5;21,2;17;12,8;100;79;98;18;8,9;2,3;
2023-01-03;0100;0;918,1;1013,7;918,2;917,9;-3;21;19;19;19,6;19;19,5;19;12,8;100;97;100;119;6,2;1,4;
2023-01-03;0200;0;917,8;1013,3;918,2;917,8;-3,2;20;19;19;19,1;18,8;19,1;18,8;12,7;100;100;100;134;4,1;1,6;
2023-01-03;0300;0;917,2;1012,8;917,8;917,2;-3,3;20;18,6;18,6;19;18,6;19;18,6;12,7;100;100;100;142;3,1;1,3;
2023-01-03;0400;0;916,6;1012,2;917,2;916,6;-2,5;20;18,6;null;18,9;18,4;null;null;12,7;null;null;null;155;4,2;,5;
2023-01-03;0500;0;916,3;1011,9;916,6;916,3;-,9;20;18,5;null;18,7;18,2;null;null;12,7;null;null;null;146;1,4;,8;
2023-01-03;0600;0;915,8;1011,2;916,3;915,7;-1,7;20;18,7;null;18,7;18,4;null;null;12,7;null;null;null;148;2,3;1,1;
2023-01-03;0700;0;915,9;1011,4;915,9;915,7;-2,2;20;18,7;null;19;18,6;null;null;12,6;null;null;null;167;2;1,3;
2023-01-03;0800;0;916,3;1011,8;916,3;915,8;-2,8;19;18,6;null;18,9;18,6;null;null;12,6;null;null;null;153;2,6;1,3;
2023-01-03;0900;0;917,2;1012,7;917,2;916,3;38,6;19;18,9;null;18,9;18,4;null;null;12,7;null;null;null;153;3;,6;
2023-01-03;1000;0;917,9;1013,3;917,9;917,2;128,3;20;19,6;null;19,7;18,9;null;null;12,8;null;null;null;135;3;1,3;
2023-01-03;1100;0;918,2;1013,1;918,2;917,9;634;21;21,1;20,8;21,2;19,5;null;null;13,5;null;null;98;46;3;1,3;
2023-01-03;1200;,8;918,8;1014;918,8;918,2;371,3;22;20,4;null;21,4;19,9;21,2;20;13,2;100;96;null;349;6,5;1,4;
2023-01-03;1300;,4;919;1013,7;919;918,8;921,3;22;21,8;20,2;22,1;20,4;21,8;19;13,8;100;84;90;324;5,8;2,6;
2023-01-03;1400;,2;918,6;1012,8;919;918,6;1328,4;23;23,2;22,8;23,2;21,1;23,1;18,9;13,9;100;82;97;278;6,3;3,3;
2023-01-03;1500;,2;917,9;1011,6;918,6;917,9;3321,4;25;24,4;19,5;25,3;23,2;22,8;18,8;13,7;97;70;74;300;8,9;5,1;
2023-01-03;1600;0;917,2;1010,5;917,9;917,2;2958,3;27;25,4;18,5;25,4;24,1;20,4;18;13,8;77;64;66;310;10,3;4,4;
2023-01-03;1700;0;916,5;1010,1;917,1;916,4;2268,4;27;24,3;19,4;25,9;24,3;20,4;17,8;13,8;76;63;74;292;9,4;5,6;
2023-01-03;1800;0;915,5;1008,5;916,7;915,5;2579,8;26;26;21,1;26;22,5;21,1;18,4;13,8;84;69;74;282;9,6;3,5;
2023-01-03;1900;0;915,2;1009,3;915,5;915,2;902,8;26;22,5;18,9;26,1;21,9;20,9;18,7;13,3;93;69;80;239;8,1;4,9;
2023-01-03;2000;0;915,1;1009;915,4;915,1;1111,5;25;23;19,5;23,4;21,8;21;18,7;13,2;94;77;80;206;7,1;1,8;
2023-01-03;2100;0;915,5;1009,7;915,5;915,1;503,1;25;22,3;19,5;23,2;22,2;19,8;19;13,1;85;79;84;152;3,6;1;
2023-01-03;2200;0;915,9;1010,3;915,9;915,5;138,7;24;21,7;21,4;22,3;21,7;21,6;19,4;12,9;98;84;98;120;2,2;,6;
2023-01-03;2300;0;916,4;1011,1;916,4;915,8;-3,5;23;21;null;21,8;20,9;21,4;20,9;12,8;100;97;null;52;1,5;,6;
2023-01-04;0000;0;917,3;1012,2;917,3;916,4;-3,3;22;20,8;null;21;20,7;null;null;12,8;null;null;null;134;2,1;1;
2023-01-04;0100;0;918;1013,1;918;917,3;-2,9;22;20,5;null;20,8;20,5;null;null;12,8;null;null;null;125;3,3;,8;
2023-01-04;0200;0;917,9;1013;918,2;917,9;-3;21;20,3;null;20,5;20,3;null;null;12,8;null;null;null;124;2,3;1;
2023-01-04;0300;0;917,4;1012,6;917,9;917,4;-3,2;21;20;null;20,4;20;null;null;12,7;null;null;null;135;3,1;1,1;
2023-01-04;0400;0;916,5;1011,7;917,4;916,5;-2,9;21;19,6;null;20;19,6;null;null;12,7;null;null;null;131;2,3;1;
2023-01-04;0500;0;916;1011,2;916,5;916;-2,4;21;19,6;null;19,8;19,6;null;null;12,7;null;null;null;159;2;1,1;
2023-01-04;0600;0;915,7;1010,8;916;915,6;-2,6;21;19,6;null;19,6;19,5;null;null;12,7;null;null;null;129;2,5;,7;
2023-01-04;0700;0;915,9;1011;915,9;915,7;-1,8;20;19,7;null;19,7;19,6;null;null;12,7;null;null;null;127;1,8;,7;
2023-01-04;0800;0;916;1011,1;916;915,8;-1,4;20;19,7;null;19,7;19,6;null;null;12,6;null;null;null;141;1,5;,9;
2023-01-04;0900;0;916,6;1011,8;916,6;916;15,8;20;19,7;null;19,7;19,6;null;null;12,7;null;null;null;140;1,8;1;
2023-01-04;1000;0;917,5;1012,4;917,5;916,6;274;21;20,9;null;20,9;19,7;null;null;13,2;null;null;null;121;2,3;,5;
2023-01-04;1100;0;918,1;1013,3;918,1;917,5;178,3;21;20,2;null;21;20,2;21;20,2;13,1;100;99;null;318;3,9;1,8;
2023-01-04;1200;1,6;918,8;1014,4;918,8;918,1;226,7;21;19,2;null;20,2;19,1;null;null;13,2;null;null;null;295;9;3,8;
2023-01-04;1300;1,6;918,8;1014,2;918,9;918,8;356;21;19,6;null;19,6;19,2;null;null;13,3;null;null;null;311;7,6;2,6;
2023-01-04;1400;,8;918,4;1013,6;918,8;918,4;712,8;21;20,2;null;20,2;19,6;null;null;13,8;null;null;null;337;5,5;2,3;
2023-01-04;1500;,2;917,6;1011,9;918,4;917,6;1907,8;22;22,5;20,1;22,8;20,1;21,6;18,5;13,8;100;80;86;342;5,4;2,7;
2023-01-04;1600;,2;916,8;1010,8;917,6;916,8;3213,4;25;23,2;18,5;23,8;22,1;20,1;17,4;13,7;87;72;75;344;8,9;4,7;
2023-01-04;1700;0;915,6;1009,2;916,8;915,6;2656,2;26;24,2;18,5;24,8;23,2;20;18,2;13,5;79;69;70;329;8,9;2,6;
2023-01-04;1800;0;914,9;1008,2;915,6;914,9;1669,6;26;24,7;18,9;24,9;23,8;19,7;18,3;13,7;76;68;70;343;5,7;2,5;
2023-01-04;1900;0;914,7;1009,2;914,9;914,5;427,3;26;21,2;21,2;24,7;21,2;21,2;17,6;13,2;100;66;100;306;10;1,6;
2023-01-04;2000;0;914,5;1008,7;914,7;914,5;667,6;24;22,1;22,1;22,5;21,2;22,5;21,2;13,1;100;97;100;139;4,3;,8;
2023-01-04;2100;0;914,8;1008,9;914,8;914,5;337,4;24;22,3;22,3;22,6;22;22,6;21,9;13,1;100;96;100;88;2,4;,6;
2023-01-04;2200;0;915,6;1010,1;915,6;914,8;95,1;23;21,3;null;22,3;21,3;null;null;12,8;null;null;null;64;4,1;1,6;
2023-01-04;2300;1,8;915,9;1010,7;915,9;915,4;-1,9;22;20,6;null;21,3;20,4;null;null;12,8;null;null;null;253;4,1;,3;
2023-01-05;0000;,2;916,6;1011,6;916,6;915,9;-2;22;20,1;null;20,9;20;null;null;12,8;null;null;null;159;2,8;1,3;
2023-01-05;0100;9,8;917,3;1012,6;917,3;916,6;-,3;21;19,7;null;20,6;19,6;null;null;12,8;null;null;null;339;7,4;,9;
2023-01-05;0200;3,4;916,9;1012,2;917,3;916,9;-,2;21;19,5;null;19,7;19,4;null;null;12,7;null;null;null;125;1,8;,7;
2023-01-05;0300;1,2;916,3;1011,5;916,9;916,3;-,7;21;19,5;null;19,5;19,4;null;null;12,7;null;null;null;52;1,9;,9;
2023-01-05;0400;1,2;915,5;1010,7;916,3;915,5;-,9;21;19,3;null;19,5;19,3;null;null;12,7;null;null;null;152;2,5;1,3;
2023-01-05;0500;4,8;915,4;1010,4;915,6;915,3;-1,1;20;19,9;null;19,9;19,3;null;null;12,7;null;null;null;2;6,7;2,7;
2023-01-05;0600;4;915,1;1010,2;915,4;915,1;-1,1;20;19,6;null;20;19,6;null;null;12,7;null;null;null;323;6,7;1,2;
2023-01-05;0700;2,4;915,4;1010,7;915,4;915;-,2;20;19,1;null;19,6;19,1;null;null;12,6;null;null;null;300;7;2,1;
2023-01-05;0800;,4;915,9;1011,1;915,9;915,4;-,6;20;19,3;null;19,3;19,1;null;null;12,6;null;null;null;321;4,9;1;
2023-01-05;0900;4,8;916,2;1011,5;916,3;915,9;3,4;20;19,1;null;19,3;19;null;null;12,6;null;null;null;344;2,1;,5;
2023-01-05;1000;4;916,9;1012,2;916,9;916,2;59,8;20;19,4;null;19,4;19,1;null;null;12,8;null;null;null;290;4,1;1,8;
2023-01-05;1100;1;917,3;1012,6;917,3;916,9;346;20;19,6;null;19,7;19,3;null;null;13,3;null;null;null;312;3,8;1,2;
2023-01-05;1200;,6;917,7;1012,8;917,7;917,3;531,4;21;20,4;20,4;20,4;19,4;null;null;13,7;null;null;100;358;2,8;,9;
2023-01-05;1300;,4;918;1012,9;918;917,7;713;22;21;20,9;21,1;20,4;21,1;20,4;13,6;100;99;99;341;4,4;2,1;
2023-01-05;1400;0;917,9;1012,8;918,1;917,9;761;22;21;null;21,2;20,7;null;null;13,7;null;null;null;333;5,2;2,6;
2023-01-05;1500;,2;917,7;1012,3;918;917,7;989,7;23;21,9;21,7;22,1;21;null;null;13,7;null;null;98;321;6,3;3,5;
2023-01-05;1600;0;917,2;1011,6;917,7;917,2;1783,9;24;22,2;21,7;22,8;21,5;22,5;19,4;13,7;100;82;97;284;7,6;4,5;
2023-01-05;1700;0;916,5;1010,5;917,2;916,5;1715,4;24;23,3;19,5;23,5;22;22,3;19,4;13,8;100;79;79;301;6,6;2,5;
2023-01-05;1800;0;915,8;1009,4;916,5;915,8;1108,3;25;24,1;19,5;24,3;22,6;22;19,1;13,8;93;75;76;307;4,4;1,6;
2023-01-05;1900;0;915;1008,4;915,8;915;1548,2;26;24,5;19,7;25,3;24,1;20,6;18,9;13,3;79;69;74;274;5;2,9;
2023-01-05;2000;0;914,7;1008,4;915;914,7;652,9;26;23,5;20;24,6;23,5;20,3;19,1;13,1;83;73;81;280;5,2;3;
2023-01-05;2100;0;915,6;1010;915,6;914,7;209,9;24;21,8;21,8;23,5;21,8;21,9;19,7;13;100;79;100;204;5,9;2,5;
2023-01-05;2200;0;916,2;1010,9;916,2;915,6;46;23;21,1;21,1;21,8;21,1;21,8;21,1;12,8;100;100;100;175;4;,6;
2023-01-05;2300;3,4;917;1012,2;917;916,2;-2,7;22;19,7;null;21,1;19,7;null;null;12,8;null;null;null;207;6,5;2,5;
2023-01-06;0000;3,8;917,3;1012,6;917,4;917;-1,8;21;19,5;null;19,7;19,5;null;null;12,8;null;null;null;105;4;1,1;
2023-01-06;0100;1;917,9;1013,3;917,9;917,3;-1,8;21;19,5;null;19,5;19,4;null;null;12,8;null;null;null;119;2,7;1,1;
2023-01-06;0200;,6;917,9;1013,3;918;917,9;-1,2;21;19,5;null;19,7;19,5;null;null;12,8;null;null;null;188;2,7;,7;
2023-01-06;0300;,4;917,9;1013,3;918;917,9;-1;21;19,6;null;19,6;19,5;null;null;12,7;null;null;null;235;1;,6;
2023-01-06;0400;,4;917,3;1012,7;917,9;917,3;-,9;21;19,4;null;19,6;19,4;null;null;12,7;null;null;null;202;1,5;,9;
2023-01-06;0500;,6;916,9;1012,3;917,3;916,9;-,8;20;19,3;null;19,5;19,3;null;null;12,7;null;null;null;160;1,4;,8;
2023-01-06;0600;,6;916,3;1011,6;916,9;916,3;-1,7;20;19,2;null;19,3;19,2;null;null;12,7;null;null;null;133;2,2;,8;
2023-01-06;0700;,2;916,5;1011,9;916,5;916,3;-1,1;20;19,1;null;19,3;19,1;null;null;12,7;null;null;null;138;1,9;,7;
2023-01-06;0800;,2;916,9;1012,4;916,9;916,4;-1,4;20;19;null;19,1;19;null;null;12,6;null;null;null;139;2,3;1,1;
2023-01-06;0900;0;917,2;1012,7;917,2;916,9;13;20;19,1;null;19,2;19;null;null;12,6;null;null;null;118;3,4;1,4;
2023-01-06;1000;,2;917,9;1013,2;917,9;917,2;210,8;20;19,8;null;19,8;19,1;null;null;13;null;null;null;123;4,3;1,2;
2023-01-06;1100;0;918,4;1013,4;918,4;917,8;517,5;21;20,8;20,5;20,8;19,8;20,7;19,8;13,4;100;98;98;102;3,8;1,1;
2023-01-06;1200;0;918,9;1013,6;918,9;918,4;1055,1;22;21,8;19,6;21,9;20,7;21,4;18,9;13,7;100;83;87;111;4,2;1,4;
2023-01-06;1300;0;919,5;1014,5;919,5;918,9;617,3;23;21,1;20,8;22;21,1;21,3;18,9;13,6;99;84;99;97;4,2;1,1;
2023-01-06;1400;0;919,3;1014,1;919,6;919,3;836,2;23;21,6;21,6;21,7;20,9;21,7;20,9;13,7;100;99;100;118;3,1;1;
2023-01-06;1500;0;918,7;1013,2;919,3;918,7;1522,9;24;22,3;20,9;22,7;21,5;22,7;20,7;13,7;100;89;92;140;2,8;1,5;
2023-01-06;1600;0;918,1;1012,3;918,7;918,1;1354,7;25;23,1;20,3;23,2;22,3;22,3;19,9;13,8;99;81;84;166;3,2;1,9;
2023-01-06;1700;0;917,7;1012,4;918,1;917,5;1295,5;25;21,5;21,5;23,9;21,5;22,8;19,9;13,1;100;80;100;192;6,1;2,8;
2023-01-06;1800;1,4;917,3;1011,9;917,7;917,3;647,7;23;21,6;null;21,6;21;null;null;13,3;null;null;null;148;5,2;1,3;
2023-01-06;1900;,8;917,2;1011,8;917,3;917,1;716,8;23;21,7;null;22,1;21,6;null;null;13,1;null;null;null;150;3,6;1,2;
2023-01-06;2000;1,6;917,6;1012,6;917,6;917,2;71,5;23;20,4;null;21,7;20,4;null;null;12,8;null;null;null;72;4,6;,9;
2023-01-06;2100;5,2;918;1013,2;918;917,5;25,1;22;20,2;null;20,4;20,1;null;null;12,8;null;null;null;112;2;,9;
2023-01-06;2200;8,4;918,8;1014,1;918,8;918;4,7;21;20;null;20,2;19,9;null;null;12,8;null;null;null;306;2,3;1,3;
2023-01-06;2300;18;919,6;1015,2;919,6;918,8;0;21;19,4;null;20;19,4;null;null;12,8;null;null;null;124;2,1;,7;
2023-01-07;0000;16,6;920;1015,8;920,1;919,6;0;21;18,9;null;19,4;18,9;null;null;12,8;null;null;null;180;4;1,6;
2023-01-07;0100;3,8;920,5;1016,4;920,5;920;-1,3;20;18,7;null;18,9;18,7;null;null;12,7;null;null;null;185;2,6;,4;
2023-01-07;0200;1;920,8;1016,8;920,9;920,5;-1,1;20;18,6;null;18,8;18,5;null;null;12,7;null;null;null;102;2,8;,4;
2023-01-07;0300;1,4;920,2;1016,1;920,8;920,2;-,5;20;18,8;null;18,8;18,5;null;null;12,7;null;null;null;122;3,5;1,7;
2023-01-07;0400;,4;919,8;1015,8;920,2;919,8;-,2;19;18,2;null;18,8;18,2;null;null;12,7;null;null;null;124;5,6;1,6;
2023-01-07;0500;,4;919,1;1015,1;919,8;919,1;-1,5;19;18,1;null;18,3;18;null;null;12,6;null;null;null;121;4,1;1,7;
2023-01-07;0600;,2;919;1015;919,1;919;-1,4;19;18;null;18,2;18;null;null;12,6;null;null;null;121;4,1;1,4;
2023-01-07;0700;,2;919,2;1015,3;919,2;919;,8;19;17,9;null;18,2;17,9;null;null;12,6;null;null;null;113;3,7;,9;
2023-01-07;0800;,2;919,2;1015,2;919,2;919,1;-,7;19;18;null;18,2;17,9;null;null;12,6;null;null;null;113;4,3;1,6;
2023-01-07;0900;0;919,6;1015,7;919,6;919,2;6,9;19;18;null;18,1;18;null;null;12,6;null;null;null;87;4,4;1,1;
2023-01-07;1000;0;920,2;1016,2;920,2;919,6;146;19;18,4;null;18,4;18;null;null;12,9;null;null;null;115;4,2;1,7;
2023-01-07;1100;,2;920,7;1016,5;920,7;920,2;453,4;19;19,1;19,1;19,1;18,3;19,1;18,3;13,4;100;100;100;104;4,2;1,4;
2023-01-07;1200;0;921,1;1016,6;921,1;920,7;920,8;21;20;18,7;20,2;19;19,8;18;13,7;100;89;92;116;4,4;1,7;
2023-01-07;1300;0;922;1017,8;922;921;576,2;21;19,6;19,6;20;19,5;19,6;18,3;13,8;100;91;100;105;5,3;1,4;
2023-01-07;1400;0;921,8;1017,3;922;921,8;1509,8;22;20,5;null;20,5;19,5;null;null;13,9;null;null;null;123;3,7;1,3;
2023-01-07;1500;0;921,2;1015,6;921,8;921,2;2684,7;24;23,3;19;23,5;20,5;21,8;18;13,8;100;75;77;65;4,1;1,3;
2023-01-07;1600;0;920,4;1014,7;921,2;920,4;2494,5;26;23,6;18,4;24,3;22,5;19,6;17,9;13,7;80;69;72;9;3,3;,9;
2023-01-07;1700;0;919,8;1013,8;920,4;919,8;1727,9;26;24,1;20,5;24,1;21,8;23,4;18,2;13,8;100;72;80;63;4,6;,8;
2023-01-07;1800;1,4;919,4;1014,6;919,8;919,4;748,1;25;20,6;null;24,1;20,4;21,5;18,7;13,3;100;73;null;331;6,5;2,1;
2023-01-07;1900;2,4;919,2;1014,2;919,5;919,2;425,4;23;21,1;null;21,2;20,7;null;null;13,1;null;null;null;133;4,7;,5;
2023-01-07;2000;,4;919;1013,9;919,2;919;415,6;23;21,2;null;21,3;20,8;null;null;13,1;null;null;null;107;1,8;,6;
2023-01-07;2100;1;919,3;1014,5;919,3;919;131,1;23;20,4;null;21,2;20,4;null;null;13;null;null;null;101;1,9;,7;
2023-01-07;2200;,6;919,8;1015,1;919,8;919,3;42,9;22;20,3;null;20,5;20,3;null;null;12,8;null;null;null;128;1,4;,5;
2023-01-07;2300;,2;920,1;1015,5;920,1;919,8;-1,9;21;20,1;null;20,3;20,1;null;null;12,8;null;null;null;167;1,6;,5;
2023-01-08;0000;,2;920,5;1016;920,5;920,1;-2,3;21;20;null;20,1;20;null;null;12,8;null;null;null;137;1,9;,7;
2023-01-08;0100;0;920,8;1016,4;920,8;920,5;-2;21;19,8;null;20;19,8;null;null;12,8;null;null;null;133;2,3;,9;
2023-01-08;0200;,2;920,7;1016,3;920,9;920,7;-1,7;21;19,6;null;19,8;19,6;null;null;12,8;null;null;null;125;2,3;1,2;
2023-01-08;0300;,2;920,5;1016,1;920,8;920,4;-1,7;21;19,8;null;19,8;19,6;null;null;12,8;null;null;null;150;2;,6;
2023-01-08;0400;0;920;1015,6;920,5;920;-1,8;21;19,6;null;19,9;19,6;null;null;12,7;null;null;null;131;2,3;1,1;
2023-01-08;0500;0;919,3;1014,8;920;919,3;-1,1;21;19,6;null;19,6;19,6;null;null;12,7;null;null;null;123;2,3;1,2;
2023-01-08;0600;,2;919;1014,7;919,3;919;-1,1;20;18,9;null;19,7;18,8;null;null;12,7;null;null;null;126;5,4;2,5;
2023-01-08;0700;0;918,6;1014,4;918,9;918,6;-2;20;18,5;null;18,9;18,5;null;null;12,7;null;null;null;113;5,4;1,4;
2023-01-08;0800;0;918,9;1014,8;918,9;918,6;-2,1;19;18,4;null;18,6;18,4;null;null;12,6;null;null;null;108;4,4;1,8;
2023-01-08;0900;,2;919,5;1015,5;919,5;918,9;5,8;19;18,3;null;18,5;18,3;null;null;12,6;null;null;null;115;5;1,6;
2023-01-08;1000;,4;920,5;1016,5;920,5;919,5;72,2;19;18,6;null;18,6;18,3;null;null;12,7;null;null;null;112;5;1,4;
2023-01-08;1100;,6;921;1017;921;920,5;236,4;20;18,8;null;18,8;18,5;null;null;13,2;null;null;null;113;4,5;2,1;
2023-01-08;1200;,6;921,5;1017,4;921,5;921;515,6;20;19,2;null;19,4;18,8;null;null;13,3;null;null;null;118;4,5;2;
2023-01-08;1300;1,2;921,7;1017,3;921,7;921,5;711,3;21;20;null;20;19,1;null;null;13,8;null;null;null;120;4,4;1,5;
2023-01-08;1400;,6;921,6;1016,9;921,8;921,6;909,6;22;20,9;20,9;21,1;19,9;null;null;13,6;null;null;100;56;5,4;1,7;
2023-01-08;1500;,2;921,3;1016,3;921,6;921,3;1318,4;23;21,6;21,3;21,9;20,7;21,8;20,3;13,7;100;93;98;49;5,4;1,7;
2023-01-08;1600;,2;920,8;1015,7;921,3;920,8;1327,9;24;21,8;21;22,4;21,6;22;19,1;13,5;100;83;95;47;5;1,6;
2023-01-08;1700;0;920;1014,8;920,8;920;839,6;24;22;21,2;22;21,5;21,6;19,5;13,5;98;86;95;54;4,1;1,3;
2023-01-08;1800;0;919,4;1014;920;919,4;1003,1;24;22,4;19,8;22,7;21,9;21,8;18,6;13,9;96;80;86;106;3;1,1;
2023-01-08;1900;,2;919,1;1013,7;919,4;919,1;1075,9;25;22,3;18,5;23,3;22,3;20,9;18,4;13,3;91;78;79;48;4,5;1,4;
2023-01-08;2000;0;918,8;1013,6;919,1;918,8;524,2;24;21,5;20,1;22,3;21,5;21,1;18,6;13,1;95;79;92;92;3,9;1,1;
2023-01-08;2100;0;918,8;1013,9;918,9;918,6;253,2;23;20,7;20,5;21,5;20,7;20,8;19,7;13,1;99;90;98;111;3,4;1;
2023-01-08;2200;0;919;1014,3;919;918,8;51,3;22;20;20;20,7;20;20,6;20;12,8;100;97;100;117;2,3;,6;
2023-01-08;2300;0;919,6;1015,1;919,6;919;-3,4;21;19,8;null;20,1;19,8;null;null;12,8;null;null;null;123;2,5;,8;
2023-01-09;0000;0;920,3;1015,9;920,3;919,6;-2,9;21;19,7;null;19,8;19,6;null;null;12,8;null;null;null;144;2,4;1,2;
2023-01-09;0100;0;920,6;1016,2;920,6;920,2;-2,3;21;19,7;null;19,7;19,5;null;null;12,8;null;null;null;132;2,9;1,1;
2023-01-09;0200;0;920,6;1016,2;920,7;920,5;-2,3;21;19,6;null;19,7;19,6;null;null;12,8;null;null;null;102;3,9;,8;
2023-01-09;0300;0;919,8;1015,4;920,6;919,8;-2,2;20;19,4;null;19,6;19,4;null;null;12,7;null;null;null;132;2,5;1,1;
2023-01-09;0400;0;919,3;1014,8;919,8;919,3;-2,9;20;19,7;null;19,8;19,4;null;null;12,7;null;null;null;87;5,3;1,2;
2023-01-09;0500;0;919,1;1014,6;919,3;919,1;-2,8;20;19,6;null;19,7;19,6;null;null;12,7;null;null;null;55;4,7;1,1;
2023-01-09;0600;0;918,6;1014,1;919,1;918,6;-2,8;20;19,3;null;19,6;19,2;null;null;12,7;null;null;null;110;4,4;1,9;
2023-01-09;0700;0;918,3;1013,9;918,7;918,3;-2,9;20;19,1;null;19,3;19;null;null;12,7;null;null;null;76;4,4;1,3;
2023-01-09;0800;0;918,5;1014,2;918,5;918,2;-2,8;20;18,8;null;19,1;18,8;null;null;12,6;null;null;null;146;3,7;,8;
2023-01-09;0900;0;919;1014,7;919;918,5;10,7;20;18,9;null;18,9;18,8;null;null;12,6;null;null;null;113;2,4;1,2;
2023-01-09;1000;0;919,5;1014,9;919,5;919;323,2;20;19,9;null;19,9;18,9;null;null;13,2;null;null;null;127;3,3;1,1;
2023-01-09;1100;0;919,8;1014,7;919,8;919,5;901,1;21;21,6;19,2;21,6;19,9;20,8;18,8;13,7;100;86;86;93;3,8;1,3;
2023-01-09;1200;0;920,2;1015;920,2;919,8;1319,3;24;21,8;19,9;22,3;21,6;21,5;18,3;13,6;96;79;89;34;4,6;2,5;
2023-01-09;1300;0;920,3;1014,8;920,4;920,2;1647,6;25;23;18,9;23,6;21,8;21,5;18,3;13,7;93;73;78;29;6;2,7;
2023-01-09;1400;0;920,5;1015,5;920,5;920,3;1253,6;25;21,5;21,5;23,3;20,8;21,5;18,6;13,8;100;76;100;32;7,1;2,9;
2023-01-09;1500;0;919,9;1014,4;920,5;919,9;1305,2;24;22,7;20,8;22,9;21,5;22,3;20,6;13,9;100;86;89;18;5,5;2,3;
2023-01-09;1600;0;919,4;1014,3;919,9;919,4;1620;25;21,3;21,2;23,5;20,9;22,5;18,4;13,5;99;74;99;318;10,2;2,4;
2023-01-09;1700;0;918,6;1012,6;919,4;918,6;1483,4;24;23,9;20;23,9;21,3;22;19,4;13,8;100;76;79;336;7,4;2,6;
2023-01-09;1800;0;917,6;1010,9;918,6;917,6;2317,7;26;25,5;19,6;25,5;23,5;20;17,8;13,8;79;67;70;348;9;3,9;
2023-01-09;1900;,2;917;1010,1;917,6;917;2037,1;27;26,1;17,8;26,2;24,5;19,5;17,4;13,7;70;60;60;318;8;3,5;
2023-01-09;2000;,4;917,3;1010,9;917,3;917;841,8;27;24,7;18,9;26,1;24,5;19,5;17,3;13;72;60;70;309;7;1;
2023-01-09;2100;1,2;918,2;1013,7;918,2;917,3;193,5;25;19,2;null;24,7;19,2;19,9;17,4;12,9;100;69;null;273;9,9;6,4;
2023-01-09;2200;3,4;918,4;1013,9;918,5;918,2;10,1;22;19,3;null;19,3;19,1;null;null;12,8;null;null;null;179;9,9;1;
2023-01-09;2300;,8;919,4;1015;919,4;918,4;-1,5;21;19,3;null;19,3;19,1;null;null;12,8;null;null;null;125;2,4;1,1;
2023-01-10;0000;,4;919,4;1015;919,4;919;-1,6;21;19,3;null;19,3;19,2;null;null;12,8;null;null;null;141;3;1,2;
2023-01-10;0100;,4;919,9;1015,5;919,9;919,4;-1,4;21;19,4;null;19,4;19,3;null;null;12,8;null;null;null;128;2,7;1,1;
2023-01-10;0200;,4;920,4;1016,2;920,6;919,9;,1;21;19;null;19,8;19;null;null;12,7;null;null;null;356;8,6;3,9;
2023-01-10;0300;2,6;920,5;1016,3;920,5;920,1;-,2;20;19,1;null;19,3;19;null;null;12,7;null;null;null;331;8,6;2,1;
2023-01-10;0400;3,8;920,3;1016,2;920,5;920,3;-1,1;20;18,8;null;19,1;18,8;null;null;12,7;null;null;null;312;4,2;1,1;
2023-01-10;0500;1,6;920,2;1016;920,3;920,2;-1,4;20;19;null;19;18,8;null;null;12,7;null;null;null;229;3,2;2,3;
2023-01-10;0600;1;920;1015,8;920,2;920;-,9;20;18,8;null;19,1;18,8;null;null;12,7;null;null;null;306;3,9;1,4;
2023-01-10;0700;1,8;919,8;1015,7;920;919,6;-1,2;20;18,5;null;18,8;18,5;null;null;12,7;null;null;null;78;2,4;,6;
2023-01-10;0800;1,6;919,8;1015,7;919,8;919,7;-,8;20;18,6;null;18,6;18,5;null;null;12,6;null;null;null;81;1,1;,5;
2023-01-10;0900;1,4;920,4;1016,4;920,4;919,8;7,9;19;18,6;null;18,6;18,5;null;null;12,6;null;null;null;156;2;1,3;
2023-01-10;1000;,2;921;1016,9;921;920,4;87;20;19;null;19;18,6;null;null;12,8;null;null;null;135;2;1;
2023-01-10;1100;,4;921,1;1016,6;921,2;921;512,5;20;20,1;null;20,1;19;null;null;13,3;null;null;null;113;2,1;1;
2023-01-10;1200;,2;921,2;1016,2;921,3;921,1;1097;22;21,5;20,7;21,6;20,1;null;null;13,6;null;null;95;51;2,1;1,1;
2023-01-10;1300;,2;921,1;1015,9;921,2;921,1;1106,7;23;22,2;18,5;22,2;21,4;21,2;18,3;13,8;98;79;80;353;3,3;1,9;
2023-01-10;1400;0;921,3;1016;921,3;921,1;1534,8;24;22,6;18,4;22,9;22;19,8;17,7;13,7;85;75;77;332;5;2,6;
2023-01-10;1500;,2;921;1015,4;921,3;921;1398,6;25;23,3;19,2;23,4;22,6;19,8;18,2;13,6;80;74;78;332;4,3;2,1;
2023-01-10;1600;0;921;1015,4;921,1;921;1383,7;26;23,5;18,2;24;23,2;19,8;17,8;13,7;80;70;72;311;5,1;2,6;
2023-01-10;1700;0;920,5;1015,1;921,1;920,5;1210,7;26;22,6;18,5;23,6;22,6;18,8;16,9;13,3;78;67;78;337;6,7;2,3;
2023-01-10;1800;0;919,3;1013,9;920,5;919,3;967;25;22,3;20,6;22,6;22,1;21,5;17,9;13,5;96;76;90;327;4,3;1,2;
2023-01-10;1900;0;917,9;1011,5;919,3;917,9;2288,2;26;24,9;19,1;25;22,2;22,1;17,9;13,7;97;66;70;289;3,4;1,6;
2023-01-10;2000;0;917,9;1011,5;917,9;917,7;1847;27;24,9;17,2;25,8;24,3;19,5;17,2;13,3;71;62;62;302;3,6;1,8;
2023-01-10;2100;0;918;1011,6;918,1;917,9;1093,2;28;25;18,3;25,9;24,8;18,6;17,2;13;67;60;67;278;3,2;1,4;
2023-01-10;2200;0;918,8;1013,5;918,8;918;98,3;26;21,9;18,8;24,9;21,6;19,3;17,9;12,8;86;67;83;148;2,5;,9;
2023-01-10;2300;0;919,3;1014,4;919,3;918,7;-3;23;20,8;20,8;21,9;20,8;21,1;18,8;12,8;100;82;100;181;1,9;1,1;
2023-01-11;0000;0;920;1015,3;920;919,3;-3,4;22;20,4;null;21,1;20,3;21;20,6;12,8;100;99;null;146;2,2;1,1;
2023-01-11;0100;0;920,6;1016,1;920,6;920;-3,2;22;20,1;null;20,4;20,1;null;null;12,8;null;null;null;175;2,2;,5;
2023-01-11;0200;0;921;1016,5;921;920,6;-2,7;21;20,1;null;20,3;20;null;null;12,8;null;null;null;176;1;,2;
2023-01-11;0300;0;920,4;1016;921;920,4;-2,8;21;19,6;null;20,1;19,6;null;null;12,7;null;null;null;136;2,5;1,1;
2023-01-11;0400;0;919,7;1015,3;920,4;919,7;-1,8;21;19,5;null;19,7;19,5;null;null;12,7;null;null;null;162;2;,8;
2023-01-11;0500;0;919,8;1015,2;919,8;919,7;-2,1;21;19,9;null;20;19,5;null;null;12,7;null;null;null;195;1,6;,7;
2023-01-11;0600;0;919,2;1014,7;919,8;919,2;-1,5;21;19,5;null;20;19,5;null;null;12,7;null;null;null;163;1,9;1;
2023-01-11;0700;0;919,2;1014,7;919,3;919,2;-1,9;21;19,6;null;19,7;19,5;null;null;12,7;null;null;null;164;1,8;,6;
2023-01-11;0800;0;919,4;1014,9;919,4;919,2;-2;21;19,6;null;19,7;19,5;null;null;12,7;null;null;null;199;1,2;,6;
2023-01-11;0900;0;920;1015,6;920;919,4;10,1;20;19,6;null;19,6;19,4;null;null;12,6;null;null;null;151;1,1;,6;
2023-01-11;1000;0;920,7;1016;920,7;920;219,5;21;20,5;null;20,5;19,6;null;null;13,2;null;null;null;150;1,7;,8;
2023-01-11;1100;0;921,1;1015,9;921,1;920,7;548,8;22;22,1;22;22,1;20,5;null;null;13,4;null;null;99;88;1,7;,5;
2023-01-11;1200;0;921,4;1015,9;921,4;921,1;1140,9;24;23,1;19,7;23,5;22,1;22,6;19,7;13,8;100;80;81;319;4,9;2,6;
2023-01-11;1300;0;921,2;1016,1;921,4;921,2;1418,2;24;22;22;23,5;21,7;22,4;19,4;13,6;100;81;100;311;7;2,4;
2023-01-11;1400;5,2;921,1;1016,2;921,4;921;810,7;23;21,3;21,3;22,4;20,2;22,4;20,2;13,5;100;99;100;290;6;1,7;
2023-01-11;1500;7,8;921;1016,5;921,2;920,7;453,6;22;20;null;21,9;19,5;null;null;13,6;null;null;null;177;8,4;1,7;
2023-01-11;1600;1;920;1014,4;921;920;2172,9;23;23;21,8;23,5;20;null;null;13,8;null;null;93;110;3,8;2,1;
2023-01-11;1700;2,6;919,1;1013,5;920;919,1;1448,2;24;22,8;21,8;23,1;20,3;22,5;19,7;13,9;100;82;95;114;6,7;1,2;
2023-01-11;1800;,6;918,5;1013,1;919,1;918,5;1303,5;25;21,9;21,4;23,8;21,8;23;19,7;13,9;100;84;97;88;6,4;2,6;
2023-01-11;1900;,2;918,1;1012,7;918,6;918;1689,6;25;22;21;23,3;21,9;23;18,6;13,2;100;79;94;115;6,4;1,7;
2023-01-11;2000;0;918,3;1013,3;918,4;918;353,4;24;20,9;20,9;22;20,9;21,4;20,9;13,1;100;94;100;130;6;2,1;
2023-01-11;2100;1;918,1;1013;918,5;918,1;632,8;23;20,9;null;21,6;20,7;null;null;13,1;null;null;null;134;5;,7;
2023-01-11;2200;,2;918,3;1013,6;918,4;918;72,4;22;19,9;null;20,9;19,9;null;null;12,8;null;null;null;134;3,6;1,3;
2023-01-11;2300;,2;918,5;1013,9;918,6;918,2;-2,6;21;19,7;null;19,9;19,7;null;null;12,8;null;null;null;120;2,7;1;
2023-01-12;0000;,2;919,2;1014,6;919,2;918,4;-3,2;21;19,9;null;20,1;19,7;null;null;12,8;null;null;null;142;3,5;1,4;
2023-01-12;0100;0;919,9;1015,4;919,9;919,2;-3;21;19,9;null;20;19,8;null;null;12,8;null;null;null;125;3;1,4;
2023-01-12;0200;0;920;1015,5;920,4;919,9;-2,7;21;19,9;19,9;20,1;19,9;null;null;12,7;null;null;100;105;3,9;1,1;
2023-01-12;0300;,2;919,6;1015,1;920;919,5;-2,6;21;19,6;null;19,9;19,5;null;null;12,7;null;null;null;128;4,2;1,6;
2023-01-12;0400;0;918,9;1014,4;919,6;918,9;-3,2;20;19,4;null;19,6;19,4;null;null;12,7;null;null;null;128;3,5;1,1;
2023-01-12;0500;0;918,6;1014,1;918,9;918,6;-3;20;19,4;null;19,5;19,2;null;null;12,7;null;null;null;129;2,9;1,2;
2023-01-12;0600;,2;919,2;1014,8;919,2;918,4;-2,7;20;19,3;19,3;19,4;19,2;null;null;12,7;null;null;100;323;4;1,9;
2023-01-12;0700;,4;918,9;1014,7;919,2;918,9;-1,9;20;18,6;null;19,6;18,5;null;null;12,7;null;null;null;312;10,6;2,3;
2023-01-12;0800;1,8;918,8;1014,6;918,9;918,7;-2,1;19;18,7;null;18,7;18,4;null;null;12,6;null;null;null;333;5,3;1,3;
2023-01-12;0900;,4;919,4;1015,2;919,4;918,8;1,8;19;18,8;null;18,9;18,7;null;null;12,6;null;null;null;308;2,7;,7;
2023-01-12;1000;3,4;919,9;1015,7;920;919,4;80,1;20;18,8;null;18,9;18,7;null;null;12,7;null;null;null;336;3,3;1,7;
2023-01-12;1100;3,4;919,6;1015,1;920;919,5;416;20;19,7;null;19,7;18,8;null;null;13,3;null;null;null;101;3,3;,9;
2023-01-12;1200;,4;919,3;1014,2;919,6;919,2;1435;22;21,5;19,1;22,4;19,7;null;null;13,9;null;null;86;85;4,1;1,7;
2023-01-12;1300;,4;919,4;1013,5;919,5;919,3;2457,5;24;23,7;20,8;23,7;21,5;21,9;18,7;13,8;97;76;84;52;4,4;2,4;
2023-01-12;1400;0;919;1012,7;919,4;919;2763,5;26;24,8;19,6;25,1;23,2;21,8;18,7;13,8;85;71;73;47;5;2,7;
2023-01-12;1500;0;918,4;1011,8;919;918,4;3189,5;27;25,6;19,7;26;24,2;20,9;18,4;13,8;79;66;70;340;6,8;2,7;
2023-01-12;1600;0;917,4;1010,3;918,4;917,4;3643,7;29;26,8;18,3;27,3;25,6;20,7;17,8;13,6;71;57;60;346;8,2;3,6;
2023-01-12;1700;0;916,1;1008,9;917,4;916,1;2195;29;26,7;18,2;27,5;25,9;20,2;17,7;13,3;68;57;60;298;7,6;2,4;
2023-01-12;1800;0;915,7;1009,3;916,1;915,5;766,8;28;24;17,1;26,7;23,8;20,4;16,4;13,1;71;60;66;351;9,8;4,2;
2023-01-12;1900;4,8;915,3;1010;916,4;915,3;216,6;23;20,7;20,3;24;19,1;null;null;13,2;null;null;98;308;12,1;1,3;
2023-01-12;2000;null;915,1;1008,4;915,5;914,9;1037,2;23;24,9;19,9;24,9;20,5;22,1;18,9;13,7;100;74;74;298;2,7;,9;
2023-01-12;2100;null;915;1009,1;915,3;914,9;771,1;25;22,3;22,3;25,5;22,3;22,6;18,9;13;100;71;100;192;2,8;,3;
2023-01-12;2200;null;916;1010,5;916;914,9;169,8;24;21,4;null;22,7;21,4;22,6;21,7;12,9;100;96;null;98;1,6;,7;
2023-01-12;2300;null;916,5;1011,4;916,5;915,9;-2,5;23;20,4;null;21,4;20,4;null;null;12,8;null;null;null;209;2,5;,9;
2023-01-13;0000;null;917,2;1012,4;917,2;916,4;-3,5;21;19,7;null;20,4;19,6;null;null;12,8;null;null;null;166;1,8;,6;
2023-01-13;0100;null;918;1013,3;918;917,2;-2,9;21;19,8;null;19,8;19,3;null;null;12,8;null;null;null;156;2;1,4;
2023-01-13;0200;null;918,1;1013,4;918,2;918;-1,9;21;19,7;null;19,9;19,3;null;null;12,8;null;null;null;174;2,3;,9;
2023-01-13;0300;null;917,9;1013,3;918,1;917,8;-1,9;21;19,4;null;19,8;19,3;null;null;12,7;null;null;null;152;2,1;1,2;
2023-01-13;0400;null;917,3;1012,4;917,9;917,3;-2,1;21;20,2;null;20,4;19,4;null;null;12,7;null;null;null;147;2,6;1,5;
2023-01-13;0500;null;916,4;1011,4;917,3;916,4;-2,2;21;20,1;null;20,4;20;null;null;12,7;null;null;null;144;3;1,3;
2023-01-13;0600;null;916,7;1012;916,7;916,3;-3,3;20;19,3;null;20,1;19,3;null;null;12,7;null;null;null;147;2,8;1,1;
2023-01-13;0700;null;916,8;1012,2;916,9;916,7;-3,1;20;19,2;null;19,5;19,1;null;null;12,7;null;null;null;139;2,4;1,3;
2023-01-13;0800;null;917,3;1012,7;917,3;916,8;-2,5;20;19,4;null;19,5;19,1;null;null;12,6;null;null;null;147;2,9;1,1;
2023-01-13;0900;null;917,9;1013,3;917,9;917,3;10,3;20;19,4;null;19,4;19,3;null;null;12,6;null;null;null;147;2,7;1,5;
2023-01-13;1000;null;918,7;1014;918,7;917,9;258,9;20;20,1;null;20,1;19,4;null;null;13,1;null;null;null;156;3;1,5;
2023-01-13;1100;null;919,3;1014,2;919,3;918,6;525,5;21;21,4;21,4;21,4;20,1;21,4;20,2;13,4;100;100;100;163;2,8;1,2;
2023-01-13;1200;null;919,7;1014;919,7;919,3;1563,9;24;23,4;19;24,6;21,4;22,5;18,8;13,7;100;73;76;314;2,7;1,2;
2023-01-13;1300;null;919,5;1013,6;919,7;919,4;1630,2;25;23,7;19,5;24,9;23,1;22,6;19,2;13,5;93;75;77;313;6,7;3,2;
2023-01-13;1400;null;919,5;1014,4;920;919,5;562,6;24;21,5;null;23,7;21;21,5;19,4;13,5;100;77;null;306;10,1;2,1;
2023-01-13;1500;null;918,8;1013,4;919,5;918,8;760,2;23;22;21,9;22;21,2;null;null;13,9;null;null;99;271;4,3;1,6;
2023-01-13;1600;null;918,3;1012,5;918,8;918,3;1572,5;24;23;21,5;23,4;21,9;22,3;19,9;13,4;99;82;91;292;4,7;2,3;
2023-01-13;1700;null;917,6;1010,9;918,3;917,3;2105,2;25;25,5;22,1;25,5;22,4;23,8;19,9;13,7;100;76;82;76;4,7;1,7;
2023-01-13;1800;null;916,5;1010,4;917,6;916,5;1466,7;27;23,6;23,1;25,6;23,4;23,1;19,5;13,3;97;73;97;131;4,7;1,2;
2023-01-13;1900;null;916,6;1011,1;916,7;916,3;515,1;26;21,6;21,6;24;21,4;23,3;19,7;13,2;100;83;100;137;4,9;1,5;
2023-01-13;2000;null;916,2;1010,6;916,6;915,5;465,2;24;21,9;21,9;21,9;21,4;21,9;21,5;13;100;99;100;35;4,6;1,4;
2023-01-13;2100;null;916,1;1010,7;916,3;916;141,4;23;21,4;null;21,9;21,4;null;null;13,2;null;null;null;135;3,4;1,3;
2023-01-13;2200;null;917,1;1011,9;917,1;916,1;121,2;23;21,1;null;21,4;21;null;null;12,9;null;null;null;108;3,3;1,5;
2023-01-13;2300;null;917,6;1012,5;917,6;917,1;-3,4;22;20,8;null;21,2;20,8;null;null;12,8;null;null;null;140;4,1;1,6;
2023-01-14;0000;null;918,8;1013,8;918,8;917,6;-3,2;22;21;21;21,1;20,7;null;null;12,8;null;null;100;122;3,9;1,9;
2023-01-14;0100;null;919,1;1014,1;919,1;918,8;-2,1;22;21;null;21,2;20,8;null;null;12,8;null;null;null;119;6,7;1,8;
2023-01-14;0200;null;919,6;1014,9;919,6;919,1;-1,7;22;20,2;20,2;21,1;20,2;21,1;20,2;12,7;100;99;100;154;6,3;,6;
2023-01-14;0300;null;919,5;1015;919,6;919,4;-2,9;21;19,7;null;20,3;19,7;null;null;12,7;null;null;null;57;2,4;,5;
2023-01-14;0400;null;919,6;1015,1;919,6;919,4;-2,4;21;19,7;null;20;19,6;null;null;12,7;null;null;null;58;2,3;,9;
2023-01-14;0500;null;918,9;1014,5;919,6;918,9;-1,6;20;19,3;null;19,7;19,1;null;null;12,7;null;null;null;37;5,7;1,4;
2023-01-14;0600;null;918,6;1014,3;918,9;918,6;-1,8;20;18,9;null;19,3;18,8;null;null;12,7;null;null;null;149;3;,4;
2023-01-14;0700;null;918,7;1014,3;918,7;918,5;-2;20;19,1;null;19,2;18,8;null;null;12,7;null;null;null;321;2,9;1,4;
2023-01-14;0800;null;919,2;1014,8;919,2;918,7;-1,7;20;19,2;null;19,3;19;null;null;12,6;null;null;null;304;4,7;2,2;
2023-01-14;0900;null;919,7;1015,5;919,7;919,2;10,9;20;18,7;null;19,2;18,6;null;null;12,6;null;null;null;306;7,2;2;
2023-01-14;1000;null;919,9;1015,3;919,9;919,7;540,2;20;20;20;20;18,6;null;null;13,3;null;null;100;8;3,7;1,3;
2023-01-14;1100;null;920,1;1014,8;920,1;919,9;1502,5;22;22,1;19,5;22,1;19,9;20,7;18,7;13,8;100;82;85;7;5,8;2,8;
2023-01-14;1200;null;920;1014;920,1;919,9;2602,9;25;24,3;19,2;24,3;22;20,6;18;13,8;92;70;73;74;6,7;1,8;
2023-01-14;1300;null;919,7;1013,6;920;919,7;2799,6;27;24,4;17,9;25,4;23,6;19,6;17,4;13,8;78;64;67;339;4,9;2,4;
2023-01-14;1400;null;919,3;1012,7;919,7;919,2;3432;28;26;19;26,2;24,4;20,1;17,6;13,7;71;62;66;284;5,3;2,4;
2023-01-14;1500;null;918,7;1011,7;919,3;918,7;3690,4;29;27;17,8;27,2;25,9;19,2;16,8;13,7;66;53;57;272;5,6;2,1;
2023-01-14;1600;null;918,2;1010,9;918,7;918,2;3207,6;30;27,6;17,4;28,2;27;19,8;17;13,4;61;52;54;342;4,9;1,7;
2023-01-14;1700;null;917,8;1010,5;918,2;917,8;2348,9;31;27,6;19,3;29,4;27,2;19,9;17,3;13,3;62;49;60;269;4,4;2,7;
2023-01-14;1800;null;917,6;1009,8;917,9;917,6;2638,7;32;29,1;18,2;30;27,5;20,1;17,6;13,5;62;51;52;298;4,3;1;
2023-01-14;1900;null;917,3;1009,9;917,6;917,1;2366,8;31;27,6;19,3;29,2;25,9;21,1;17,8;13,6;71;52;61;254;6,8;2,2;
2023-01-14;2000;null;918,6;1014,4;919;917,1;788,3;27;18,5;null;29,5;18,4;null;null;12,9;100;53;null;268;11,8;6;
2023-01-14;2100;null;918,5;1014,1;918,7;918,4;60,5;22;19;null;19;18,4;null;null;12,9;null;null;null;139;8,6;,5;
2023-01-14;2200;null;919,2;1014,8;919,2;918,5;26,2;21;19,2;null;19,4;19;null;null;12,8;null;null;null;178;2;1,3;
2023-01-14;2300;null;919,4;1015;919,4;919,1;-2,3;21;19,2;null;19,4;18,9;null;null;12,8;null;null;null;130;2,8;1,1;
2023-01-15;0000;null;920,3;1016;920,3;919,4;-2,8;20;19,4;null;19,4;19;null;null;12,8;null;null;null;164;2,6;,8;
2023-01-15;0100;null;920,4;1016;920,5;920,3;-1,9;21;19,5;null;19,8;19,3;null;null;12,7;null;null;null;145;2,6;1,3;
2023-01-15;0200;null;920,3;1015,7;920,5;920,3;-2,2;21;20,1;null;20,2;19,5;null;null;12,7;null;null;null;153;3;1,4;
2023-01-15;0300;null;920,4;1015,9;920,4;920,3;-3;21;20;null;20,2;19,9;null;null;12,7;null;null;null;144;3,5;1,3;
2023-01-15;0400;null;920;1015,6;920,4;920;-2,4;21;19,5;null;20,2;19,5;null;null;12,7;null;null;null;156;2,9;,9;
2023-01-15;0500;null;919,3;1014,8;920;919,3;-1,9;20;19,6;null;19,6;19,2;null;null;12,7;null;null;null;157;3,1;1,5;
2023-01-15;0600;null;918,9;1014,2;919,3;918,8;-1,7;20;20,1;null;20,1;19,6;null;null;12,7;null;null;null;156;3,5;2;
2023-01-15;0700;null;918,9;1014,4;919,1;918,9;-2,9;20;19,5;null;20,3;19,5;null;null;12,6;null;null;null;140;3,2;1,4;
2023-01-15;0800;null;919,6;1015,2;919,6;918,9;-3,1;20;19,5;null;19,9;19,3;null;null;12,6;null;null;null;149;3,5;1;
2023-01-15;0900;null;920,4;1016;920,4;919,6;18,9;20;19,6;null;19,6;19,3;null;null;12,6;null;null;null;138;3,1;1,5;
2023-01-15;1000;null;921,2;1016,1;921,2;920,4;503,1;21;22;21,9;22;19,4;null;null;13,2;null;null;99;94;3;,9;
2023-01-15;1100;null;921,5;1015,8;921,5;921,2;1211;23;23,7;20,1;23,7;21,6;21,9;19,6;13,5;99;80;80;127;3,3;1,3;
2023-01-15;1200;null;921,5;1015;921,7;921,5;2097,4;26;26,3;20,5;26,3;23,7;21,2;19,9;13,7;83;70;71;136;3,1;1;
2023-01-15;1300;null;921,6;1014,8;921,6;921,5;2477,9;28;27,1;19,7;27,6;25,6;21,5;19,2;13,8;74;64;64;290;3,7;1,9;
2023-01-15;1400;null;921,4;1014,5;921,6;921,4;2907,8;29;27,3;19,6;28;26,8;21,4;18,9;13,4;72;59;63;292;4,6;1,8;
2023-01-15;1500;null;920,9;1013,8;921,4;920,9;2653,7;30;28;21,3;29,6;26,5;21,6;18,9;13,5;70;55;67;124;4,4;1,7;
2023-01-15;1600;null;920,3;1013;920,9;920,3;3623;31;28,4;21,1;29,9;26,8;21,6;18,5;13,5;72;53;65;56;5,1;2,3;
2023-01-15;1700;null;919,7;1012,1;920,3;919,7;3218,8;32;29,2;21,2;29,5;28,2;21,8;18,6;13,5;69;54;62;305;5,5;1,7;
2023-01-15;1800;null;918,4;1010,3;919,7;918,4;3338,5;33;30,1;19,3;30,8;29,1;20,9;16,5;13,6;62;42;52;196;4,6;1,9;
2023-01-15;1900;null;918,2;1011,4;918,4;918,1;2296,9;33;26;19,5;30,4;26;20,6;17,8;13,2;68;47;68;326;7,7;4,6;
2023-01-15;2000;null;918,4;1012,1;918,5;918,1;792,7;29;24,7;19,5;26;24,1;20,4;18,5;13,2;79;65;73;329;8,7;2,3;
2023-01-15;2100;null;918,8;1013;919,1;918,1;261,1;27;23,4;20,1;25;23,4;21,2;19,5;12,9;83;72;82;131;4,4;1,8;
2023-01-15;2200;null;919,3;1014;919,5;918,7;2,7;25;21,9;21,9;23,4;21,9;22,2;20,1;12,8;100;82;100;157;4,4;1,6;
2023-01-15;2300;null;919,7;1014,3;919,8;919;-3,5;24;22,3;22,1;22,3;21,6;null;null;12,8;null;null;99;185;6,5;2,8;
2023-01-16;0000;null;919,7;1014,5;919,8;919,5;-2,8;23;21,9;21,9;22,6;21,7;22,1;21,7;12,8;100;96;100;157;6,5;1,1;
2023-01-16;0100;null;920,6;1015,7;920,6;919,7;-3,5;23;21,3;null;22,1;21,1;null;null;12,8;null;null;null;307;2,6;1,3;
2023-01-16;0200;null;920,1;1015,3;920,9;920;-3,5;22;20,8;20,8;21,6;20,8;21,6;20,8;12,8;100;99;100;197;2,9;1,2;
2023-01-16;0300;null;919,7;1015;920,1;919,7;-3,5;22;20,4;null;20,8;20,3;null;null;12,7;null;null;null;164;2,9;,9;
2023-01-16;0400;null;919,6;1015;919,7;919,5;-3,4;21;19,9;null;20,4;19,7;null;null;12,7;null;null;null;153;2,6;1,5;
2023-01-16;0500;null;919,2;1014,6;919,7;919,2;-2,7;21;19,9;null;20,4;19,8;null;null;12,7;null;null;null;133;2,9;1,3;
2023-01-16;0600;null;918,9;1014,3;919,4;918,9;-2,6;21;19,9;null;20,1;19,9;null;null;12,7;null;null;null;150;2,5;1,2;
2023-01-16;0700;null;918,3;1013,6;918,9;918,3;-3,4;21;19,9;null;20,1;19,8;null;null;12,7;null;null;null;118;2,8;1,1;
2023-01-16;0800;null;918,6;1014;918,6;918,3;-3,5;21;19,7;null;19,9;19,5;null;null;12,6;null;null;null;146;2,4;1,1;
2023-01-16;0900;null;918,8;1014,2;918,8;918,5;9,1;21;19,8;null;19,9;19,5;null;null;12,6;null;null;null;145;2,7;1;
2023-01-16;1000;null;919,6;1014,6;919,6;918,8;298,4;21;21,1;21;21,1;19,5;21;20;13,2;100;100;100;120;3,8;1,1;
2023-01-16;1100;null;920;1014,3;920;919,6;1333,7;23;23,5;19,7;24,1;21,1;21,9;19,3;13,6;100;77;79;124;5;2,3;
2023-01-16;1200;null;920,4;1014,6;920,5;920;2019,7;26;23,8;19,9;25,1;23,5;20,5;19,3;13,7;82;72;79;106;6,9;2,4;
2023-01-16;1300;null;920,3;1014;920,4;920,3;1356,9;27;25,4;21,5;25,4;23,5;21,7;19,5;13,7;87;75;79;90;6,8;1,2;
2023-01-16;1400;null;920,1;1013;920,3;920,1;2558,5;28;27,5;21;27,7;25,2;22;20;13,6;79;64;68;60;5,1;2,4;
2023-01-16;1500;null;919,9;1012,8;920,1;919,9;3341,6;30;27,6;20,9;28,5;26,9;22,4;19,7;13,4;73;62;67;37;5,1;3,2;
2023-01-16;1600;null;918,7;1011,2;919,9;918,6;2677,3;31;28,4;20,7;29,3;27,2;22,3;19,9;13,5;69;59;63;78;5,1;1,6;
2023-01-16;1700;null;919,4;1014,4;919,4;918,7;1008,5;30;21,1;18,7;28,8;21,1;21,6;17,7;13,1;86;58;86;263;13,2;8;
2023-01-16;1800;null;919,1;1014;919,5;918,8;261,2;25;21,4;18,3;22,5;20,9;19,7;17,7;13,1;93;79;83;306;13,2;2,6;
2023-01-16;1900;null;918,3;1013,5;919,4;918,2;84,1;23;20,1;20,1;21,5;20,1;20,5;18,1;12,9;100;82;100;158;4,8;2;
2023-01-16;2000;null;918,1;1013,3;918,3;917,6;95,9;22;20,1;20;20,1;19,7;20;19,5;12,9;100;98;100;145;4,7;1,6;
2023-01-16;2100;null;917;1011,7;918,1;916,8;330;22;21,2;21;21,3;20,1;21,1;19,8;13,2;100;95;99;127;3,9;1,7;
2023-01-16;2200;null;917,5;1012,4;917,6;917;86,8;22;20,7;20,7;21,3;20,6;21,2;20,6;12,8;100;98;100;258;2,9;1,8;
2023-01-16;2300;null;918,6;1014,1;918,6;917,5;-3,5;21;19,4;null;20,8;19,4;null;null;12,8;null;null;null;111;4,1;,3;
2023-01-17;0000;null;919,6;1015,3;919,6;918,6;-3,5;21;19,1;null;19,4;19;null;null;12,8;null;null;null;122;1,2;,5;
2023-01-17;0100;null;919,7;1015,4;919,7;919,6;-3;20;19;null;19,2;18,9;null;null;12,7;null;null;null;153;1,5;1,1;
2023-01-17;0200;null;919,9;1015,6;920;919,5;-3,2;20;19,3;null;19,7;19;null;null;12,7;null;null;null;264;3,1;,8;
2023-01-17;0300;null;919,4;1015;920;919,4;-3,5;20;19,3;null;19,4;19;null;null;12,7;null;null;null;269;3,2;1,6;
2023-01-17;0400;null;918,6;1014,4;919,4;918,6;-3,1;20;18,6;null;19,3;18,6;null;null;12,7;null;null;null;45;2,8;1,1;
2023-01-17;0500;null;918,5;1013,9;918,7;918,5;-2,4;20;19,5;null;19,7;18,6;null;null;12,7;null;null;null;109;2,2;1;
2023-01-17;0600;null;918,6;1014,1;918,7;918,5;-2,3;20;19,5;null;19,8;19,2;null;null;12,7;null;null;null;290;2,6;,2;
2023-01-17;0700;null;919,1;1014,7;919,1;918,6;-3,1;20;19,2;null;19,6;19,1;null;null;12,6;null;null;null;271;1,5;,5;
2023-01-17;0800;null;919,5;1015,3;919,5;919,1;-3,1;20;18,7;null;19,3;18,7;null;null;12,6;null;null;null;132;2,1;,7;
2023-01-17;0900;null;919,7;1015,4;919,8;919,4;15,5;20;19,2;null;19,3;18,5;null;null;12,6;null;null;null;143;3;1,6;
2023-01-17;1000;null;920,2;1015,1;920,2;919,7;460;20;21,5;18,9;21,5;19,2;20,4;18,9;13;100;85;85;151;3,3;1,4;
2023-01-17;1100;null;920,8;1014,7;920,8;920,2;1314,6;23;24,8;18,6;24,8;21,5;19,6;17,6;13,5;88;65;68;77;4,6;1,3;
2023-01-17;1200;null;921,2;1014,8;921,2;920,8;2154,5;26;25,7;17,8;25,7;24,4;18,7;16,6;13,6;68;60;62;103;6,7;1,7;
2023-01-17;1300;null;921,5;1014,9;921,6;921,2;2939;28;26,4;17,4;26,5;25,6;19,1;16,7;13,6;65;56;58;43;6;2,8;
2023-01-17;1400;null;921;1014;921,5;921;3444,4;29;27,6;17,8;28,2;26,3;19,5;16,6;13,5;64;52;55;56;6;2,2;
2023-01-17;1500;null;920,8;1013,5;921,1;920,8;3802,4;30;28,6;16,6;29,1;27;19,2;15,3;13,5;61;46;49;67;6;1,8;
2023-01-17;1600;null;920,4;1012,8;920,8;920,4;3063,9;31;29,4;15,3;29,8;27,4;19;15;13,5;60;42;43;345;4,4;1,4;
2023-01-17;1700;null;919,5;1011,7;920,4;919,5;3070,4;32;29,6;17,2;30,8;28,1;19,4;14,5;13,5;55;40;48;56;4,3;1,4;
2023-01-17;1800;null;919;1011,5;919,5;919;2637,2;33;28,5;16,8;30,5;28,1;19,3;16,4;13,2;57;45;49;23;6,8;3,1;
2023-01-17;1900;null;918;1010,4;919;918;2159,9;32;28,6;17,2;30,2;27,1;18,7;15,4;13,5;59;41;50;54;6,8;2,2;
2023-01-17;2000;null;917,4;1009,7;918;917,4;1888;32;28,8;17,2;30,6;28,3;18,2;15,6;13,2;50;41;50;67;6,4;2,1;
2023-01-17;2100;null;917,7;1010,7;917,8;917,3;806,6;32;26,5;16,7;29,5;26,5;17,6;15,8;13;56;44;55;151;6;,7;
2023-01-17;2200;null;918,3;1012,2;918,3;917,6;37,7;28;24;17,2;26,5;24;18,5;16,8;12,8;69;55;66;177;2,5;1,1;
2023-01-17;2300;null;918,9;1013,4;918,9;918,3;-3,5;25;22,3;18;24,3;22;18,2;16,9;12,8;79;64;77;140;4;1,6;
2023-01-18;0000;null;919,7;1014,5;919,8;919;-3,5;23;21,9;18,4;22,5;21,5;18,5;17,7;12,8;81;75;81;100;2,9;,8;
2023-01-18;0100;null;920,3;1015,5;920,3;919,7;-3,5;22;20,7;20;22;20,7;20,7;18,1;12,8;97;80;96;172;2,3;1,1;
2023-01-18;0200;null;920,5;1016,1;920,8;920,3;-3,5;22;19,6;19,6;21,7;19,6;20,7;19,5;12,8;100;88;100;104;2,4;,5;
2023-01-18;0300;null;920,5;1016,2;920,6;920,5;-3,5;21;19,4;null;20;19,4;null;null;12,7;null;null;null;186;2;,6;
2023-01-18;0400;null;920,4;1015,5;920,7;920,3;-3,5;21;21,1;18,3;21,1;19;null;null;12,7;null;null;84;116;4,4;1,8;
2023-01-18;0500;null;920;1015,3;920,4;920;-3,5;21;20,5;18,8;21,4;20,4;19,5;17,6;12,7;95;79;90;174;4,4;,8;
2023-01-18;0600;null;919,8;1015;920;919,7;-3,3;21;20,5;18;20,8;20,4;19,1;17,6;12,7;93;82;86;133;2,9;1,1;
2023-01-18;0700;null;919,8;1015,1;919,8;919,7;-2,5;21;20,3;18,6;20,5;20,1;19,3;18;12,7;95;85;90;128;2,6;1,1;
2023-01-18;0800;null;920,4;1016;920,4;919,8;-2,6;21;19,7;18,9;20,3;19,6;19;17,9;12,6;96;86;95;138;3,2;1,3;
2023-01-18;0900;null;920,9;1016,8;920,9;920,3;11,5;20;18,9;18,7;19,7;18,5;19;18,3;12,6;100;95;99;143;2,6;1;
2023-01-18;1000;null;921,5;1016,7;921,5;920,9;370,6;20;21;17,9;21;18,8;19,8;17,7;12,9;100;82;82;117;1,8;,7;
2023-01-18;1100;null;922;1016,6;922;921,5;1262,9;23;23,2;17,9;23,8;20,8;18,8;17,4;13,4;89;68;72;63;6,4;2,2;
2023-01-18;1200;null;922,3;1016,1;922,3;922;2131,9;26;25,6;18,8;25,6;23,2;19,2;17,6;13,7;74;65;66;85;6,4;1,9;
2023-01-18;1300;null;922,5;1016,1;922,5;922,3;2894,5;27;26,1;18,5;26,5;25,1;19,6;17,7;13,6;68;60;63;19;6,4;3,8;
2023-01-18;1400;null;922,3;1015,4;922,5;922,3;2817,2;29;27,7;18,9;27,8;26,2;20,3;17,4;13,7;65;56;59;73;7,3;1,3;
2023-01-18;1500;null;921,8;1014,6;922,3;921,8;3108,8;30;28,4;18,3;28,7;27,2;20,4;17,2;13,5;63;52;54;53;5,4;2,1;
2023-01-18;1600;null;921;1013,4;921,8;921;3442,7;31;29,5;17,9;29,6;27;19,8;16,9;13,5;62;48;50;51;5,4;2,2;
2023-01-18;1700;null;920;1012,3;921;920;3080,2;32;29,6;17,2;30,5;28,1;19,3;16;13,6;58;45;47;37;4,6;2;
2023-01-18;1800;null;919,3;1011,6;920;919,1;2934,8;33;29,4;17,3;30,8;28,7;20,1;16,1;13,4;55;42;48;154;4,8;1,5;
2023-01-18;1900;null;919,2;1013,4;919,3;918,7;1704,9;31;23,5;17,9;30,3;23,5;19,1;16,4;13,3;71;43;71;286;9,6;5,3;
2023-01-18;2000;null;918,7;1013,2;919,6;918,7;688,4;27;22,5;17,5;24,4;22,2;19;17,4;13;79;71;73;337;9,6;3,1;
2023-01-18;2100;null;918,8;1013,5;918,9;918,1;234,5;24;21,8;19,4;22,5;21,5;20,8;17,5;13;96;73;87;197;6,6;1,5;
2023-01-18;2200;null;919,9;1014,9;919,9;918,8;60,3;23;21,2;21,2;21,8;21;21,4;18,8;12,8;100;83;100;19;2,3;1;
2023-01-18;2300;null;919,6;1014,8;920;919,5;-2,8;23;20,5;null;22,2;20,4;null;null;12,8;null;null;null;118;3;,6;
2023-01-19;0000;null;920,3;1015,6;920,3;919,5;-3,5;22;20,6;20,4;21,2;20,1;21,1;20,1;12,8;100;97;99;143;2,5;,5;
2023-01-19;0100;null;921;1016,6;921;920,3;-3,4;21;19,9;19,9;21,1;19,9;20,4;19,8;12,8;100;93;100;75;1,5;,5;
2023-01-19;0200;null;921,2;1016,9;921,3;921;-3,4;21;19,6;19,6;20,3;19,4;null;null;12,7;null;null;100;225;1,5;1;
2023-01-19;0300;null;920,7;1016,5;921,2;920,7;-3,5;20;19,1;19,1;19,8;19,1;19,8;19,1;12,7;100;98;100;114;1,6;,7;
2023-01-19;0400;null;920,7;1016,4;920,7;920,5;-3,4;20;19,3;19,3;19,7;18,8;19,5;18,8;12,7;100;98;100;116;1,9;,8;
2023-01-19;0500;null;920,2;1015,8;920,7;920,2;-3,1;20;19,6;19,4;19,6;19;19,6;19;12,7;100;99;99;173;2,3;1,5;
2023-01-19;0600;null;919,5;1015,2;920,2;919,5;-3,5;20;19,2;18,9;19,9;18,5;19,3;18,5;12,7;100;94;98;146;3,3;1,3;
2023-01-19;0700;null;919,1;1014,4;919,5;919,1;-3,5;20;20;19,2;20,1;19,2;19,5;18,9;12,7;99;95;95;118;5,5;2;
2023-01-19;0800;null;919,8;1015,5;919,8;919,1;-3,5;20;19,2;19,2;20;19,2;19,5;19,2;12,6;100;95;100;127;5,7;,9;
2023-01-19;0900;null;921,1;1017;921,1;919,8;13,2;20;18,9;18,9;19,9;18,7;19,7;18,8;12,6;100;98;100;315;3,5;1,7;
2023-01-19;1000;null;921,5;1017;921,6;921,1;313,5;20;20,3;20,3;20,6;18,9;20,5;19,1;13,1;100;98;100;114;4,4;,8;
2023-01-19;1100;null;921,7;1016,6;921,7;921,4;801,3;22;22;19,5;22;20,1;20,9;18,6;13,4;100;83;85;101;3;1,1;
2023-01-19;1200;null;921,5;1015,6;921,7;921,5;2188,5;24;24,5;18,9;24,5;22;21,3;18,2;13,8;95;69;71;112;4,2;1,9;
2023-01-19;1300;null;921,7;1015,5;921,7;921,4;2401;26;25,5;18,9;25,5;24;19,9;18;13,8;74;65;67;84;4,8;1,5;
2023-01-19;1400;null;921,3;1014,8;921,8;921,3;3641,6;28;26,3;19,5;27,3;25;20,4;17,8;13,7;71;60;66;55;6,1;2;
2023-01-19;1500;null;920,7;1013,6;921,3;920,7;3760,3;30;27,8;20,1;28,5;26,4;20,1;17,6;13,6;66;53;63;96;5,3;1,7;
2023-01-19;1600;null;920,2;1012,9;920,7;920,2;3236,8;31;28,4;16,7;29,5;26,8;20,1;16,4;13,4;63;47;49;18;5,3;2,8;
2023-01-19;1700;null;920;1015,6;920,2;919,8;821,7;28;19,6;19,2;28,5;19,6;19,3;16;13,2;98;48;98;132;10,9;2,6;
2023-01-19;1800;null;919;1013,5;920;918,8;1295,9;23;22,4;18,4;22,7;19,4;21,3;18,2;13,9;100;78;78;78;5,5;1,9;
2023-01-19;1900;null;917,8;1012,1;919,2;917,7;1470,2;25;22,6;18;23,9;21,9;19,1;17,8;13,1;81;70;75;307;6,9;1,3;
2023-01-19;2000;null;917,9;1012,5;917,9;917,3;326,5;24;21,7;17,8;23;21,7;19;17,4;13,1;83;74;79;269;4,4;2,1;
2023-01-19;2100;null;918,4;1013,4;918,5;917,9;140,5;23;20,9;20,8;21,7;20,4;20,9;17,5;13;100;79;100;332;3,2;,7;
2023-01-19;2200;null;919,1;1014,5;919,1;918,4;11,8;22;19,8;null;20,9;19,8;null;null;12,8;100;98;null;37;3,9;,3;
2023-01-19;2300;null;919,7;1015,3;919,7;919;-2,5;21;19,5;null;19,9;19,5;null;null;12,8;null;null;null;157;1,7;1;
2023-01-20;0000;null;920,4;1016;920,4;919,7;-2,1;21;19,7;null;20;19,5;null;null;12,8;null;null;null;64;2,7;,7;
2023-01-20;0100;null;921,5;1017,2;921,5;920,4;-2,2;21;19,6;null;19,8;19,6;null;null;12,8;null;null;null;325;2,1;1,3;
2023-01-20;0200;null;921,2;1016,9;921,6;921,2;-2,2;21;19,5;null;19,7;19,5;null;null;12,7;null;null;null;159;1,9;,9;
2023-01-20;0300;null;920,4;1016,1;921,2;920,4;-2,3;21;19,4;null;19,6;19,4;null;null;12,7;null;null;null;130;1,8;,9;
2023-01-20;0400;null;919,9;1015,5;920,5;919,9;-2,3;20;19,4;null;19,5;19,3;null;null;12,7;null;null;null;122;2,5;1,2;
2023-01-20;0500;null;919,5;1015,1;919,9;919,5;-2,2;20;19,3;null;19,4;19,3;null;null;12,7;null;null;null;124;3,2;1,1;
2023-01-20;0600;null;919,2;1014,8;919,5;919,1;-2;20;19,2;null;19,4;19,2;null;null;12,7;null;null;null;90;3,4;,5;
2023-01-20;0700;null;919,2;1014,9;919,3;919,2;-2;20;19,1;null;19,3;19,1;null;null;12,6;null;null;null;31;4;2,1;
2023-01-20;0800;null;918,4;1014,1;919,2;918,4;-2,1;20;18,8;null;19,1;18,7;null;null;12,6;null;null;null;77;5,3;1,5;
2023-01-20;0900;null;918,8;1014,5;918,8;918,4;3,6;20;18,9;null;18,9;18,7;null;null;12,6;null;null;null;102;5,4;1,7;
2023-01-20;1000;null;919,3;1014,8;919,3;918,8;270,7;20;19,6;null;19,6;18,8;null;null;13,3;null;null;null;101;6,2;1,4;
2023-01-20;1100;null;919,7;1015,1;919,7;919,3;573,1;21;19,9;19,9;20;19,5;20;19,6;13,3;100;99;100;115;4,5;1,1;
2023-01-20;1200;null;920,1;1015,6;920,1;919,7;449;21;19,9;null;20,1;19,7;null;null;13,4;100;100;null;120;3;1,1;
2023-01-20;1300;null;920,3;1015,7;920,3;920,1;566;21;20,2;null;20,3;19,9;null;null;13,4;null;null;null;73;3,3;,7;
2023-01-20;1400;null;920,2;1015,9;920,4;920,1;265,8;21;19,2;null;20,2;19,1;null;null;13,2;null;null;null;61;3,1;,8;
2023-01-20;1500;null;919,7;1015,2;920,2;919,7;571,1;21;19,7;null;19,8;19,2;null;null;13,7;null;null;null;115;2,9;1,2;
2023-01-20;1600;null;918,5;1012,8;919,7;918,5;1999,9;23;22,9;20;23,4;19,7;null;null;13,7;null;null;83;16;6,2;3;
2023-01-20;1700;null;917,3;1011;918,5;917,3;2463,9;25;24,3;19,1;24,6;22,5;22,3;18,6;13,8;95;70;73;16;8,3;3,6;
2023-01-20;1800;null;915,8;1008,9;917,3;915,8;2048,5;26;25,6;19,5;25,7;23,6;20,1;17,9;13,9;76;65;69;343;8,4;2,8;
2023-01-20;1900;null;915,6;1008,9;915,8;915,3;1104,2;27;25,1;18,1;25,8;24,8;19,6;17,7;13,2;71;63;65;284;5,4;2,7;
2023-01-20;2000;null;915,4;1009;915,6;915,4;409,4;26;23,9;18,7;25,1;23,8;18,8;17,7;13,2;73;64;73;278;5,7;2,6;
2023-01-20;2100;null;915,5;1009,7;915,5;915,2;535,6;26;22,3;21;24,5;22,3;21;18;13;92;68;92;226;4,7;2;
2023-01-20;2200;null;916;1010,4;916;915,5;84,8;24;21,7;21,4;22,4;21,5;21,5;21;12,8;100;92;98;117;3,3;1,1;
2023-01-20;2300;null;916,4;1011,2;916,4;916;-3,5;23;20,7;null;21,7;20,5;null;null;12,8;null;null;null;159;1,9;1;
2023-01-21;0000;null;917;1012,1;917;916,3;-3,5;22;20,2;null;20,8;20,1;null;null;12,8;null;null;null;166;1,5;,5;
2023-01-21;0100;null;917,7;1012,8;917,7;917;-2,4;21;20,2;null;20,5;20,1;null;null;12,8;null;null;null;49;1,2;,7;
2023-01-21;0200;null;918,1;1014,1;918,3;917,5;-1,1;21;17,8;null;20,3;17,8;null;null;12,8;null;null;null;318;11,4;4,1;
2023-01-21;0300;null;917,6;1013,4;918,1;917,6;-,7;20;18,2;null;18,2;17,8;null;null;12,7;null;null;null;296;8,2;1,9;
2023-01-21;0400;null;917,1;1012,8;917,7;917,1;0;19;18,4;null;18,4;18,2;null;null;12,7;null;null;null;281;4,1;2,1;
2023-01-21;0500;null;916,1;1011,7;917,1;916,1;-,5;19;18,3;null;18,4;18,2;null;null;12,7;null;null;null;302;3,3;1,6;
2023-01-21;0600;null;915,8;1011,3;916,1;915,8;-,5;19;18,5;null;18,5;18,3;null;null;12,7;null;null;null;291;3,9;2,1;
2023-01-21;0700;null;915,8;1011,4;915,8;915,7;-,9;19;18,3;null;18,5;18,3;null;null;12,7;null;null;null;288;4,2;2,1;
2023-01-21;0800;null;916,1;1011,7;916,1;915,7;-2,2;19;18,3;null;18,4;18,2;null;null;12,6;null;null;null;266;3,9;1,1;
2023-01-21;0900;null;916,4;1012,1;916,4;916,1;5;19;18,2;null;18,4;18,1;null;null;12,6;null;null;null;86;1,9;,7;
2023-01-21;1000;null;917,1;1012,7;917,1;916,4;85,3;19;18,6;null;18,6;18,2;null;null;12,8;null;null;null;144;1,3;,5;
2023-01-21;1100;null;917,3;1012,3;917,3;917,1;587,1;20;20,4;20,2;20,4;18,6;null;null;13,5;null;null;98;283;1,5;,5;
2023-01-21;1200;null;917,9;1012,8;917,9;917,3;986,4;22;21;20,4;21,1;20,4;20,9;19,6;13,7;100;94;96;297;4,8;2,7;
2023-01-21;1300;null;917,7;1012,2;918;917,7;1325,4;23;22,1;19,4;22,4;21;21,7;19,3;13,8;99;84;84;296;6,7;3,3;
2023-01-21;1400;null;917,5;1011,9;917,7;917,5;949,3;23;22,2;21,2;22,2;21,3;21,5;18,9;13,9;98;83;94;306;6,7;2,5;
2023-01-21;1500;null;917,1;1011,8;917,5;917,1;1535,1;24;21,4;21,4;22,9;21,4;22,5;19,3;13,6;100;83;100;310;6,9;2,8;
2023-01-21;1600;null;916,3;1010,3;917,1;916,3;1385,7;25;23;19,7;24,1;21,4;23,3;19,1;13,3;100;76;82;286;8,3;4;
2023-01-21;1700;null;916;1011,1;916,3;915,6;800,7;24;19,8;null;23,1;19,8;null;null;13,2;null;null;null;267;9,3;4,7;
2023-01-21;1800;null;915,3;1010;916;915,2;917,4;22;20,6;null;21,6;19,8;null;null;13,2;null;null;null;323;9,3;2,5;
2023-01-21;1900;null;914,8;1009,5;915,3;914,8;439,1;22;20,5;null;20,8;19,8;null;null;13,2;null;null;null;301;6,9;1,7;
2023-01-21;2000;null;914,7;1009,4;914,8;914,4;375,5;22;20,6;null;21,2;20,5;null;null;13;null;null;null;191;5,9;2,3;
2023-01-21;2100;null;915;1009,8;915,1;914,7;38,2;22;20,4;null;20,6;20,2;null;null;12,8;null;null;null;234;8,1;,8;
2023-01-21;2200;null;915,4;1010,2;915,4;914,9;32,2;21;20,4;null;20,5;20,3;null;null;12,8;null;null;null;19;2,5;,9;
2023-01-21;2300;null;915,9;1011,3;915,9;915,4;,7;21;19;null;20,4;19;null;null;12,8;null;null;null;285;7,6;2,7;
2023-01-22;0000;null;916,5;1012;916,6;915,9;-,8;20;18,8;null;19;18,8;null;null;12,8;null;null;null;332;4,1;1;
2023-01-22;0100;null;917,3;1012,7;917,3;916,5;-,7;20;19,2;null;19,2;18,8;null;null;12,8;null;null;null;271;2,2;,9;
2023-01-22;0200;null;917,4;1012,9;917,4;917,2;-1,8;20;18,9;null;19,2;18,7;null;null;12,7;null;null;null;272;2,1;1,1;
2023-01-22;0300;null;917,1;1012,6;917,4;917,1;-,9;20;19;null;19,2;18,8;null;null;12,7;null;null;null;356;2,7;,6;
2023-01-22;0400;null;916,8;1012,2;917,2;916,8;-,4;20;19,1;null;19,1;18,8;null;null;12,7;null;null;null;211;1,2;,5;
2023-01-22;0500;null;916,2;1011,5;916,8;916,2;-1,1;20;19,2;null;19,4;19,1;null;null;12,7;null;null;null;304;2,3;,6;
2023-01-22;0600;null;915,6;1011,1;916,2;915,6;,1;20;18,4;null;19,5;18,4;null;null;12,7;null;null;null;285;3,7;2,4;
2023-01-22;0700;null;915,5;1011,2;915,8;915,4;-,3;19;17,8;null;18,4;17,7;null;null;12,6;null;null;null;333;5,7;1,3;
2023-01-22;0800;null;916;1011,8;916;915,5;-,5;19;17,8;null;17,8;17,6;null;null;12,6;null;null;null;10;3,2;,2;
2023-01-22;0900;null;916,5;1012,2;916,5;916;3,7;19;18,1;null;18,1;17,8;null;null;12,6;null;null;null;192;1,3;,2;
2023-01-22;1000;null;917;1012,6;917;916,5;174,5;19;18,6;null;18,6;18,1;null;null;13;null;null;null;156;1,7;,5;
2023-01-22;1100;null;917,4;1012,6;917,4;917;397,7;20;20;null;20;18,6;null;null;13,3;null;null;null;293;2,5;,9;
2023-01-22;1200;null;917,6;1012,5;917,6;917,4;775,7;21;20,7;20,7;20,8;19,9;null;null;13,6;null;null;100;351;2,6;1,3;
2023-01-22;1300;null;917,5;1012,2;917,6;917,5;711,5;22;21,4;21,3;21,4;20,7;21,4;20,7;13,7;100;99;100;287;3,5;2,2;
2023-01-22;1400;null;917,1;1011,2;917,5;917,1;1822,2;24;23,1;20,1;23,2;21,4;22;19,2;13,9;100;80;83;293;5,3;2;
2023-01-22;1500;null;916,6;1010,4;917,2;916,6;1963;25;23,7;20,6;24,7;22,6;21,8;18,8;13,6;94;73;83;238;4,8;2,1;
2023-01-22;1600;null;916;1009,5;916,6;916;3193,1;27;24,6;19,1;26,5;23,7;21,1;18,5;13,5;84;64;72;225;5,4;2,8;
2023-01-22;1700;null;915,6;1010,3;916;915,5;1201,5;26;20,9;19,4;24,6;20,9;22,9;17,9;13,3;100;72;91;288;7,5;4,3;
2023-01-22;1800;null;914,2;1008;915,6;914,1;1022,3;24;23;21,2;23;19,7;null;null;13,9;null;null;90;314;8,7;,8;
2023-01-22;1900;null;913,9;1007,4;914,3;913,6;1500,6;25;23,8;22,7;23,9;22,9;22,7;18,5;13,7;97;74;94;306;3,1;1,8;
2023-01-22;2000;null;913,8;1006,6;913,9;913,5;1770,3;27;25,9;19,8;25,9;23,6;23,2;19,3;13,8;96;67;69;345;3,2;,9;
2023-01-22;2100;null;914,1;1007,1;914,2;913,7;1093,9;29;25,6;20,6;28,3;25,6;20,6;18,3;13,1;74;58;74;183;2;,6;
2023-01-22;2200;null;914,5;1008,5;914,5;914,1;78,1;27;22,6;20,6;25,6;22,6;23,2;19,1;12,8;96;73;89;147;3,1;1,1;
2023-01-22;2300;null;915,7;1010,5;915,8;914,5;-2,3;24;20,7;20,7;22,6;20,7;21,6;18,9;12,8;100;81;100;305;7,1;3,7;
2023-01-23;0000;null;916,5;1011,7;916,5;915,7;-2,8;22;19,7;null;20,7;19,7;null;null;12,8;null;null;null;287;6,6;1,9;
2023-01-23;0100;null;917;1012,3;917;916,5;-2,1;21;19,6;null;19,8;19,5;null;null;12,8;null;null;null;294;2,9;2;
2023-01-23;0200;null;916,9;1012,3;917;916,8;-1,5;21;19,1;null;19,6;19,1;null;null;12,8;null;null;null;300;2,9;1,1;
2023-01-23;0300;null;916,8;1012,2;917;916,8;-1,8;20;19,1;null;19,1;18,9;null;null;12,7;null;null;null;238;1,8;1,2;
2023-01-23;0400;null;916,8;1012,3;917;916,8;-1,9;20;18,8;null;19,1;18,7;null;null;12,7;null;null;null;12;1,7;,3;
2023-01-23;0500;null;916,2;1011,8;916,8;916,2;-2,6;20;18,5;null;18,9;18,4;null;null;12,6;null;null;null;147;1;,7;
2023-01-23;0600;null;915,9;1011,4;916,2;915,9;-2,2;20;18,6;null;18,8;18,5;null;null;12,7;null;null;null;135;1,6;,8;
2023-01-23;0700;null;915,7;1011,3;915,9;915,6;-1,3;20;18,2;null;18,6;18,2;null;null;12,7;null;null;null;185;1,8;,5;
2023-01-23;0800;null;916;1011,6;916;915,6;-2;19;18,2;null;18,3;18,1;null;null;12,6;null;null;null;139;1,5;,8;
2023-01-23;0900;null;916,7;1012,3;916,7;916;4;19;18,5;null;18,5;18,2;null;null;12,6;null;null;null;174;1,5;1;
2023-01-23;1000;null;917,5;1012,9;917,5;916,8;199,9;20;19,3;null;19,3;18,5;null;null;13,1;null;null;null;51;1,5;,3;
2023-01-23;1100;null;917,9;1012,9;917,9;917,5;547,6;21;20,7;null;20,7;19,3;null;null;13,5;null;null;null;187;1,2;,4;
2023-01-23;1200;null;918,1;1012,5;918,1;917,9;1570,9;23;22,6;20,9;22,7;20,7;21,9;19,3;13,8;100;83;90;318;3,1;1,5;
2023-01-23;1300;null;918;1011,9;918,1;918;1908,1;25;23,9;19,9;24,1;22,2;22,8;18,6;13,9;98;74;78;289;3,5;1,6;
2023-01-23;1400;null;918,1;1011,7;918,1;918;2174,9;26;24,9;20;24,9;23,5;20,7;18,9;13,7;82;73;74;291;5,4;3,3;
2023-01-23;1500;null;917,5;1010,9;918,1;917,5;2856,7;27;25,4;20;26,3;24,2;21;18,6;13,8;79;67;72;253;5,9;2,8;
2023-01-23;1600;null;916,6;1009,6;917,5;916,6;3769,4;28;26,4;19,2;26,8;24,8;21,2;18,1;13,6;77;61;64;301;5,9;3;
2023-01-23;1700;null;915,7;1008,4;916,6;915,7;2751;29;26,9;20;27,1;25,7;20,6;18,2;13,4;70;61;66;315;5,3;1,5;
2023-01-23;1800;null;914,7;1007,5;915,7;914,7;2077,6;29;26,4;19,9;27,5;26,1;20,8;18,4;13,7;69;58;68;315;6,5;2,1;
2023-01-23;1900;null;914,7;1008,5;915,1;914,7;628,2;27;23,3;20,1;26,5;23;21,1;18,4;13,2;89;63;82;232;8,8;3,4;
2023-01-23;2000;null;914,6;1008,3;914,8;914,6;684,3;26;23,5;20,1;23,6;23,2;22,6;19,3;13,2;97;77;81;118;5,4;1,2;
2023-01-23;2100;null;915,7;1010,7;915,7;914,6;270,4;25;20;null;23,7;20;22,5;17,9;13;100;80;null;319;8,4;2,8;
2023-01-23;2200;null;915,8;1010,8;915,8;915,4;40,7;22;20;null;20,1;19,6;null;null;12,8;null;null;null;111;4,8;1,2;
2023-01-23;2300;null;916,7;1011,7;916,8;915,8;-,9;21;20,3;null;20,4;20;null;null;12,8;null;null;null;245;3,3;2,4;
2023-01-24;0000;null;917,1;1012,2;917,1;916,7;-1,6;21;20;null;20,6;20;null;null;12,8;null;null;null;148;3,3;1;
2023-01-24;0100;null;917,6;1012,8;917,6;917;-2,1;21;19,9;null;20,1;19,9;null;null;12,8;null;null;null;130;2,2;,7;
2023-01-24;0200;null;917,5;1012,7;917,6;917,5;-1,8;21;19,9;null;20;19,8;null;null;12,8;null;null;null;207;1,9;1,4;
2023-01-24;0300;null;917,2;1012,3;917,5;917,2;-2;21;20;null;20,2;19,9;null;null;12,7;null;null;null;81;2,7;,9;
2023-01-24;0400;null;916,2;1011,3;917,1;916,2;-2,3;21;19,7;null;20;19,7;null;null;12,7;null;null;null;110;1,5;,6;
2023-01-24;0500;null;915,7;1010,8;916,2;915,7;-3,1;21;19,6;null;19,8;19,4;null;null;12,7;null;null;null;180;1,6;1,1;
2023-01-24;0600;null;915,1;1010,2;915,7;915;-1,8;21;19,6;null;19,8;19,5;null;null;12,7;null;null;null;143;2,1;,6;
2023-01-24;0700;null;915,2;1010,3;915,2;915,1;-1,8;20;19,4;null;19,7;19,4;null;null;12,7;null;null;null;152;1,7;,9;
2023-01-24;0800;null;915,6;1010,7;915,6;915,1;-1,1;20;19,7;null;19,7;19,4;null;null;12,6;null;null;null;184;1,7;,7;
2023-01-24;0900;null;916,3;1011,5;916,3;915,6;1,1;21;19,7;null;19,9;19,5;null;null;12,6;null;null;null;306;2,5;1,4;
2023-01-24;1000;null;916,6;1011,7;916,6;916,3;28;21;19,8;null;19,8;19,6;null;null;12,6;null;null;null;319;2,8;1,4;
2023-01-24;1100;null;916,5;1011,4;916,6;916,5;275,1;21;20,4;null;20,4;19,8;null;null;13,2;null;null;null;330;3;1,4;
2023-01-24;1200;null;917,1;1011,9;917,1;916,5;827,3;22;21,1;null;21,3;20,4;null;null;13,6;null;null;null;315;3,5;2;
2023-01-24;1300;null;917,3;1011,7;917,4;917,1;1064,4;23;22,1;21,7;22,2;21;21,9;21,1;13,6;100;94;97;332;3,5;1;
2023-01-24;1400;null;917,3;1011,6;917,4;917,2;987,5;24;22,6;21,2;22,6;21,8;22,4;19,9;13,8;100;85;92;334;3,7;2,1;
2023-01-24;1500;null;917,1;1011,3;917,3;917,1;1491,9;25;22,8;21,3;23,7;22,5;22,4;19,1;13,5;98;78;91;282;6,3;3,6;
2023-01-24;1600;null;916,5;1010,3;917,1;916,5;1511,2;25;23,8;19,9;23,8;21,9;22,6;19,3;13,8;99;78;79;295;6;3;
2023-01-24;1700;null;915,8;1009,4;916,5;915,8;2210,1;26;24,3;19,2;24,7;23,7;20,1;18,9;13,8;81;71;73;259;6,1;3;
2023-01-24;1800;null;915,1;1008,4;915,8;915;1771,8;27;24,8;19;25,5;24,2;20,6;18,9;13,4;77;68;70;290;4,4;2,1;
2023-01-24;1900;null;914,3;1007,3;915,1;914,3;1348,4;27;25,6;20,7;25,6;24,5;20,8;19,4;13,8;79;70;74;279;4,1;2,2;
2023-01-24;2000;null;913,9;1006,9;914,3;913,9;1585,7;28;25,3;20;26,3;24,8;21,2;19,5;13,7;76;70;72;342;3,9;1,7;
2023-01-24;2100;null;914,5;1007,8;914,5;913,9;509,4;27;24,7;20,7;26,3;24,7;20,9;19,5;13;79;67;78;258;3;1,3;
2023-01-24;2200;null;915,1;1008,9;915,1;914,5;79,3;26;23,4;20,7;24,8;23,4;23,8;20,4;12,8;98;77;85;257;2;1,6;
2023-01-24;2300;null;915,8;1010;915,8;915,1;-3,3;24;22,3;22,3;23,4;22;22,8;20,4;12,8;100;85;100;209;1,9;,9;
2023-01-25;0000;null;916,4;1011;916,4;915,8;-3,4;23;21,4;null;22,3;21,4;null;null;12,8;null;null;null;91;1,5;,6;
2023-01-25;0100;null;916,9;1011,7;917;916,4;-3,4;22;20,9;null;21,5;20,9;null;null;12,8;null;null;null;207;1,5;,6;
2023-01-25;0200;null;917,3;1012;917,4;916,9;-3,2;22;21,2;17;21,5;20,2;null;null;12,8;null;null;77;150;4,6;2,1;
2023-01-25;0300;null;917;1012,5;917,3;916,9;-3,4;21;19;null;21,2;18,9;19,5;16;12,8;100;75;null;180;4,6;,6;
2023-01-25;0400;null;916,8;1012,6;917,1;916,8;-3,5;20;18,1;null;19;18;null;null;12,7;null;null;null;192;2;,4;
2023-01-25;0500;null;916,4;1012,3;916,8;916,4;-3,3;19;17,7;null;18,4;17,7;null;null;12,7;null;null;null;110;2,1;,9;
2023-01-25;0600;null;916,3;1012,3;916,5;916,3;-3,5;19;17,2;null;17,7;17,2;null;null;12,7;null;null;null;342;1,7;,7;
2023-01-25;0700;null;916,4;1012,1;916,4;916,2;-1,3;19;18;null;18;17,2;null;null;12,7;null;null;null;135;1,3;,7;
2023-01-25;0800;null;916,7;1012,5;916,7;916,2;-2,8;19;17,9;null;18;17,5;null;null;12,6;null;null;null;211;1,4;,5;
2023-01-25;0900;null;917;1012,8;917;916,5;6,4;19;18,1;null;18,1;17,5;null;null;12,6;null;null;null;116;2,6;,6;
2023-01-25;1000;null;917,4;1012,9;917,4;917;281,6;19;19,1;null;19,1;18,1;null;null;13,1;null;null;null;129;2,1;,9;
2023-01-25;1100;null;918;1012;918;917,4;1292,3;22;23,5;19,9;23,5;19,1;22,5;19,3;13,6;100;79;80;110;2,5;,6;
2023-01-25;1200;null;918;1011,9;918,1;918;1703,3;25;23,9;19,4;24,5;22,8;20,5;18,4;13,8;87;71;76;74;3,5;,7;
2023-01-25;1300;null;917,8;1011;918;917,8;3047,2;27;25,9;18,5;26;24;19,4;17,6;13,6;76;62;64;91;2,7;1,2;
2023-01-25;1400;null;917,6;1010,6;917,8;917,6;3516,8;28;26,6;18,7;27;25,1;19,8;17,6;13,8;68;56;62;71;3,1;1,5;
2023-01-25;1500;null;916,9;1009,7;917,6;916,9;3722,2;30;27;17,8;28,3;26,6;19,9;17;13,7;64;52;57;12;3,3;1,2;
2023-01-25;1600;null;916,2;1008,6;916,9;916,2;2926,3;30;28,1;16,6;28,6;26,6;20,2;16,6;13,3;64;49;50;199;null;1,2;
2023-01-25;1700;null;915,5;1007,6;916,2;915,5;2961,2;31;28,7;17;29,5;27,4;19,9;15,2;13,3;60;43;49;248;4,7;1,5;
2023-01-25;1800;null;914,7;1006,5;915,5;914,7;3361,2;31;29,3;15,8;29,8;28,2;17,2;12,9;13,6;51;36;44;204;7,7;3,3;
2023-01-25;1900;null;914,1;1005,8;914,7;914,1;2708,8;32;29,6;11,2;29,8;28,7;16,1;11,1;13,5;45;32;32;187;6,6;2,4;
2023-01-25;2000;null;913,6;1005,3;914,1;913,6;1922,2;32;29,2;12,9;29,9;29;15;12;13,3;42;32;37;197;6,3;2,6;
2023-01-25;2100;null;914,1;1006,3;914,1;913,6;1016,9;31;27,9;14,4;29,3;27,9;15,1;12,8;13;45;37;44;201;5,2;3;
2023-01-25;2200;null;914,3;1007,5;914,3;914;199,8;29;24,9;16,5;27,9;24,9;16,5;14,4;12,9;60;43;60;186;4,9;2,1;
2023-01-25;2300;null;915;1008,9;915;914,3;-3,2;26;22,9;17,4;24,9;22,4;17,8;16,5;12,8;74;60;71;122;3,5;,9;
2023-01-26;0000;null;915,8;1010,4;915,8;915;-3,5;24;21,2;17,4;23;21,2;17,9;17,3;12,8;80;71;79;157;2;1,1;
2023-01-26;0100;null;916,6;1011,6;916,6;915,8;-3,5;22;20,3;17,5;21,5;20,2;17,6;17,1;12,8;84;76;84;138;1,8;1,2;
2023-01-26;0200;null;917;1012,4;917;916,6;-3,3;22;19,2;19,2;20,3;19,2;19,8;17,5;12,8;100;84;100;151;2,1;,9;
2023-01-26;0300;null;916,7;1012,2;917;916,6;-3,5;21;18,7;null;19,5;18,7;null;null;12,7;null;null;null;179;2,4;,5;
2023-01-26;0400;null;916,3;1011,2;916,8;916,3;-3,4;20;20,4;20;20,4;18,4;null;null;12,7;null;null;98;147;4,3;1,7;
2023-01-26;0500;null;916,2;1011;916,4;916,1;-3,5;21;20,6;19,2;20,9;20;19,9;18,4;12,7;97;86;91;67;3,1;,8;
2023-01-26;0600;null;916,1;1010,8;916,2;916;-3,5;21;20,9;18,2;21;20,2;19,5;17,9;12,7;95;83;85;116;4,4;1,9;
2023-01-26;0700;null;916,1;1011,1;916,2;916;-3,5;21;20;19,7;21;20;20,2;18,3;12,7;99;85;98;91;4,4;1;
2023-01-26;0800;null;916,1;1011,1;916,1;916;-3,5;20;20,1;19,4;20,4;20;20;19,4;12,6;99;95;96;117;4,9;1,6;
2023-01-26;0900;null;916,7;1012;916,7;916,1;4,4;20;19,3;19,2;20,2;18,9;19,5;18,9;12,6;100;95;99;138;4,9;1,1;
2023-01-26;1000;null;917,1;1011,9;917,1;916,7;389,9;21;21;18,1;21;19,1;19,5;17,4;12,9;100;80;83;123;3,8;1,6;
2023-01-26;1100;null;917,6;1011,8;917,6;917,1;1257;23;22,9;18,4;22,9;21;18,4;17,4;13,5;84;74;76;108;8,1;2,6;
2023-01-26;1200;null;918;1011,7;918;917,6;1915,5;25;24,7;18,6;24,8;22,9;19,5;17,3;13,8;76;67;69;78;6,3;2,3;
2023-01-26;1300;null;918,3;1011,6;918,3;918;2614,6;26;25,8;19,4;25,8;23,8;19,8;17,5;13,7;73;64;68;62;7,4;2,2;
2023-01-26;1400;null;918,2;1011,4;918,3;918,1;3453,6;28;26,1;18,8;26,8;25,3;20;18;13,7;71;62;64;53;7,3;2,7;
2023-01-26;1500;null;917,7;1010,5;918,2;917,7;3743,2;29;27,2;18,8;27,4;26;20;17,4;13,6;66;56;60;61;7,3;2,4;
2023-01-26;1600;null;917;1009,5;917,7;917;3966,9;30;27,8;18,7;28,3;26,6;20,4;17,1;13,5;64;54;58;52;8,3;2,5;
2023-01-26;1700;null;916,3;1008,6;917;916,3;3442,4;30;28,4;19,2;28,9;27,1;20,2;17,4;13,7;62;50;57;55;6,3;2,3;
2023-01-26;1800;null;915,4;1007,5;916,3;915,4;3060,8;31;28,6;18,5;28,9;27,8;19,4;16,7;13,5;60;50;54;59;6,9;1,9;
2023-01-26;1900;null;914,3;1006;915,4;914,3;2762,1;32;29,6;18,1;29,7;28,4;19,4;15,9;13,6;59;45;50;89;4,9;1,2;
2023-01-26;2000;null;914,5;1007;914,5;914,2;1028,4;31;27;18,4;29,8;27;18,5;16,3;13;60;46;60;130;4,8;1,4;
2023-01-26;2100;null;914,6;1007,3;914,6;914,3;634,7;30;26,6;17,5;28,1;26,5;19,1;16,5;13;61;50;57;193;4,5;,8;
2023-01-26;2200;null;915,2;1008,9;915,2;914,6;86,3;28;23,8;18,2;26,8;23,4;19,2;17,3;12,8;75;57;71;172;3;,6;
2023-01-26;2300;null;915,9;1010,3;915,9;915,2;-3,4;25;21,7;18,7;24,4;21,7;18,7;17,7;12,8;83;66;83;151;2,5;1,4;
2023-01-27;0000;null;916,6;1011,4;916,6;915,9;-3,5;23;20,8;18,3;21,7;20,8;20,8;18,3;12,8;98;82;85;151;2,2;1,1;
2023-01-27;0100;null;917,2;1012,5;917,2;916,6;-3,5;22;19,4;18,9;20,8;19,4;20,3;18,2;12,8;100;85;97;139;2;,8;
2023-01-27;0200;null;917,6;1013,2;917,6;917,1;-3,5;20;18,7;18,3;19,4;18,6;19,4;18,3;12,8;100;97;98;143;2,3;1,3;
2023-01-27;0300;null;917,9;1012,9;917,9;917,5;-3,5;20;20,7;19,1;20,9;18,2;19,5;17,1;12,7;100;81;90;131;4,2;1,1;
2023-01-27;0400;null;917,9;1012,9;918;917,8;-3,5;21;20,5;20,3;20,7;19,9;20,3;19,2;12,7;100;90;99;107;5,1;1,2;
2023-01-27;0500;null;917,3;1012,3;917,9;917,2;-3,5;21;20,5;20,5;20,7;20,3;20,5;20,2;12,7;100;98;100;104;4,2;1,3;
2023-01-27;0600;null;917,1;1012,3;917,3;917,1;-3,3;21;19,9;null;20,6;19,8;20,6;19,8;12,7;100;99;null;142;3,5;,7;
2023-01-27;0700;null;916,8;1012;917,1;916,7;-3,4;21;19,7;null;19,9;19,7;null;null;12,7;null;null;null;122;3,1;,9;
2023-01-27;0800;null;917,1;1012,3;917,1;916,8;-3,5;20;19,8;null;20,1;19,6;20,1;19,7;12,6;100;100;null;99;4;1,2;
2023-01-27;0900;null;917,7;1012,9;917,7;917,1;4,6;20;19,9;19,9;20;19,4;null;null;12,6;null;null;100;60;4;1;
2023-01-27;1000;null;918,4;1013,2;918,4;917,7;269,5;21;21,3;20,6;21,4;19,6;null;null;13;null;null;96;121;3,6;,6;
2023-01-27;1100;null;919,1;1013,7;919,1;918,4;905,3;23;22,1;20;22,8;21,2;21,1;18,7;13,4;98;79;88;73;5,4;1,5;
2023-01-27;1200;null;919,6;1013,8;919,6;919,1;1044,2;24;23,4;18,9;23,8;22;21,3;18,6;13,6;96;76;76;77;5,4;1,2;
2023-01-27;1300;null;919,5;1013,5;919,7;919,5;1401,5;26;24,1;19;24,2;23,2;19,9;18,4;13,9;80;72;73;66;4,7;1,4;
2023-01-27;1400;null;918,9;1012,5;919,5;918,9;2262,6;27;25,1;19,8;25,6;24,1;20,7;18,4;13,8;77;67;73;44;5,4;2,2;
2023-01-27;1500;null;918,5;1011,5;918,9;918,5;3222,3;28;26,7;21,2;26,7;24,6;21,3;18,6;13,7;76;65;72;82;7,3;1,8;
2023-01-27;1600;null;918,6;1013,4;918,8;918,5;2445,6;28;21,5;21;27,3;21,4;21,3;17,6;13,4;97;63;97;295;7,1;2,5;
2023-01-27;1700;null;917,5;1011,6;918,6;917,4;2027;27;23,2;19;24,1;21,5;22,9;18,5;13,9;100;74;77;9;4,8;1,4;
2023-01-27;1800;null;917,5;1011,3;917,7;917,5;855,8;26;24,1;18,7;24,1;22,9;19,8;18,3;13,2;81;72;72;287;2,9;,2;
2023-01-27;1900;null;916,7;1010,2;917,5;916,7;820,9;26;24,7;19,5;24,7;23,4;20,7;18,6;13,8;84;70;73;36;2,7;,5;
2023-01-27;2000;null;917;1010,6;917;916,5;783,4;27;24,4;20,5;25;24,2;20,8;19,4;13,2;81;73;79;2;2,6;1;
2023-01-27;2100;null;917,1;1010,8;917,2;916,9;1084,5;27;24,3;20;26;24,3;21,1;19,4;13,1;80;71;77;126;5,1;1,1;
2023-01-27;2200;null;917,5;1011,8;917,5;917,1;257,6;26;22,6;19,3;24,3;22,6;19,8;19,1;12,9;83;75;82;92;3,6;,7;
2023-01-27;2300;null;918,3;1013;918,3;917,5;-3,3;24;21,7;21,7;22,6;21,7;21,8;19,3;12,8;100;82;100;152;2,1;,7;
2023-01-28;0000;null;919;1013,9;919;918,3;-3,3;23;21,4;21,4;21,8;21,4;21,8;21,4;12,8;100;99;100;137;2;,8;
2023-01-28;0100;null;919,1;1014,1;919,1;918,8;-3,5;23;21,1;21,1;21,4;21,1;21,4;21,1;12,8;100;100;100;115;4,1;1,1;
2023-01-28;0200;null;919,1;1014,2;919,2;919;-3,5;22;20,6;null;21,1;20,5;null;null;12,8;null;null;null;136;3;1;
2023-01-28;0300;null;919;1014,2;919,1;919;-3,5;21;20,4;null;20,6;20,2;null;null;12,7;null;null;null;124;3,4;1,4;
2023-01-28;0400;null;918,8;1013,8;919,1;918,8;-3,4;21;20,8;null;20,8;20,4;null;null;12,7;null;null;null;87;3,7;1,2;
2023-01-28;0500;null;918,6;1013,6;918,8;918,5;-2,6;22;20,8;20,8;21,1;20,8;null;null;12,7;null;null;100;59;3,7;,6;
2023-01-28;0600;null;918,6;1013,6;918,6;918,1;-2,1;22;20,9;20,9;20,9;20,6;20,9;20,6;12,7;100;100;100;113;3,8;,9;
2023-01-28;0700;null;918,8;1013,9;918,8;918,6;-1,3;22;20,7;null;20,9;20,6;null;null;12,7;null;null;null;94;3,1;1,1;
2023-01-28;0800;null;919,6;1014,9;919,6;918,8;-2,4;21;20,4;null;20,7;20,4;null;null;12,7;null;null;null;143;2,7;1,1;
2023-01-28;0900;null;920,6;1016;920,6;919,6;1,4;21;20,2;null;20,4;20,2;null;null;12,6;null;null;null;325;2,3;,7;
2023-01-28;1000;null;921,2;1016,6;921,2;920,6;148,3;21;20,5;20,4;20,8;20,2;20,8;20,3;12,9;100;100;100;326;4;1,1;
2023-01-28;1100;null;921,6;1016,9;921,6;921,2;308,8;22;21;20,6;21;20,4;20,7;20,1;13,3;100;97;98;327;3,1;1,4;
2023-01-28;1200;null;922,1;1017,2;922,1;921,6;711,3;23;21,5;20,5;21,7;21;21,2;19;13,5;99;84;94;295;4;2,4;
2023-01-28;1300;null;922,4;1017,3;922,4;922,1;1084,3;24;22,4;19,8;22,4;21,4;21,7;18,8;13,8;98;81;85;null;6,8;null;
2023-01-28;1400;null;922;1016,2;922,4;922;1917,6;25;24,2;19,6;24,2;22,4;20,6;18,9;13,8;87;75;76;269;6,8;3,9;
2023-01-28;1500;null;921,3;1015,1;922;921,3;2722,6;26;25,4;19,4;25,8;23,8;20,6;18,3;13,7;78;67;69;297;7;3,1;
2023-01-28;1600;null;920,4;1013,9;921,4;920,4;3414,4;28;25,8;19;26,5;25,1;20;18,1;13,7;72;63;66;281;6,9;3,4;
2023-01-28;1700;null;919,5;1012,8;920,4;919,5;3196,3;28;26,3;18,7;26,7;25,4;20;18,3;13,7;69;62;63;271;8,2;4,4;
2023-01-28;1800;null;919;1012,3;919,5;919;1836,2;28;26;18,1;26,7;25,7;20,1;18,1;13,2;68;61;62;263;8,2;3,1;
2023-01-28;1900;null;918,6;1011,6;919;918,5;1508,5;28;26,9;19,2;26,9;24,8;20,5;18,1;13,7;75;61;63;261;7,2;4,6;
2023-01-28;2000;null;918,5;1011,5;918,6;918,5;2361,6;29;26,9;18;27,5;26,7;19,8;17,3;13,7;65;55;58;274;7,6;4,3;
2023-01-28;2100;null;918,9;1012,1;918,9;918,5;1359,9;29;26,2;19;27,2;26,2;19,1;16,9;13,1;65;54;65;252;6,9;3,4;
2023-01-28;2200;null;919,6;1013,6;919,6;918,9;198,4;27;24,2;19;26,2;24,1;19,4;18,8;12,9;74;65;73;189;5,7;1,7;
2023-01-28;2300;null;920,1;1014,8;920,1;919,5;-3,3;25;22,2;18,5;24,2;22,2;19,6;18,5;12,8;81;72;80;121;3,9;1,7;
2023-01-29;0000;null;920,7;1015,7;920,7;920,1;-3,4;24;21,4;18,8;22,2;21,4;19,3;18,5;12,8;88;80;85;120;4,7;2,4;
2023-01-29;0100;null;921,1;1016,3;921,1;920,7;-3,5;23;21,1;21,1;21,4;21;21,1;18,8;12,8;100;85;100;121;4,7;1,1;
2023-01-29;0200;null;921,1;1016,5;921,4;921;-3,2;22;20,5;20,5;21,1;20,5;21,1;20,5;12,8;100;98;100;134;3;1,1;
2023-01-29;0300;null;921,4;1016,8;921,4;921,1;-3;22;20,5;20,3;20,5;20,4;20,5;20,3;12,7;100;98;98;147;2,9;1,7;
2023-01-29;0400;null;920,8;1016,1;921,4;920,8;-2,6;22;20,6;20,4;20,6;20,4;20,5;20,2;12,7;100;98;99;138;3,1;1,5;
2023-01-29;0500;null;920,3;1015,7;920,8;920,3;-3,5;21;20,1;null;20,6;20,1;null;null;12,7;null;null;null;128;2,9;,7;
2023-01-29;0600;null;919,7;1015,2;920,3;919,7;-3,1;21;19,8;null;20,1;19,8;null;null;12,7;null;null;null;111;4;1,3;
2023-01-29;0700;null;919,2;1014,8;919,7;919,2;-3,5;21;19,2;null;19,8;19,2;null;null;12,7;null;null;null;145;2,8;1,2;
2023-01-29;0800;null;919,2;1014,8;919,2;919,1;-2,9;20;19,2;null;19,3;19,1;null;null;12,6;null;null;null;139;2,5;1,2;
2023-01-29;0900;null;919,7;1015,3;919,7;919,1;3,5;20;19,3;null;19,4;19,1;null;null;12,6;null;null;null;134;2,4;1,1;
2023-01-29;1000;null;920,2;1015,3;920,2;919,7;425,7;21;20,9;20,5;21;19,3;null;null;13;null;null;97;137;3,3;1,4;
2023-01-29;1100;null;920,8;1015,6;920,8;920,2;1120;23;22,2;19,3;22,5;20,9;20,8;18,7;13,5;99;80;83;119;3,8;1,4;
2023-01-29;1200;null;921;1015,5;921;920,8;1282,7;25;23,2;19;23,3;22,2;20,2;18,5;13,6;84;76;77;159;3;,9;
2023-01-29;1300;null;920,8;1014,4;921,1;920,8;2661;27;25,7;18,1;26,1;22,9;20,6;17,7;13,8;79;62;63;51;2,7;1,3;
2023-01-29;1400;null;920;1013;920,8;920;3174,9;29;27,4;18,8;27,9;25,7;19;16,9;13,7;67;54;59;275;5;1,7;
2023-01-29;1500;null;918,9;1011,8;920;918,9;3199,4;29;27,4;17,7;28,2;26,1;20,3;16,8;13,4;64;52;55;315;5;1,9;
2023-01-29;1600;null;918,1;1011,1;918,9;918,1;2458,7;30;26,6;19,1;28,4;26,6;19,6;16;13,4;63;49;63;203;5,5;3,1;
2023-01-29;1700;null;917,3;1010,5;918,1;917,3;1584,1;29;25,8;20,6;26,8;24,3;22,1;17,7;13,8;81;59;73;43;5,3;2,3;
2023-01-29;1800;null;919,2;1014,9;919,2;917,2;298,6;26;19;null;25,8;19;20,5;18,5;12,9;100;68;null;168;7,6;4;
2023-01-29;1900;null;918,6;1014,4;919,9;918,5;25,1;21;18,5;null;19,1;18,1;null;null;12,8;null;null;null;180;7,6;1,4;
2023-01-29;2000;null;918;1013,7;918,6;917,9;45,5;20;18,5;null;18,6;18,4;null;null;12,8;null;null;null;43;3,3;,9;
2023-01-29;2100;null;917,9;1013,5;918;917,8;88,2;20;18,8;null;18,8;18,5;null;null;12,9;null;null;null;16;1,8;,6;
2023-01-29;2200;null;918,5;1014,2;918,5;917,9;31,3;20;18,8;null;19;18,8;null;null;12,8;null;null;null;106;1,5;,5;
2023-01-29;2300;null;918,9;1014,6;918,9;918,5;-2;20;18,8;null;18,9;18,7;null;null;12,8;null;null;null;161;1,3;,6;
2023-01-30;0000;null;919,3;1015,2;919,4;918,9;-2,3;20;18,5;null;18,8;18,5;null;null;12,7;null;null;null;151;2,5;1,3;
2023-01-30;0100;null;919,2;1015;919,4;919,2;-1,9;20;18,8;null;18,8;18,5;null;null;12,7;null;null;null;169;2,5;1,2;
2023-01-30;0200;null;919;1014,7;919,2;919;-1,6;20;18,8;null;19;18,8;null;null;12,7;null;null;null;31;2,8;,5;
2023-01-30;0300;null;918,8;1014,6;919;918,8;-1,6;20;18,7;null;18,8;18,6;null;null;12,7;null;null;null;174;1,8;1;
2023-01-30;0400;null;918,1;1013,8;918,8;918,1;-1,5;20;18,7;null;18,7;18,5;null;null;12,6;null;null;null;142;3,1;1,5;
2023-01-30;0500;null;917,7;1013,3;918,1;917,7;-1,1;20;18,9;null;18,9;18,7;null;null;12,6;null;null;null;141;3,1;1,4;
2023-01-30;0600;null;917,1;1012,7;917,7;917,1;-1,8;20;18,7;null;18,9;18,7;null;null;12,6;null;null;null;142;2,7;1,3;
2023-01-30;0700;null;917,3;1012,9;917,3;917,1;-1,8;19;18,8;null;18,8;18,7;null;null;12,6;null;null;null;127;3;1,6;
2023-01-30;0800;null;917,8;1013,3;917,8;917,2;-,4;19;19;null;19;18,7;null;null;12,6;null;null;null;131;3,3;1,6;
2023-01-30;0900;null;918;1013,5;918;917,5;4,1;20;19,1;null;19,1;18,9;null;null;12,6;null;null;null;131;4,1;1,5;
2023-01-30;1000;null;918,9;1014,2;918,9;918;262,5;20;20;null;20;19;null;null;13,2;null;null;null;135;3,4;1;
2023-01-30;1100;null;919,5;1014,5;919,5;918,9;661,4;21;21,2;20,8;21,2;20;null;null;13,6;null;null;98;172;2,5;,8;
2023-01-30;1200;null;919,8;1014,4;919,8;919,5;1392,4;23;22,3;18,7;22,9;21,2;22;18,7;13,8;100;79;80;147;2,7;1,2;
2023-01-30;1300;null;919,8;1014,1;919,9;919,7;1634,9;25;23,4;19,3;23,8;22,2;21;18,8;13,8;92;76;78;56;2,6;,8;
2023-01-30;1400;null;919,5;1013,3;919,8;919,5;2438,8;27;24,8;18,4;25,5;23,4;20,7;18,4;13,7;80;68;68;349;3,5;1,7;
2023-01-30;1500;null;918,8;1012,1;919,5;918,8;2966,7;28;26;18,1;26,2;24,8;20,1;17,7;13,7;71;61;62;null;5,1;null;
2023-01-30;1600;null;917,7;1010,5;918,8;917,7;4244,1;29;27,1;17,2;27,5;25,8;20,1;16,6;13,5;68;53;55;null;null;null;
2023-01-30;1700;null;917,4;1011,6;917,8;917,4;1301,1;27;22,9;19,7;27,5;21,6;22,1;16,6;13,9;98;53;82;259;8,8;2,5;
2023-01-30;1800;null;916,9;1010,5;917,4;916,9;2621,4;27;24,5;19;25,1;22,9;22,9;18,9;13,8;98;71;71;149;5,8;,9;
2023-01-30;1900;null;916,5;1010,5;916,9;916,4;1207;27;23,3;19,8;24,8;23,3;20,7;18,9;13,2;82;70;81;37;4,5;2;
2023-01-30;2000;null;916,3;1010,4;916,6;916,3;580,1;26;22,9;22,3;23,4;22,5;22,8;19,6;13,1;100;80;96;323;4,8;,6;
2023-01-30;2100;null;916,6;1011;916,6;916,1;261;25;22,1;null;22,9;22,1;null;null;13;100;97;null;130;2,4;1;
2023-01-30;2200;null;917,7;1012,4;917,7;916,6;58,9;24;21,6;null;22,3;21,6;null;null;12,8;null;null;null;357;2,6;1,1;
2023-01-30;2300;null;918,1;1013,2;918,2;917,7;-3,4;23;20,4;20,4;21,8;20,3;21,7;20;12,8;100;95;100;127;5,9;,9;
2023-01-31;0000;null;918,6;1013,9;918,6;918,1;-2,8;22;20,1;null;20,5;20,1;null;null;12,8;null;null;null;111;2,2;,7;
2023-01-31;0100;null;919,6;1014,9;919,6;918,6;-2,1;21;20,2;null;20,2;20;null;null;12,8;null;null;null;145;2,3;1,1;
2023-01-31;0200;null;919,9;1015,3;919,9;919,6;-2,2;21;20;null;20,5;20;null;null;12,8;null;null;null;343;2,3;1,3;
2023-01-31;0300;null;920,1;1015,5;920,1;919,9;-1,9;21;20;null;20,3;20;null;null;12,7;null;null;null;296;4,9;2,6;
2023-01-31;0400;null;919,2;1014,7;920,2;919,2;-1,6;21;19,5;null;20;19,5;null;null;12,7;null;null;null;279;4,9;,6;
2023-01-31;0500;null;918,2;1013,8;919,2;918,2;-3,4;20;19;null;19,5;18,9;null;null;12,7;null;null;null;127;1,7;,5;
2023-01-31;0600;null;917,7;1013,3;918,2;917,7;-3,1;20;18,7;null;19;18,7;null;null;12,7;null;null;null;172;1,5;,8;
2023-01-31;0700;null;917,7;1013,5;917,8;917,6;-3,3;19;18,1;null;18,8;18;null;null;12,7;null;null;null;163;1,5;,7;
2023-01-31;0800;null;917,9;1013,6;917,9;917,6;-2,4;19;18,5;null;18,5;18;null;null;12,7;null;null;null;139;3,6;1,8;
2023-01-31;0900;null;918,7;1014,4;918,7;917,9;4,5;19;18,7;null;18,9;18,5;null;null;12,6;null;null;null;126;3,6;1,4;
2023-01-31;1000;null;919,4;1014,8;919,4;918,7;331,9;20;20;null;20;18,7;null;null;13;null;null;null;125;3,4;1,4;
2023-01-31;1100;null;919,5;1014;919,6;919,3;1251,5;22;22,5;20,8;22,5;20;21,5;19,9;13,6;100;87;90;102;3,5;1,4;
2023-01-31;1200;null;919,9;1013,9;919,9;919,5;2009,1;24;24,1;19,4;24,2;22,5;20,6;18,3;13,8;90;71;75;57;5,1;1,5;
2023-01-31;1300;null;919,9;1013,4;919,9;919,8;2928,2;26;25,8;20,5;25,8;24,1;20,5;18,5;13,7;76;67;73;74;4,6;1,9;
2023-01-31;1400;null;919,5;1012,9;919,9;919,5;2988,8;28;25,9;19,1;27,2;25,2;21,2;18,5;13,7;75;64;66;51;6,3;2,5;
2023-01-31;1500;null;919,3;1012,8;919,5;919,2;2108,2;28;25,6;20,3;26,5;23,5;21,7;18,5;13,8;85;64;73;null;6,1;null;
2023-01-31;1600;null;918,6;1012,2;919,3;918,6;3571,7;28;25,1;19,7;26;25;20,8;18,7;13,7;75;67;72;141;5,3;2,2;
2023-01-31;1700;null;918,4;1014;919,4;918,2;981,8;24;19;null;25,3;18,2;null;null;13,1;null;null;null;132;15,1;2,4;
2023-01-31;1800;null;917,8;1012,8;918,6;917,7;396,9;22;20,6;null;20,6;19;null;null;13,3;null;null;null;138;4,6;1,4;
2023-01-31;1900;null;917;1011,2;917,8;917;960,5;23;22,6;22,2;22,6;20,7;22,3;20,7;13,6;100;97;97;155;2,8;1,4;
2023-01-31;2000;null;917,2;1010,9;917,2;917;1031,8;25;24,4;20,9;24,7;22,6;22,8;19,8;13,1;100;78;81;59;2,8;,8;
2023-01-31;2100;null;917,8;1011,9;917,8;917,2;269,3;25;23,3;21,6;24,5;22,9;23,5;20,2;13;100;78;90;56;3,2;,9;
2023-01-31;2200;null;918,7;1013,2;918,7;917,8;56,6;24;22,5;null;23,3;22,3;null;null;12,8;null;null;null;310;2;,6;
2023-01-31;2300;null;919,1;1013,9;919,1;918,7;-2;23;21,6;null;22,5;21,6;null;null;12,8;null;null;null;129;1,8;1,1;
2023-02-01;0000;null;919,4;1014,4;919,4;919,1;-2,1;23;21,1;null;21,6;21,1;null;null;12,8;null;null;null;129;2,2;,9;
2023-02-01;0100;null;920,3;1015,5;920,3;919,4;-1,7;22;20,9;null;21,1;20,8;null;null;12,8;null;null;null;153;1,9;1;
2023-02-01;0200;null;920,4;1015,7;920,5;920,3;-1,6;22;20,4;null;20,9;20,4;null;null;12,8;null;null;null;175;2,1;,7;
2023-02-01;0300;null;919,8;1015;920,4;919,8;-2;22;20,6;null;20,6;20,3;null;null;12,7;null;null;null;155;1,6;,9;
2023-02-01;0400;null;919,5;1014,8;919,8;919,4;-1,4;21;20,3;null;20,6;20,2;null;null;12,7;null;null;null;179;1,6;,8;
2023-02-01;0500;null;919,1;1014,4;919,5;919,1;-2,6;21;20,2;null;20,7;20,2;null;null;12,7;null;null;null;135;1,5;,6;
2023-02-01;0600;null;918,7;1014,1;919,1;918,7;-3,3;21;19,8;null;20,2;19,7;null;null;12,7;null;null;null;185;1,4;,7;
2023-02-01;0700;null;918,7;1013,9;918,8;918,7;-2,6;21;20,2;null;20,3;19,6;null;null;12,7;null;null;null;120;1,8;,8;
2023-02-01;0800;null;919,3;1014,5;919,3;918,7;-1,6;21;20,4;null;20,6;20;null;null;12,6;null;null;null;284;4,5;1,7;
2023-02-01;0900;null;920;1015,4;920;919,3;-,3;21;20,1;null;20,5;20,1;null;null;12,6;null;null;null;222;3;1,5;
2023-02-01;1000;null;920,5;1016,1;920,6;920;11;21;19,6;null;20,2;19,6;null;null;12,6;null;null;null;129;3,9;1,2;
2023-02-01;1100;null;920,6;1016,2;920,7;920,5;78,9;21;19,8;null;19,8;19,6;null;null;12,8;null;null;null;87;2,3;,7;
2023-02-01;1200;null;920,7;1015,9;920,8;920,5;440,8;21;20,8;null;20,8;19,8;null;null;13,4;null;null;null;136;2,4;1,2;
2023-02-01;1300;null;920,8;1015,4;920,8;920,7;1161,3;23;22,7;22,6;22,7;20,8;null;null;13,9;null;null;99;127;3,1;1,4;
2023-02-01;1400;null;920,4;1014,3;920,8;920,4;3452,6;25;24,8;20,5;25;22,7;23,2;19,8;13,8;100;74;77;120;5,2;2;
2023-02-01;1500;null;920,2;1013,5;920,4;920,2;3847,2;27;26,5;21,5;26,5;24,5;22,8;19,8;13,6;83;69;74;65;5,9;1,4;
2023-02-01;1600;null;919,6;1013,6;920,2;919,6;2143,5;28;24;21,8;27,3;24;23,6;19,6;13,3;88;67;88;201;4,6;1,6;
2023-02-01;1700;null;918,7;1012,2;919,6;918,7;1466,3;26;25,5;24,7;25,5;22,7;24,9;19,8;13,7;100;79;96;50;6,5;1,6;
2023-02-01;1800;null;917,6;1010,3;918,7;917,6;3417,1;29;27,5;21,4;27,8;25,4;24,3;18,9;13,7;97;62;69;null;null;null;
2023-02-01;1900;null;917,3;1010,3;917,6;917;2164,7;30;26,6;20,3;28,5;26,5;21,6;18,6;13,2;72;56;68;67;4,2;1,3;
2023-02-01;2000;null;917,8;1013;918;917,2;141,9;26;20,1;null;26,8;19,9;20,5;17,6;12,9;100;65;null;316;8,4;2,8;
2023-02-01;2100;null;918,9;1014;918,9;917,8;16,6;23;20,6;null;20,8;20,1;null;null;12,8;null;null;null;207;5;1,8;
2023-02-01;2200;null;919,4;1014,6;919,4;918,9;2,2;22;20,4;null;20,8;20,4;null;null;12,8;null;null;null;222;3,9;1,3;
2023-02-01;2300;null;919,8;1015,2;919,8;919,4;-1,6;21;19,9;null;20,4;19,8;null;null;12,8;null;null;null;173;2,2;1;
2023-02-02;0000;null;920;1015,5;920;919,8;-1,7;21;19,9;null;20;19,8;null;null;12,8;null;null;null;111;2,3;,5;
2023-02-02;0100;null;920,8;1016,2;920,8;920;-2,3;21;20,2;null;20,2;19,9;null;null;12,8;null;null;null;244;1,7;,9;
2023-02-02;0200;null;920,5;1016;921;920,5;-1,2;21;20;null;20,2;19,8;null;null;12,7;null;null;null;143;3,6;1,1;
2023-02-02;0300;null;920;1015,4;920,5;920;-2,1;21;20,1;null;20,2;19,9;null;null;12,7;null;null;null;198;2,5;,5;
2023-02-02;0400;null;919,6;1015;920;919,5;-2,6;21;19,9;null;20,2;19,7;null;null;12,7;null;null;null;164;1,6;,6;
2023-02-02;0500;null;919;1014,4;919,6;919;-1,9;21;19,9;null;19,9;19,8;null;null;12,7;null;null;null;137;2,3;1,2;
2023-02-02;0600;null;918,7;1013,9;919;918,7;-2;21;20,3;null;20,3;19,8;null;null;12,6;null;null;null;142;2,9;1,4;
2023-02-02;0700;null;918,9;1014,1;918,9;918,7;-2;21;20,4;null;20,4;20,1;null;null;12,6;null;null;null;131;5;2,2;
2023-02-02;0800;null;919,2;1014,4;919,2;918,9;-1,3;21;20,4;null;20,5;20,2;null;null;12,6;null;null;null;127;4,7;1,9;
2023-02-02;0900;null;920,1;1015,4;920,1;919,2;,2;21;20,4;null;20,5;20,3;null;null;12,6;null;null;null;118;3,8;1,7;
2023-02-02;1000;null;920,9;1016,2;920,9;920,1;90,7;21;20,6;null;20,6;20,4;null;null;12,8;null;null;null;120;3,5;1,4;
2023-02-02;1100;null;921,1;1016,1;921,1;920,9;431,8;22;21,5;null;21,5;20,6;null;null;13,3;null;null;null;134;3,5;1,6;
2023-02-02;1200;null;921,6;1016,4;921,6;921,1;1022,5;23;22,5;22;22,6;21,5;22,3;20,8;13,5;100;90;97;135;3,6;1,5;
2023-02-02;1300;null;921,5;1015,5;921,6;921,5;1456,7;25;24,6;20,8;25;22,5;24,1;20,5;13,7;100;77;80;98;3,5;1,2;
2023-02-02;1400;null;921,5;1015;921,6;921,4;2224;27;26,2;21,3;26,2;24,6;22,1;20,2;13,8;87;72;74;46;4;1,9;
2023-02-02;1500;null;920,6;1013,8;921,5;920,6;2929,9;29;27;20,2;27,8;26,1;22,4;19,7;13,5;74;63;66;48;4,1;1,7;
2023-02-02;1600;null;919,2;1012,3;920,6;919,2;2265,1;30;26,9;19,3;28,5;26,8;21,3;19,1;13,4;70;59;63;242;3,4;1,1;
2023-02-02;1700;null;920,9;1016,7;921,2;919,1;295,5;26;19,2;null;27,3;19,2;null;null;13;null;null;null;69;14,5;1,3;
2023-02-02;1800;null;919,9;1015,5;920,9;919,9;55,5;22;19,4;null;19,5;19,2;null;null;12,9;null;null;null;41;3,5;,5;
2023-02-02;1900;null;919,2;1014,8;919,9;919,2;96,7;21;19,4;null;19,6;19,4;null;null;12,9;null;null;null;144;3,9;1,6;
2023-02-02;2000;null;918,4;1013,6;919,2;918,2;298,2;21;20,1;null;20,1;19,4;null;null;13,4;null;null;null;131;4,1;1,5;
2023-02-02;2100;null;919,2;1014,3;919,2;918,3;438,5;22;20,6;null;20,7;20,1;null;null;13,3;null;null;null;151;3,7;,9;
2023-02-02;2200;null;919,3;1014,7;919,4;919;65,5;22;20;null;20,6;20;null;null;12,8;null;null;null;130;4,1;1,7;
2023-02-02;2300;null;919,9;1015,3;919,9;919,2;-,6;21;20;null;20,1;19,9;null;null;12,8;null;null;null;171;4,9;1,5;
2023-02-03;0000;null;920,6;1016,1;920,6;919,9;-1,7;21;19,9;null;20,1;19,8;null;null;12,8;null;null;null;162;3,1;,7;
2023-02-03;0100;null;920,9;1016,6;921,1;920,6;-1,9;21;19,5;null;19,9;19,5;null;null;12,8;null;null;null;141;2,5;1,2;
2023-02-03;0200;null;921;1016,7;921,1;920,9;-2,9;21;19,5;null;19,6;19,4;null;null;12,8;null;null;null;131;2,5;1;
2023-02-03;0300;null;920,3;1016;921;920,3;-2,9;20;19,4;null;19,5;19,2;null;null;12,7;null;null;null;138;2,5;1,1;
2023-02-03;0400;null;919,7;1015,4;920,4;919,7;-2,7;20;19;null;19,4;19;null;null;12,7;null;null;null;198;2,3;1,1;
2023-02-03;0500;null;919,3;1015,2;919,7;919,3;-2,5;20;18,5;null;19,1;18,5;null;null;12,7;null;null;null;155;1,8;1;
2023-02-03;0600;null;918,7;1014,4;919,3;918,7;-3;20;18,7;null;18,7;18,4;null;null;12,7;null;null;null;145;3,1;1,7;
2023-02-03;0700;null;918,6;1014,2;918,7;918,5;-1,8;20;19,1;null;19,3;18,7;null;null;12,7;null;null;null;149;3,1;1,4;
2023-02-03;0800;null;918,7;1014,2;918,7;918,4;-1,6;20;19,3;null;19,3;19,1;null;null;12,7;null;null;null;135;4,6;2,4;
2023-02-03;0900;null;919,5;1015,2;919,5;918,7;,3;20;19,1;null;19,4;19,1;null;null;12,7;null;null;null;140;4,6;1,9;
2023-02-03;1000;null;920,4;1015,7;920,4;919,5;301,8;20;20,4;null;20,4;19,1;null;null;13,2;null;null;null;134;4,2;2,1;
2023-02-03;1100;null;920,4;1014,9;920,4;920,3;982,2;22;22,8;20;22,8;20,4;22,4;20;13,7;100;84;84;124;4,2;1,3;
2023-02-03;1200;null;920,5;1014,3;920,6;920,4;1708,1;24;24,9;20,9;25;22,6;22;19,3;13,8;96;76;79;88;3,2;1,2;
2023-02-03;1300;null;920,6;1013,7;920,7;920,5;3042,6;27;27,3;21,1;27,3;24,6;21,8;20,2;13,6;83;69;69;156;4,1;1,4;
2023-02-03;1400;null;920,4;1013,6;920,6;920,4;2847,8;29;26,9;21;28,5;25,9;21,3;18,2;13,6;74;57;70;256;6,2;3,6;
2023-02-03;1500;null;919,9;1013,1;920,4;919,9;2891,8;28;26,7;21,5;27,1;25,7;22;20,1;13,7;78;66;73;277;6,8;3,3;
2023-02-03;1600;null;919,3;1011,9;920;919,3;3329,7;29;28,2;21;28,3;26,5;21,7;19,8;13,5;73;62;65;324;6,7;1,9;
2023-02-03;1700;null;918,4;1010,8;919,3;918,4;3366,2;30;28,6;19;28,8;27,7;21,1;17,9;13,6;67;53;56;342;6,1;3;
2023-02-03;1800;null;917,5;1009,6;918,4;917,5;3384,4;31;29,3;17,8;29,3;28,6;19,4;16,1;13,6;57;46;50;339;8,1;3,2;
2023-02-03;1900;null;916,7;1008,7;917,5;916,7;2729,5;31;29,5;14,5;29,7;29,1;18,5;13,9;13,5;52;38;40;306;6,8;3,3;
2023-02-03;2000;null;916,3;1008,3;916,7;916,3;1874,8;31;29,1;14,1;29,7;29,1;17,1;13,9;13,3;47;38;40;343;6,2;3,4;
2023-02-03;2100;null;916,4;1008,7;916,4;916,2;950,2;31;28,3;14,4;29,2;28,1;15,1;13,8;13;45;38;43;321;6,9;2,2;
2023-02-03;2200;null;917,6;1011;917,6;916,4;119,2;29;25,2;16,5;28,3;25;17,7;14,9;12,9;62;42;58;305;4;1,4;
2023-02-03;2300;null;918,4;1012,6;918,4;917,6;-3,5;26;23,1;18,5;25,7;23,1;18,6;16,3;12,8;75;56;75;314;2,6;,9;
2023-02-04;0000;null;919,7;1014;919,7;918,4;-3,5;24;23,2;18;23,4;22;21;17,8;12,8;95;71;72;296;3,1;1,7;
2023-02-04;0100;null;921,4;1016,4;921,4;919,7;-3,5;24;21,7;18,1;23,5;21,6;18,3;17,9;12,8;81;72;80;279;11,3;5,1;
2023-02-04;0200;null;921,4;1016,7;921,4;921,3;-2,2;23;20,9;20,6;21,7;20,9;20,8;18,1;12,8;99;80;98;273;11,3;3,5;
2023-02-04;0300;null;921,5;1016,9;921,7;921,3;-1,4;22;20,5;20,5;20,9;20,5;20,7;20,5;12,8;100;98;100;259;5,5;2,2;
2023-02-04;0400;null;921;1016,5;921,5;921;-3;22;20;null;20,6;19,9;null;null;12,7;null;null;null;248;4;,5;
2023-02-04;0500;null;920,5;1016,2;921;920,5;-3,2;21;19,4;null;20;19,4;null;null;12,7;null;null;null;44;2,1;1,2;
2023-02-04;0600;null;920,1;1015,8;920,6;920,1;-3,5;21;19,2;null;19,4;19,1;null;null;12,7;null;null;null;52;1,8;,7;
2023-02-04;0700;null;920,5;1016,2;920,5;920,1;-2,6;20;19,5;null;19,5;19,1;null;null;12,7;null;null;null;314;1,6;,8;
2023-02-04;0800;null;920;1015,9;920,5;920;-3,2;20;18,7;null;19,5;18,7;null;null;12,7;null;null;null;153;2,8;,7;
2023-02-04;0900;null;919,8;1015,6;920;919,5;-,7;20;18,8;null;18,8;18,5;null;null;12,7;null;null;null;142;2,1;,7;
2023-02-04;1000;null;920,7;1016,2;920,8;919,8;226,3;20;19,9;null;19,9;18,6;null;null;13,1;null;null;null;171;1,8;,5;
2023-02-04;1100;null;920,8;1015,3;920,8;920,6;1191,4;22;22,9;18,4;23,2;19,9;20,9;17,1;13,8;100;71;76;300;2,3;1,3;
2023-02-04;1200;null;921,1;1015,3;921,1;920,7;1424,9;25;24;17,8;24;22,4;18,8;16,9;13,8;78;66;68;3;4,4;1,4;
2023-02-04;1300;null;921,4;1015,4;921,4;921,1;1574,2;26;24,8;17,8;24,8;23,7;18,7;16;13,8;72;61;65;302;3,3;1,4;
2023-02-04;1400;null;921,2;1014,5;921,4;921,2;3216,6;28;26,7;18,4;26,8;24,8;18,6;16,4;13,8;68;54;60;331;3,4;1,8;
2023-02-04;1500;null;920,8;1013,8;921,2;920,8;3161,3;29;27,7;18,2;27,9;26,2;20;16,5;13,7;64;50;56;280;6,4;3,8;
2023-02-04;1600;null;920,4;1013,4;920,8;920,4;3361,5;29;27,3;17,7;27,9;26,6;18,4;16,3;13,6;59;50;56;290;9,2;4,7;
2023-02-04;1700;null;919,9;1012,6;920,4;919,9;3689,4;30;28,1;18,4;28,6;27,1;19,9;17,4;13,5;62;52;56;288;10,1;5,4;
2023-02-04;1800;null;919,3;1011,8;919,9;919,3;3364,3;30;28,5;16,9;29;27,9;19,1;16,7;13,7;57;48;49;289;10,1;5,3;
2023-02-04;1900;null;918,9;1011,7;919,3;918,9;2196,7;31;27,7;17,3;29,3;27,7;19,2;16,6;13,3;57;48;53;304;8,2;3,9;
2023-02-04;2000;null;918,2;1011,2;918,9;918,2;720,6;29;26,9;18,5;27,7;26,9;18,8;17,3;13,1;62;53;60;295;6,6;2,5;
2023-02-04;2100;null;918,5;1011,7;918,5;918,1;451,4;28;26,2;19,4;27;26,2;19,4;18,3;13;66;59;66;247;5;2,5;
2023-02-04;2200;null;919,2;1013,1;919,2;918,5;84,3;27;24,2;20,5;26,2;24,2;20,5;19;12,8;80;65;80;42;3,6;,8;
2023-02-04;2300;null;919,7;1014,2;919,7;919,2;-3,5;25;22,7;22,6;24,2;22,7;22,9;20,3;12,8;100;79;100;321;1,9;1;
2023-02-05;0000;null;920,4;1015,3;920,4;919,7;-3,5;24;21,8;null;22,6;21,6;null;null;12,8;100;99;null;171;1,9;,5;
2023-02-05;0100;null;920,8;1015,9;920,8;920,4;-3,5;23;21,2;null;21,8;21,1;null;null;12,8;null;null;null;197;1,4;,9;
2023-02-05;0200;null;921;1016,3;921,1;920,8;-3,5;22;20,6;null;21,4;20,6;null;null;12,8;null;null;null;191;1,3;,6;
2023-02-05;0300;null;920,6;1015,9;921;920,6;-2,6;22;20,7;null;20,8;20,3;null;null;12,7;null;null;null;179;1,9;,6;
2023-02-05;0400;null;920,4;1015,8;920,6;920,3;-2,2;22;20,3;null;20,7;20,2;null;null;12,7;null;null;null;183;1,6;,9;
2023-02-05;0500;null;919,9;1015,3;920,4;919,9;-2,6;21;20;null;20,6;19,9;null;null;12,7;null;null;null;203;1,6;,6;
2023-02-05;0600;null;919,8;1015,1;920;919,7;-2;21;20,4;null;20,7;20;null;null;12,7;null;null;null;311;2,2;1;
2023-02-05;0700;null;919,9;1015,2;920;919,8;-2,2;21;20,4;null;20,7;20,4;null;null;12,7;null;null;null;275;2;,7;
2023-02-05;0800;null;920,1;1015,8;920,1;919,8;-3,4;21;19,4;null;20,4;19,4;null;null;12,6;null;null;null;155;1,4;,6;
2023-02-05;0900;null;920,9;1016,5;920,9;920,1;7,4;21;19,8;null;19,9;19,4;null;null;12,7;null;null;null;299;1,3;,6;
2023-02-05;1000;null;921,6;1017,2;921,6;920,9;170,1;21;20,1;null;20,4;19,8;null;null;13;null;null;null;102;2,1;,5;
2023-02-05;1100;null;922,3;1017,6;922,3;921,6;572,4;22;21,2;null;21,3;20,1;null;null;13,5;null;null;null;307;2,6;1,4;
2023-02-05;1200;null;922,6;1017,5;922,7;922,3;1699,2;24;22,5;19;23;21,2;22;18,2;13,7;100;77;81;321;7,3;3,4;
2023-02-05;1300;null;921,7;1015,7;922,6;921,7;2218,8;25;24,8;19,6;24,8;22,5;19,9;18,5;13,7;81;71;73;299;6,4;2,3;
2023-02-05;1400;null;920,4;1013,9;921,7;920,4;2593,7;27;25,9;19,7;25,9;24,4;19,8;17,8;13,7;73;65;69;259;5,7;2,9;
2023-02-05;1500;null;920,1;1013,5;920,5;919,9;2601;28;26,1;18,8;26,6;25,2;19,8;17,6;13,7;70;60;64;283;5,7;1,9;
2023-02-05;1600;null;919,6;1012,4;920,2;919,6;2419,4;29;27,7;19,1;27,9;26;20,2;18;13,5;69;56;60;290;3,9;,8;
2023-02-05;1700;null;919,5;1012,4;919,7;919,5;3076;31;27,5;18,5;28,4;27,2;20,7;18;13,5;65;54;58;344;6,9;3,7;
2023-02-05;1800;null;918,8;1011,6;919,5;918,8;2534,3;31;27,5;17,9;28,5;27,3;20,5;17,4;13,3;63;53;56;294;6,9;3,4;
2023-02-05;1900;null;918,1;1011,7;918,8;918,1;1017,3;29;24,9;19,6;27,6;24,9;19,9;17,8;13,2;74;55;73;211;6,7;2,6;
2023-02-05;2000;null;917,7;1011,2;918;917,6;590,3;28;25,1;20,1;25,5;24,9;20,9;19,6;13,1;78;71;74;106;3,7;,5;
2023-02-05;2100;null;917,8;1011,6;918;917,7;301,9;27;24,3;24,1;25,1;24,3;24,2;20,3;13,1;100;73;99;173;1,4;1,1;
2023-02-05;2200;null;918,5;1012,7;918,5;917,7;125,4;26;23,2;23,2;24,3;23,1;24,2;22;12,9;100;87;100;146;1,8;1,1;
2023-02-05;2300;null;919,1;1013,8;919,1;918,4;-3,5;24;22;null;23,3;21,9;null;null;12,8;null;null;null;43;2,4;1,8;
2023-02-06;0000;null;919,9;1014,9;919,9;919,1;-3,5;23;21,2;null;22;21;null;null;12,8;null;null;null;73;2,4;,5;
2023-02-06;0100;null;920,4;1015,4;920,4;919,9;-3,3;22;21,3;null;21,5;20,9;null;null;12,8;null;null;null;210;2,4;,9;
2023-02-06;0200;null;920,3;1015,6;920,6;920,2;-3,4;22;20,4;null;21,6;20,4;null;null;12,8;null;null;null;117;2,1;,6;
2023-02-06;0300;null;919,9;1015,2;920,3;919,9;-3,3;22;20,3;null;20,7;20,3;null;null;12,7;null;null;null;310;1,5;,5;
2023-02-06;0400;null;919,3;1014,8;919,9;919,2;-2,9;21;19,7;null;20,4;19,7;null;null;12,7;null;null;null;21;3,2;1,7;
2023-02-06;0500;null;918,7;1014;919,3;918,7;-2,9;21;20,1;null;20,2;19,7;null;null;12,7;null;null;null;287;3,2;,7;
2023-02-06;0600;null;918,3;1013,8;918,7;918,3;-3,4;21;19,4;null;20,2;19,2;null;null;12,7;null;null;null;311;1,5;,7;
2023-02-06;0700;null;918,7;1014,2;918,8;918,3;-2,5;20;19,3;null;19,4;18,8;null;null;12,7;null;null;null;180;1,5;,6;
2023-02-06;0800;null;918,6;1014,2;918,8;918,6;-2,6;20;19,1;null;19,3;19;null;null;12,6;null;null;null;160;1,9;,7;
2023-02-06;0900;null;918,9;1014,6;918,9;918,6;-,3;20;18,9;null;19,1;18,8;null;null;12,6;null;null;null;215;1,3;,2;
2023-02-06;1000;null;919,5;1014,9;919,5;918,9;215,3;20;20;null;20;18,9;null;null;13;null;null;null;352;1,1;,4;
2023-02-06;1100;null;920;1014,7;920;919,5;944,1;22;22,3;null;22,4;20;null;null;13,6;null;null;null;9;2;,8;
2023-02-06;1200;null;920,6;1015;920,6;919,9;1021,8;24;23,2;null;23,2;22,3;22,8;21,3;13,8;100;91;null;332;2,9;1,1;
2023-02-06;1300;null;921;1014,7;921;920,6;2728;26;25,5;19,6;25,7;23,3;23,5;18,2;13,7;100;66;70;260;4,2;1,5;
2023-02-06;1400;null;920,9;1014,3;921;920,8;3390,5;28;26,5;18,6;26,8;25,1;20,5;18,3;13,6;72;60;62;14;4,9;2;
2023-02-06;1500;null;920,2;1013;920,9;920,2;3850,9;30;28,1;19,9;28,7;26,4;20,2;17,4;13,5;68;54;61;217;4,9;2,1;
2023-02-06;1600;null;919,1;1011,6;920,2;919,1;3674,2;30;28,7;18,2;28,9;26,8;19,8;17,4;13,5;64;51;53;286;6,6;3,2;
2023-02-06;1700;null;918,7;1011,3;919,1;918,7;2754,1;30;28,2;18,7;29,1;25,9;20,7;17,3;13,7;68;50;56;240;10,2;4,7;
2023-02-06;1800;null;918,4;1011,5;918,7;918;1561;29;26,5;19,7;28,6;25,1;20,7;17,1;13,8;74;52;67;218;8,6;,8;
2023-02-06;1900;null;917,5;1010,8;918,4;917,5;1853,8;29;25,6;18,9;27,6;25,5;20,8;17,4;13,2;68;58;66;153;4,8;1,7;
2023-02-06;2000;null;917;1010,1;917,6;917;1132,9;29;26;18,9;26,5;24,9;20;17,9;13,3;69;63;65;140;3,5;1,2;
2023-02-06;2100;null;916,8;1009,7;917;916,6;1027,8;29;26,6;18,6;27,1;25,7;21,3;18,5;13;76;61;62;213;5;3;
2023-02-06;2200;null;918,3;1012,3;918,3;916,8;202,7;28;23,6;19,8;26,6;23,6;19,8;18,4;12,9;79;61;79;193;5,1;1,1;
2023-02-06;2300;null;918,9;1013,2;918,9;918,3;-3,5;25;23,1;19,8;23,8;22,9;20,2;19,7;12,8;84;78;82;283;2;,7;
2023-02-07;0000;null;919,9;1014,7;919,9;918,8;-3,5;24;21,7;21,5;23,2;21,7;22;19,2;12,8;100;80;99;320;2,1;1,2;
2023-02-07;0100;null;920,2;1015,6;920,2;919,9;-3,5;22;20,3;null;21,7;20,3;null;null;12,8;null;null;null;160;1,7;,8;
2023-02-07;0200;null;920,8;1016,2;921,2;920,2;-3,5;22;20,2;18,6;21,1;20,2;null;null;12,8;null;null;90;358;9;4,1;
2023-02-07;0300;null;920,6;1016;920,9;920,6;-2,6;21;20,3;16,8;20,5;20,1;18,7;16,6;12,7;91;79;80;247;7,9;,6;
2023-02-07;0400;null;919,5;1014,8;920,6;919,5;-2,6;21;20,1;16,1;20,9;19,7;19;15,8;12,7;95;73;78;151;2,7;1,1;
2023-02-07;0500;null;919,1;1014,7;919,6;919,1;-3,5;21;19,1;18,7;20,5;19,1;18,8;16;12,7;98;76;98;104;4,5;1,6;
2023-02-07;0600;null;918;1013,6;919,1;918;-3,4;20;18,8;18,4;19,1;18,7;18,8;18,3;12,7;100;97;98;128;5;1,6;
2023-02-07;0700;null;918,2;1014,1;918,2;917,6;-3;20;18,2;null;18,9;18,2;18,5;18,1;12,7;100;95;null;314;3,5;1,8;
2023-02-07;0800;null;918,6;1014,6;918,6;918,2;-3,5;19;17,9;null;18,3;17,9;null;null;12,6;null;null;null;34;4,2;,5;
2023-02-07;0900;null;919,4;1015,6;919,4;918,6;-1,6;19;17,5;null;17,9;17,5;null;null;12,6;null;null;null;161;2,2;,7;
2023-02-07;1000;null;919,8;1015,8;919,8;919,4;200,6;19;18,4;null;18,4;17,5;null;null;13;null;null;null;147;2,3;1,1;
2023-02-07;1100;null;920,8;1016;920,8;919,8;580,3;20;20,8;17,4;20,8;18,4;19,6;16,8;13,5;100;80;81;249;2,3;,6;
2023-02-07;1200;null;921;1015,7;921;920,6;1789,9;23;22,5;17,4;22,6;20,4;20,4;16,9;13,7;98;72;73;341;3,6;1,4;
2023-02-07;1300;null;921;1015,4;921,1;920,9;1926,9;25;23,5;17,9;23,7;22,4;18,4;16,5;13,8;76;65;71;327;3,8;2,1;
2023-02-07;1400;null;920,9;1015;921,2;920,9;2014,6;26;24,2;17,4;24,5;23,5;18,4;16,4;13,8;71;62;66;261;4,5;2,6;
2023-02-07;1500;null;920,2;1013,6;920,9;920,2;3713,6;27;26;17,8;26,5;24,2;19,5;16,7;13,7;69;58;60;286;6;2,2;
2023-02-07;1600;null;919,4;1012,5;920,2;919,4;3110,1;29;26,8;18,7;27,1;25,8;19,5;17,2;13,7;66;57;61;313;5;2,5;
2023-02-07;1700;null;918,3;1010,9;919,4;918,3;3487,4;30;28;17,8;28,1;26,5;19,7;17,2;13,6;64;52;54;291;6,9;2,5;
2023-02-07;1800;null;917,9;1010,2;918,3;917,8;3406,7;31;28,7;17,9;29,7;27,8;19,6;16,4;13,6;60;45;52;321;6,6;3,1;
2023-02-07;1900;null;917,4;1009,8;918,1;917,4;2300,3;31;28,5;17,4;29,2;28,1;17,7;14,9;13,5;53;43;51;302;6,7;2,3;
2023-02-07;2000;null;917,3;1010,1;917,4;916,8;911,8;30;27,1;18,7;28,5;27;18,9;16,1;13,1;61;47;60;288;5,5;2,3;
2023-02-07;2100;null;917,8;1011,8;917,8;917,3;252,4;28;23,6;16,9;27,2;23,6;19;16,6;13;67;58;66;208;8,7;4,1;
2023-02-07;2200;null;918,3;1012,3;918,3;917,8;45,8;25;23,6;19,1;23,6;23;19,2;17;12,8;79;66;76;184;7,1;,8;
2023-02-07;2300;null;919;1013,8;919;918,3;-2,9;24;21,7;18,4;23,7;21,5;19,4;18,4;12,8;83;75;81;107;5,6;1,6;
2023-02-08;0000;null;919,4;1014,4;919,4;919;-3,5;23;21,2;18,6;21,7;20,9;20,4;18,3;12,8;97;81;85;126;3,5;1;
2023-02-08;0100;null;919,8;1015;919,9;919,4;-3,5;22;20,6;18,5;21,2;20,5;20,4;18,2;12,8;97;84;87;163;3;1,8;
2023-02-08;0200;null;920;1015,5;920,1;919,8;-3,5;21;19,7;null;20,7;19,4;null;null;12,7;null;null;null;175;3;1,2;
2023-02-08;0300;null;919,9;1015,8;920,1;919,9;-3,5;21;18,7;null;19,9;18,7;null;null;12,7;null;null;null;196;2,2;,8;
2023-02-08;0400;null;919,6;1015,6;920;919,6;-3,5;20;18,2;null;18,9;18,1;null;null;12,7;null;null;null;154;1,7;,7;
2023-02-08;0500;null;918,9;1014,7;919,6;918,8;-3,2;19;18,5;null;18,6;18,1;null;null;12,7;null;null;null;153;2;1,2;
2023-02-08;0600;null;918,3;1014,1;918,9;918,2;-3,3;19;18,3;null;18,6;17,9;null;null;12,7;null;null;null;183;2,3;1,3;
2023-02-08;0700;null;918,2;1014,2;918,5;918,2;-3,2;19;17,8;null;18,9;17,8;null;null;12,6;null;null;null;152;2,5;1,3;
2023-02-08;0800;null;918,4;1014,3;918,5;918,2;-2,5;19;18,3;null;19,1;17,8;null;null;12,6;null;null;null;152;2,6;1;
2023-02-08;0900;null;918,6;1014,4;918,7;918,4;,2;19;18,6;null;19;18,2;null;null;12,6;null;null;null;181;2,3;,6;
2023-02-08;1000;null;919,1;1014,7;919,1;918,6;117,9;19;19,2;null;19,3;18,6;null;null;12,9;null;null;null;150;1,9;1,4;
2023-02-08;1100;null;919,3;1014,3;919,4;919,1;430;20;21,1;null;21,1;19,2;null;null;13,3;null;null;null;164;2,5;1,2;
2023-02-08;1200;null;919,8;1013,7;919,8;919,3;1647,5;23;24,5;19,6;24,5;21,2;22,3;19,3;13,8;100;74;74;139;3,7;2;
2023-02-08;1300;null;919,5;1012,5;919,8;919,5;2782,9;26;27,3;19,5;27,3;24,5;20,6;18,8;13,7;77;60;62;79;3,7;1,1;
2023-02-08;1400;null;919,4;1012;919,6;919,4;3487;29;28,4;17,3;28,8;27,2;19,2;16,4;13,5;62;48;51;40;3,2;1,2;
2023-02-08;1500;null;918,8;1011,3;919,4;918,8;3206,7;30;28,5;15,7;29,6;28,1;18,4;15,6;13,5;54;44;46;232;null;1,4;
2023-02-08;1600;null;917,7;1010;918,8;917,7;2047,9;30;28,9;18;29,2;27;19,5;15,3;13,5;63;44;52;85;4,4;1,6;
2023-02-08;1700;null;917,4;1011,4;917,7;917,4;1187,2;30;23,4;16,9;28,9;23,4;19,7;15,4;13,3;70;49;67;52;12,2;3,5;
2023-02-08;1800;null;916,9;1012,2;917,6;916,9;419,9;24;19,4;17;23,5;19,3;20,5;16,1;13,3;99;67;86;208;12,9;6;
2023-02-08;1900;null;916,4;1010,2;917;916,4;1249;23;23,7;18,9;23,8;19,4;22,2;17;13,6;100;74;74;140;9,5;1,1;
2023-02-08;2000;null;916,1;1009,3;916,4;915,9;1930,9;26;25,5;18,1;25,6;23,7;20,4;17;13,2;75;62;64;105;3,2;1,2;
2023-02-08;2100;null;916,7;1010,8;916,7;916;530;27;22,9;18,3;25,6;22,9;19,5;17,4;13;76;61;75;53;7,9;2,5;
2023-02-08;2200;null;917,8;1012,5;917,8;916,6;37,6;25;21,6;17,8;23,3;21,6;18,9;17,6;12,8;80;70;79;330;6,1;3,1;
2023-02-08;2300;null;918;1013;918,1;917,6;-2,7;23;20,8;20,1;21,8;20,4;20,4;17,6;12,8;100;77;96;159;5,4;1,4;
2023-02-09;0000;null;919,1;1014,4;919,2;918;-3,5;22;20;null;20,9;20;null;null;12,8;null;null;null;185;5,2;,5;
2023-02-09;0100;null;919,1;1014,5;919,1;918,7;-3,4;21;19,7;null;20,2;19,7;null;null;12,8;null;null;null;69;2,9;1,2;
2023-02-09;0200;null;919,7;1015,2;919,7;919,1;-3;21;19,6;null;19,9;19,4;null;null;12,7;null;null;null;185;3,2;1,1;
2023-02-09;0300;null;920,2;1015,7;920,3;919,6;-2,1;21;19,8;null;20,1;19,5;null;null;12,7;null;null;null;294;2;1,1;
2023-02-09;0400;null;920,1;1015,7;920,2;919,9;-2,3;21;19,6;null;20;19,5;null;null;12,7;null;null;null;137;2,6;1,2;
2023-02-09;0500;null;919,3;1014,9;920,1;918,7;-2,7;20;19,3;null;19,6;19,3;null;null;12,7;null;null;null;186;3,8;1,8;
2023-02-09;0600;null;918,9;1014,6;919,3;918,9;-3,4;20;19;null;19,8;18,9;null;null;12,7;null;null;null;141;3,8;1,2;
2023-02-09;0700;null;918,8;1014,6;918,9;918,6;-3,2;20;18,6;null;19;18,6;null;null;12,7;null;null;null;145;3;1,1;
2023-02-09;0800;null;919,1;1015,1;919,1;918,7;-3,4;19;18,1;null;18,7;18,1;null;null;12,6;null;null;null;303;2,2;,9;
2023-02-09;0900;null;919,3;1015,2;919,3;919;,3;19;18,3;null;18,5;18;null;null;12,6;null;null;null;133;3,4;1,5;
2023-02-09;1000;null;919,8;1015,2;919,8;919,3;207,1;19;19,9;null;19,9;18,2;null;null;12,8;null;null;null;130;3;1,3;
2023-02-09;1100;null;920,1;1014,8;920,1;919,7;1159,4;21;22,2;21,2;22,2;19,9;21,4;19,7;13,7;100;85;94;126;3,9;1,9;
2023-02-09;1200;null;920,8;1014,9;920,8;920,1;1823,1;24;24,3;19,5;24,4;22,1;21,3;18,5;13,8;95;74;75;81;5;1,3;
2023-02-09;1300;null;920,7;1014,4;920,9;920,7;2950,7;26;25,4;19;26,7;23,9;20,8;18,3;13,8;76;63;67;54;5,2;1,8;
2023-02-09;1400;null;920,6;1013,8;920,7;920,5;3204,9;28;26,9;19,9;27,3;25,3;20,6;18,6;13,7;75;61;65;68;5,1;2,2;
2023-02-09;1500;null;919,9;1012,7;920,6;919,9;2193,8;29;27,8;19;27,8;26,4;20,6;18,4;13,5;68;59;59;39;5,3;1,8;
2023-02-09;1600;null;918,9;1011,6;919,9;918,9;2842,5;30;28;20,1;28,7;27,2;20,9;17,8;13,7;67;54;63;17;3,9;2,2;
2023-02-09;1700;null;918,4;1011,4;919;918,4;2416,2;30;26,9;19,3;28,1;25,9;20,9;18,7;13,3;70;57;63;112;5,4;2;
2023-02-09;1800;null;917,6;1009,8;918,4;917,6;2081,5;30;29;19,5;29,1;26,4;21,2;18,4;13,6;67;55;57;188;5,2;1,1;
2023-02-09;1900;null;917,2;1012,1;917,6;917;384,4;28;20,8;17,2;29,3;20,8;20,4;16,6;13;80;54;80;218;11;7,6;
2023-02-09;2000;null;917,8;1012,8;917,9;917,2;132,9;23;20,7;17,2;21,6;20,4;20,6;17,2;12,9;98;79;80;306;11;2;
2023-02-09;2100;null;917,6;1011,9;918;917,6;298,1;22;22,5;18,6;22,5;20,1;18,6;17;13,5;85;78;79;285;4,8;,9;
2023-02-09;2200;null;918,4;1013,5;918,8;917,6;176,7;23;20,5;null;22,4;20,5;20,9;17,6;12,9;100;76;null;212;3,4;1,3;
2023-02-09;2300;null;918,7;1014,1;918,7;918;-3,5;22;19,8;null;20,5;19,7;null;null;12,8;null;null;null;155;2,5;1;
2023-02-10;0000;null;918,7;1014;918,8;918,6;-3,4;21;20;null;20;19,5;null;null;12,8;null;null;null;227;3,1;1,8;
2023-02-10;0100;null;919,8;1015,5;919,8;918,7;-3,5;21;19,3;null;20;19,1;null;null;12,8;null;null;null;140;3,1;1,4;
2023-02-10;0200;null;920,3;1015,9;920,3;919,8;-3,2;21;19,7;null;20,1;19,3;null;null;12,7;null;null;null;127;2,8;1;
2023-02-10;0300;null;919,9;1015,4;920,3;919,8;-2,6;21;19,7;null;19,7;19,3;null;null;12,7;null;null;null;58;2;,5;
2023-02-10;0400;null;919,3;1014,8;920;919,3;-2,2;20;19,5;null;19,8;19,2;null;null;12,7;null;null;null;179;2,7;1,2;
2023-02-10;0500;null;918,7;1014,3;919,3;918,6;-3;20;19;null;19,7;19;null;null;12,7;null;null;null;82;2,5;,8;
2023-02-10;0600;null;918,9;1014,6;918,9;918,7;-3,2;20;18,8;null;19;18,5;null;null;12,7;null;null;null;159;3,2;1;
2023-02-10;0700;null;918,8;1014,6;919,1;918,8;-2,1;20;18,5;null;19,2;18,5;null;null;12,7;null;null;null;147;2,1;,9;
2023-02-10;0800;null;919,1;1015;919,1;918,8;-3,2;19;18,5;null;18,8;18,3;null;null;12,6;null;null;null;151;2,6;1,3;
2023-02-10;0900;null;919,5;1015,4;919,5;919,1;,1;19;18,4;null;18,8;18,4;null;null;12,6;null;null;null;131;2,5;1,1;
2023-02-10;1000;null;920,4;1015,9;920,4;919,5;139,6;19;19,8;null;19,8;18,2;null;null;12,9;null;null;null;203;1,6;1;
2023-02-10;1100;null;920,7;1015,8;920,7;920,4;891;21;21,3;20,5;21,7;19,5;null;null;13,3;null;null;95;151;2,5;1,2;
2023-02-10;1200;null;921,1;1015,6;921,2;920,7;1013,8;23;23,2;20,6;23,3;21,2;22,9;20,2;13,8;100;84;85;20;2,3;,8;
2023-02-10;1300;null;921,2;1015,1;921,2;921,1;1689,4;25;24,8;19,7;25,1;23,2;22,4;18,5;13,8;93;69;73;330;4,9;2,1;
2023-02-10;1400;null;920,6;1014,2;921,2;920,6;3110,3;28;25,6;18;27;24,7;20,9;18;13,7;76;61;63;283;4,9;2,4;
2023-02-10;1500;null;920;1012,8;920,6;920;3427,2;29;27,9;19;27,9;25,6;20,2;17,7;13,6;67;58;59;19;4,8;1;
2023-02-10;1600;null;920;1015,5;920,1;919,5;1947,4;30;19,8;19,4;28,1;19,7;19,8;16,9;13,1;98;55;98;8;13,8;7,1;
2023-02-10;1700;null;919,4;1014,9;920,6;919,4;443,6;23;19,6;null;20,3;19,3;null;null;13,5;null;null;null;120;13,8;1,9;
2023-02-10;1800;null;919,2;1014,1;919,5;919,1;1193,8;23;21,2;21;21,3;19,6;null;null;13,3;null;null;99;145;4,6;2,1;
2023-02-10;1900;null;917,8;1012;919,2;917,8;1341,4;24;23;19,2;23,6;21,1;22,1;18,8;13,9;100;77;79;121;4,9;1,6;
2023-02-10;2000;null;917,3;1011,5;917,9;917,3;447,3;25;22,8;19,5;23,3;22,3;21,9;18,7;13,1;98;76;82;168;3,6;,4;
2023-02-10;2100;null;917,8;1012,2;917,8;917,2;360,5;24;22,3;null;23;22,3;22,5;19,2;13,1;100;80;null;321;2,8;1,2;
2023-02-10;2200;null;918,2;1013;918,2;917,7;75,4;24;21,4;null;22,4;21,4;null;null;12,8;null;null;null;61;1,8;,8;
2023-02-10;2300;null;918,9;1013,8;918,9;918,2;-3,5;23;21,1;null;21,4;21;null;null;12,8;null;null;null;171;2,2;1;
2023-02-11;0000;null;919,6;1014,8;919,6;918,9;-3,5;22;20,5;null;21,4;20,5;null;null;12,8;null;null;null;143;1,6;,8;
2023-02-11;0100;null;920,3;1015,8;920,3;919,6;-3,4;21;19,9;null;20,5;19,9;null;null;12,8;null;null;null;158;1,5;,5;
2023-02-11;0200;null;920,9;1016,4;920,9;920,3;-2,8;21;20,1;null;20,5;19,9;null;null;12,8;null;null;null;229;5,4;3,1;
2023-02-11;0300;null;920,5;1016,1;921;920,5;-3,5;21;19,8;null;20,2;19,8;null;null;12,7;null;null;null;141;5,4;1;
2023-02-11;0400;null;919,7;1015,3;920,5;919,7;-2,8;21;19,4;null;19,8;19,4;null;null;12,7;null;null;null;126;2,2;,7;
2023-02-11;0500;null;919;1014,6;919,7;919;-3,4;20;19,3;null;19,4;19,2;null;null;12,7;null;null;null;137;2,4;1,2;
2023-02-11;0600;null;919;1014,5;919;918,9;-2,8;20;19,5;null;19,7;19,3;null;null;12,7;null;null;null;114;4,4;1,1;
2023-02-11;0700;null;919;1014,4;919,1;919;-2,2;20;19,7;null;19,8;19,5;null;null;12,7;null;null;null;108;4,4;1,5;
2023-02-11;0800;null;919,3;1014,8;919,3;918,9;-2,6;20;19,5;null;19,8;19,4;null;null;12,6;null;null;null;119;4,1;1,5;
2023-02-11;0900;null;919,6;1015,2;919,7;919,3;-1,3;20;19,3;null;19,5;19,3;null;null;12,6;null;null;null;117;3,8;1,1;
2023-02-11;1000;null;919,8;1015,4;919,9;919,5;86,1;20;19,6;null;19,6;19,3;null;null;12,8;null;null;null;128;5;1,8;
2023-02-11;1100;null;920,6;1016;920,6;919,8;246;21;20,3;null;20,3;19,6;null;null;13,2;null;null;null;102;3,6;1,3;
2023-02-11;1200;null;921,7;1017,2;921,7;920,6;379,3;21;20,4;null;20,8;20,3;null;null;13,1;null;null;null;289;5,7;3,2;
2023-02-11;1300;null;921,7;1016,8;921,8;921,7;939,1;22;21,5;21;21,7;20,4;21,5;20;13,6;100;92;97;295;5,7;2,2;
2023-02-11;1400;null;921,2;1015,7;921,7;921,2;2035;24;23,2;18,6;23,9;21,4;21,5;18,4;13,8;100;74;75;356;4,4;1,2;
2023-02-11;1500;null;920,4;1014,2;921,2;920,4;2095,4;26;25;18,9;25;22,7;19,8;18,1;13,8;77;69;69;248;2,6;1,5;
2023-02-11;1600;null;919,7;1013,4;920,4;919,7;1869,9;28;25;18,5;26,7;24,7;20,8;18,3;13,5;73;65;67;341;5,1;1,3;
2023-02-11;1700;null;919,1;1012,4;919,7;919,1;2279,3;28;26,2;18,5;26,3;24,8;20,1;17,8;13,7;74;60;62;329;5,5;2,7;
2023-02-11;1800;null;918,5;1012;919,1;918,5;1488,3;28;25,4;18;26,2;24,5;19;17;13,8;70;59;64;298;5,8;2,4;
2023-02-11;1900;null;917,5;1010,7;918,5;917,5;1756;28;25,8;18,8;26,4;25,2;19,7;17,1;13,5;69;57;66;289;5,1;1;
2023-02-11;2000;null;917;1009,9;917,5;917;1812,6;29;26,6;18,1;27,7;25,3;20,3;17,3;13,7;71;56;60;173;3,4;,7;
2023-02-11;2100;null;917,3;1011,1;917,3;917;818,4;29;24;18;27,4;24;19,9;17,1;13,1;71;55;69;35;7,6;3,7;
2023-02-11;2200;null;918;1012,8;918;917,3;105,5;26;21,2;17,8;24;21,1;18,1;17,5;12,8;82;68;81;294;6,9;2,6;
2023-02-11;2300;null;918,3;1013,5;918,3;918;-3,5;23;20,1;null;21,2;20,1;null;null;12,8;null;null;null;135;4,4;1,3;
2023-02-12;0000;null;919,2;1014,7;919,2;918,3;-3,5;22;19,6;null;20,2;19,5;null;null;12,8;null;null;null;140;3,9;1,7;
2023-02-12;0100;null;919,6;1015,1;919,6;919,1;-3,5;21;19,7;null;19,8;19,4;null;null;12,8;null;null;null;146;4,2;1,5;
2023-02-12;0200;null;919,4;1014,8;919,7;919,4;-2,7;21;19,8;null;19,8;19,5;null;null;12,8;null;null;null;146;3,2;1,6;
2023-02-12;0300;null;919;1014,5;919,4;919;-2,4;21;19,5;null;19,8;19,5;null;null;12,7;null;null;null;158;3,3;1,6;
2023-02-12;0400;null;918,5;1013,9;919;918,5;-1,5;21;19,5;null;19,8;19,5;null;null;12,7;null;null;null;140;3,5;1,2;
2023-02-12;0500;null;918,2;1013,6;918,6;918,2;-3;20;19,5;null;19,6;19,4;null;null;12,7;null;null;null;157;2,5;,9;
2023-02-12;0600;null;917,8;1013,4;918,2;917,8;-2,8;20;18,9;null;19,5;18,8;null;null;12,7;null;null;null;141;2,1;1,1;
2023-02-12;0700;null;917,8;1013,2;917,8;917,7;-2,2;20;19,4;null;19,5;18,8;null;null;12,7;null;null;null;148;2,9;1,4;
2023-02-12;0800;null;917,8;1013,1;917,8;917,7;-2,2;20;19,6;null;19,7;19,3;null;null;12,6;null;null;null;138;3,2;1,4;
2023-02-12;0900;null;918,5;1013,9;918,5;917,8;,2;20;19,6;null;19,7;19,5;null;null;12,6;null;null;null;148;3,3;1,7;
2023-02-12;1000;null;919,4;1014,8;919,4;918,5;126,5;21;20;null;20,1;19,7;null;null;12,8;null;null;null;144;3,6;1,4;
2023-02-12;1100;null;920,6;1016,4;920,6;919,4;52;21;19,2;null;20,1;19,2;null;null;12,6;null;null;null;211;7,4;2,7;
2023-02-12;1200;null;920,6;1016,5;920,8;920,4;37,5;20;18,8;null;19,3;18,8;null;null;12,6;null;null;null;121;4,6;1,5;
2023-02-12;1300;null;920,9;1016,9;921,3;920,6;92,8;20;18,6;null;19;18,6;null;null;12,7;null;null;null;125;2,7;1,2;
2023-02-12;1400;null;920,8;1016,6;921;920,8;329,3;20;19,3;null;19,3;18,5;null;null;13,4;null;null;null;131;3,4;,8;
2023-02-12;1500;null;920,5;1015,9;920,8;920,4;850,8;21;20,2;null;20,5;19,3;null;null;13,4;null;null;null;108;2,4;,9;
2023-02-12;1600;null;919,8;1014,5;920,5;919,8;1240,4;22;22,2;21,4;22,2;20,2;null;null;13,8;null;null;95;101;2,2;1,2;
2023-02-12;1700;null;920,4;1016,5;920,5;919,7;1204,8;24;18,1;null;23,1;18,1;21,9;17,2;13,1;100;80;null;290;11,7;5,9;
2023-02-12;1800;null;920,1;1016;920,4;919,8;102,6;21;18,6;null;18,6;18;null;null;13;null;null;null;270;11,7;2,8;
2023-02-12;1900;null;918,5;1013,9;920,1;918,5;409,1;20;19,7;null;19,7;18,5;null;null;13,7;null;null;null;86;4,3;1;
2023-02-12;2000;null;918;1013,1;918,5;917,9;532,3;21;20,5;null;20,5;19,6;null;null;13,6;null;null;null;112;4,1;1,4;
2023-02-12;2100;null;918,3;1013,3;918,3;918;489,4;22;20,7;null;20,8;20,5;null;null;13,3;null;null;null;123;3,8;,9;
2023-02-12;2200;null;917,9;1013,2;918,3;917,9;105,1;21;19,7;null;20,7;19,7;null;null;12,9;null;null;null;136;3,4;1,2;
2023-02-12;2300;null;918,1;1013,6;918,1;917,7;-3,4;20;19,1;null;19,7;19;null;null;12,8;null;null;null;139;3;1,3;
2023-02-13;0000;null;918,7;1014,4;918,7;918;-2,9;20;18,9;null;19,1;18,7;null;null;12,8;null;null;null;140;2,9;1,3;
2023-02-13;0100;null;919,1;1014,8;919,1;918,6;-3;20;19;null;19;18,6;null;null;12,8;null;null;null;145;2,8;1,5;
2023-02-13;0200;null;919,7;1015,3;919,7;919,1;-1,8;20;19,3;null;19,3;18,9;null;null;12,7;null;null;null;133;3,1;1,6;
2023-02-13;0300;null;919,2;1014,8;919,7;919,2;-1,8;20;19,2;null;19,3;19,2;null;null;12,7;null;null;null;140;4,1;1,7;
2023-02-13;0400;null;919,1;1014,7;919,5;919,1;-2,6;20;19,1;null;19,2;19;null;null;12,7;null;null;null;144;3,4;1,5;
2023-02-13;0500;null;918,9;1014,6;919,1;918,9;-2,2;20;19;null;19,1;18,9;null;null;12,7;null;null;null;146;2,7;1,3;
2023-02-13;0600;null;918,5;1014,2;918,9;918,5;-1,6;20;18,8;null;19,1;18,8;null;null;12,7;null;null;null;131;2,6;1;
2023-02-13;0700;null;918,8;1014,5;918,9;918,5;-2,1;20;18,8;null;18,9;18,5;null;null;12,6;null;null;null;149;1,9;,8;
2023-02-13;0800;null;918,7;1014,5;919;918,7;-1,5;19;18,6;null;18,8;18,3;null;null;12,6;null;null;null;155;1,8;,7;
2023-02-13;0900;null;919,1;1015,1;919,2;918,7;-1,2;19;18,1;null;18,6;18;null;null;12,6;null;null;null;147;1,5;,6;
2023-02-13;1000;null;919,5;1015,3;919,5;919,1;138;19;18,7;null;18,7;18,1;null;null;12,9;null;null;null;149;2,1;,9;
2023-02-13;1100;null;920;1015,3;920;919,5;524,2;20;20,3;null;20,3;18,7;null;null;13,5;null;null;null;113;2,7;1,1;
2023-02-13;1200;null;920,4;1015,3;920,4;920;1195,7;22;21,7;21,7;21,7;20,3;null;null;13,8;null;null;100;81;2,7;1,2;
2023-02-13;1300;null;920,6;1014,9;920,6;920,4;2238,4;24;23,5;19,4;24;21,7;22,2;18,4;13,8;100;74;78;68;3,7;1,2;
2023-02-13;1400;null;920,3;1014,1;920,6;920,3;3036,6;26;25,1;19,3;25,7;23,3;21,2;19;13,7;83;68;70;24;3,1;1,3;
2023-02-13;1500;null;920,2;1013,3;920,3;920,2;3634;29;27,1;20,4;27,2;25;22;18,9;13,8;78;61;67;312;4,1;1,6;
2023-02-13;1600;null;919,7;1012,6;920,2;919,7;2084,5;30;27,4;19;27,6;26,5;20,9;17,9;13,6;70;56;60;null;null;null;
2023-02-13;1700;null;919,1;1012;919,7;919,1;2672;31;27,4;19,9;28,7;27,4;20,5;17,5;13,3;65;53;64;292;null;1,8;
2023-02-13;1800;null;918,3;1010,6;919,1;918,3;1890,4;31;29;17,5;29,5;27;20,7;16;13,5;66;46;50;303;5,9;3,1;
2023-02-13;1900;null;917,8;1010,2;918,3;917,7;2365,6;31;28,4;17,3;29,6;27,4;19;15,7;13,6;57;46;51;306;null;3,2;
2023-02-13;2000;null;917,4;1010,2;917,8;917,4;1384,2;30;27,2;18,9;28,4;27,2;19;16,9;13,1;61;50;61;277;6,5;2,1;
2023-02-13;2100;null;917,6;1010,8;917,8;917,3;569,6;29;26;19,1;28,1;25,9;20,3;18,2;13;70;55;65;286;3,7;1,2;
2023-02-13;2200;null;918,4;1012,5;918,4;917,5;115,3;27;23,4;18,9;26,1;22,9;19,2;17,4;12,9;78;64;76;146;6,2;1,3;
2023-02-13;2300;null;918,8;1013,5;918,8;918,3;-2,9;25;21,9;17,5;23,4;21,8;19;17,1;12,8;77;72;76;109;3,4;1,2;
2023-02-14;0000;null;919,4;1014,8;919,4;918,8;-3,5;23;20;null;21,9;20;20,2;17,4;12,8;100;76;null;144;2,8;1;
2023-02-14;0100;null;919,7;1015,2;919,8;919,4;-3,5;22;19,6;null;20,3;19,6;null;null;12,8;null;null;null;150;2,4;1,3;
2023-02-14;0200;null;919,5;1015,2;919,7;919,5;-3,5;21;19,1;null;19,9;19,1;null;null;12,8;null;null;null;150;2,5;1,1;
2023-02-14;0300;null;919,5;1015,1;919,5;919,3;-3,2;21;19,5;null;19,6;19;null;null;12,7;null;null;null;164;2,6;1,5;
2023-02-14;0400;null;919,1;1014,6;919,5;919,1;-3,5;20;19,5;null;19,6;18,8;null;null;12,7;null;null;null;146;2,8;1;
2023-02-14;0500;null;918,1;1014;919,1;918,1;-3,5;20;18,2;null;19,5;18,2;null;null;12,7;null;null;null;151;2,4;1,3;
2023-02-14;0600;null;918,3;1014;918,3;917,8;-3;19;18,6;null;18,6;18,1;null;null;12,7;null;null;null;319;3,9;1,1;
2023-02-14;0700;null;918,7;1014,3;918,8;918,2;-1,8;20;19;null;19,2;18,2;null;null;12,7;null;null;null;314;6,8;1,1;
2023-02-14;0800;null;918,8;1014,6;918,9;918,7;-2,3;20;18,6;null;19,4;18,4;null;null;12,7;null;null;null;138;2,5;1,3;
2023-02-14;0900;null;919,2;1015,1;919,2;918,8;,5;19;18,5;null;18,6;18,3;null;null;12,6;null;null;null;207;2,5;,7;
2023-02-14;1000;null;919,5;1015,1;919,5;919,2;230,5;20;19,4;null;19,4;18,5;null;null;13,1;null;null;null;181;2,4;1,4;
2023-02-14;1100;null;919,8;1014,6;919,8;919,5;863,4;22;21,7;21,3;22,9;19,4;null;null;13,4;100;81;98;183;2,3;,8;
2023-02-14;1200;null;919,4;1013,9;919,9;919,4;623,8;23;22,6;22,6;22,6;21,7;22,6;19,6;13,7;100;85;100;126;1,8;,8;
2023-02-14;1300;null;919,9;1013,7;920,1;919,4;1285,6;25;24,7;21;24,7;22,6;23,4;20,5;13,8;100;78;80;116;2,7;1,4;
2023-02-14;1400;null;919,8;1012,9;920;919,8;3267,4;28;27;20,9;27;24,6;22,3;20;13,7;82;67;70;140;4,1;1,5;
2023-02-14;1500;null;919,1;1011,6;919,8;919,1;3116,3;30;28,5;21;28,5;26,5;22;19,4;13,6;73;60;64;327;4;,9;
2023-02-14;1600;null;918,6;1011,1;919,1;918,6;3195,9;31;28,4;20;29,4;27,9;22,2;19,1;13,6;69;55;60;310;7,3;2,8;
2023-02-14;1700;null;917,3;1009,6;918,6;917,3;2693,3;31;28,7;21;29,4;27,2;22,3;19,3;13,5;69;56;63;333;6,8;2;
2023-02-14;1800;null;917;1010,2;917,4;917;2128,9;31;25,9;19;29,7;25,9;21,2;18,9;13,2;68;55;66;214;9,5;3,5;
2023-02-14;1900;null;916,8;1009,7;917,1;916,5;945,9;29;26,6;19;26,6;25,4;19,8;18;13,4;69;60;63;80;5,9;,8;
2023-02-14;2000;null;916,3;1009,3;916,8;916,3;1174,4;29;26,2;19,8;27,9;26;20,6;17,8;13,1;69;56;68;102;3,8;,4;
2023-02-14;2100;null;918,6;1014,2;918,9;916,2;183,8;26;19,2;19;26,2;19,2;22,8;17,3;12,9;100;68;99;321;20,8;6,3;
2023-02-14;2200;null;917,3;1012,4;919;917;21,6;22;20,2;null;21,8;18,6;null;null;12,8;null;null;null;351;20,8;1,3;
2023-02-14;2300;null;917,8;1013,2;917,8;917,3;-1,4;21;19,5;null;20,2;19,5;null;null;12,8;null;null;null;158;2,7;1,5;
2023-02-15;0000;null;918;1013,5;918;917,7;-2,4;21;19,2;null;19,6;19,2;null;null;12,8;null;null;null;142;2,3;1,2;
2023-02-15;0100;null;918,4;1014;918,4;918;-2,4;20;18,9;null;19,3;18,9;null;null;12,7;null;null;null;152;2;,9;
2023-02-15;0200;null;918,5;1014,2;918,6;918,3;-2,3;20;18,7;null;19,1;18,7;null;null;12,7;null;null;null;171;1,8;1;
2023-02-15;0300;null;918,1;1013,7;918,5;918,1;-2,7;20;18,8;null;19;18,5;null;null;12,7;null;null;null;139;2,6;1,4;
2023-02-15;0400;null;917,6;1012,9;918,1;917,5;-2,8;20;19,6;null;19,6;18,5;null;null;12,7;null;null;null;153;3,6;1,8;
2023-02-15;0500;null;917,3;1012,8;917,6;917,3;-2,8;20;19,1;null;19,7;18,8;null;null;12,7;null;null;null;142;3,3;1,3;
2023-02-15;0600;null;917,1;1012,6;917,3;917,1;-2,2;20;18,8;null;19,4;18,5;null;null;12,7;null;null;null;160;2,8;1,5;
2023-02-15;0700;null;917,1;1012,6;917,1;916,9;-2,3;20;18,9;null;19,5;18,7;null;null;12,6;null;null;null;148;3,1;1,4;
2023-02-15;0800;null;917,1;1012,7;917,2;917;-2,7;20;18,7;null;19,6;18,6;null;null;12,6;null;null;null;147;3,3;1,8;
2023-02-15;0900;null;917,1;1012,4;917,1;916,9;-1,3;20;19,6;null;19,6;18,7;null;null;12,6;null;null;null;158;3,3;1,8;
2023-02-15;1000;null;917,5;1012,5;917,5;917,1;199,2;20;20,5;null;20,5;19,4;null;null;13;null;null;null;147;3,6;1,8;
2023-02-15;1100;null;917,7;1011,9;917,7;917,5;907,9;22;22,9;22,7;22,9;20,5;22,7;21,2;13,6;100;97;99;131;3,6;1,8;
2023-02-15;1200;null;918;1011,5;918;917,7;1686;24;25,3;21,5;25,3;22,8;23,2;20,3;13,8;100;77;79;110;3,5;1,5;
2023-02-15;1300;null;917,9;1010,7;918,2;917,9;2709;27;27,3;21,6;27,4;25,3;22,4;20,1;13,6;79;67;71;102;3,5;1,5;
2023-02-15;1400;null;917,6;1009,9;917,9;917,6;2598,5;29;28,6;19,9;29;27;22,2;19,1;13,7;72;56;59;356;4,5;1,8;
2023-02-15;1500;null;917;1008,9;917,6;917;3414,3;31;29,8;18,8;30,3;28,5;21,1;17,2;13,5;64;47;52;359;5,7;2,5;
2023-02-15;1600;null;916,5;1011,1;917,2;916,5;1874,8;30;21,5;18;30,2;21,5;20,3;16,2;13,3;81;48;80;313;13,8;3,6;
2023-02-15;1700;null;916,3;1010,5;917;916,3;539,8;25;22,5;18,7;22,6;21,5;19,7;17,8;13,3;86;78;79;108;9,6;1,6;
2023-02-15;1800;null;916,9;1011,2;916,9;915,6;684,2;25;22,3;17,9;22,9;22,2;19,1;17,9;13;81;74;76;47;11,1;2,7;
2023-02-15;1900;null;915,6;1010,6;916,9;915,6;197,5;23;19,8;null;22,3;19,8;null;null;13,1;null;null;null;40;12,5;1,3;
2023-02-15;2000;null;915,2;1010;915,7;915,1;355,6;22;20,5;null;20,5;19,8;null;null;13,2;null;null;null;144;3,5;1,9;
2023-02-15;2100;null;914,5;1009,2;915,2;914,5;394,5;22;20,5;null;20,8;20,5;null;null;13,1;null;null;null;144;4,3;2,2;
2023-02-15;2200;null;915,2;1010,2;915,2;914,2;60,4;22;19,7;null;20,5;19,7;null;null;12,8;null;null;null;141;4,3;1,4;
2023-02-15;2300;null;915,8;1011;916;915,2;-3,5;21;19,4;null;19,7;19,4;null;null;12,8;null;null;null;148;3,2;1,4;
2023-02-16;0000;null;916,5;1011,5;916,5;915,7;-3,5;20;20,2;20;20,2;19,1;null;null;12,8;null;null;99;160;8;1,6;
2023-02-16;0100;null;916,5;1011,7;916,8;916,4;-2,6;20;19,5;null;20,2;19,3;null;null;12,8;null;null;null;151;3;1,5;
2023-02-16;0200;null;917,4;1012,9;917,4;916,5;-,7;20;19,1;null;19,5;19,1;null;null;12,7;null;null;null;245;3,8;,9;
2023-02-16;0300;null;915,9;1011,3;917,4;915,9;-1,8;20;19;null;19,3;18,9;null;null;12,7;null;null;null;142;4,8;,6;
2023-02-16;0400;null;916;1011,3;917,4;915,8;-1,5;20;19,2;null;19,5;18,9;null;null;12,7;null;null;null;287;8,9;1,4;
2023-02-16;0500;null;915,3;1010,6;916;915,1;-1,8;20;19,1;null;19,3;19;null;null;12,7;null;null;null;307;3,4;,6;
2023-02-16;0600;null;915;1010,4;915,3;915;-1,7;20;18,5;null;19,1;18,5;null;null;12,7;null;null;null;154;2,4;1,3;
2023-02-16;0700;null;914,7;1010,1;915;914,6;-2,4;19;18,5;null;18,5;18,3;null;null;12,7;null;null;null;145;3,3;1,6;
2023-02-16;0800;null;915;1010,3;915;914,7;-1,3;19;18,9;null;18,9;18,5;null;null;12,6;null;null;null;135;3,1;1,8;
2023-02-16;0900;null;915;1010,3;915,1;915;-,5;20;19;null;19;18,8;null;null;12,6;null;null;null;128;3,5;1,8;
2023-02-16;1000;null;915,5;1010,7;915,5;915;136,3;20;19,2;null;19,2;18,9;null;null;12,9;null;null;null;139;3,4;1,5;
2023-02-16;1100;null;915,8;1010,7;915,8;915,5;580,7;20;20,4;null;20,4;19,2;null;null;13,4;null;null;null;143;4,2;1,8;
2023-02-16;1200;null;916,4;1010,7;916,4;915,8;892,9;22;22,2;22,1;22,2;20,4;null;null;13,9;null;null;99;135;3,6;1,5;
2023-02-16;1300;null;916,2;1009,4;916,4;916,2;2544,9;25;25,4;20,5;25,4;22,2;22,3;19,1;13,8;100;73;74;158;3,8;1,5;
2023-02-16;1400;null;915,9;1008,8;916,2;915,9;3162,3;28;26,3;19,5;27,4;24,8;21,5;18,4;13,6;77;60;66;342;5,3;1,6;
2023-02-16;1500;null;915,2;1007,8;915,9;915,2;2856,5;30;26,9;20,6;27,9;25,9;21,8;18,1;13,6;75;56;69;129;4,3;1,3;
2023-02-16;1600;null;914,6;1007,4;915,2;914,6;2017,5;30;26,3;21;28;26;22,2;20,2;13,6;74;64;73;155;3,5;1;
2023-02-16;1700;null;913,5;1005,4;914,6;913,4;2866;31;28,7;19,7;28,8;26,3;22,2;19;13,5;75;58;58;310;5,3;2,5;
2023-02-16;1800;null;912,8;1004,8;913,5;912,8;1968,4;31;28,2;19,2;29,5;27,5;20,9;18,8;13,8;65;54;58;298;null;2,8;
2023-02-16;1900;null;912,2;1003,9;912,8;912,2;2711;31;29;18,2;29,9;28,2;21;17,1;13,5;62;48;52;297;8,5;4;
2023-02-16;2000;null;912,3;1004;912,5;912,1;1839,4;31;28,8;17,5;29,4;28,6;18,3;15,8;13,3;53;45;50;306;8;2,7;
2023-02-16;2100;null;912,7;1004,8;912,7;912,3;874,3;31;27,7;18,8;28,9;27,6;18,8;17;13;59;49;58;298;5,5;1,7;
2023-02-16;2200;null;913,8;1007,4;913,8;912,7;100,7;29;23,7;19,1;27,7;23,7;20,1;17,8;12,8;77;55;76;111;4,2;1,4;
2023-02-16;2300;null;914,7;1008,8;914,7;913,8;-3,5;25;22,3;18,7;23,7;22,3;19;18,1;12,8;80;75;80;134;3,2;1,5;
2023-02-17;0000;null;915,4;1010;915,4;914,7;-3,5;24;21,1;18,3;22,3;21;18,8;18,1;12,8;84;80;84;156;3;1,5;
2023-02-17;0100;null;915,9;1010,7;915,9;915,4;-3,5;22;20,5;20,5;21,1;20;20,6;18,3;12,8;100;84;100;173;2,8;1,3;
2023-02-17;0200;null;916,8;1011,7;916,9;915,9;-3,1;22;20,5;20,5;21;20;20,8;20;12,8;100;98;100;200;8,6;,9;
2023-02-17;0300;null;916,4;1011,5;916,8;916,3;-2,7;22;19,8;null;20,5;19,8;null;null;12,7;null;null;null;185;2;,6;
2023-02-17;0400;null;915,8;1010,9;916,4;915,7;-1,5;21;19,8;null;19,8;19,5;null;null;12,7;null;null;null;222;2,1;,8;
2023-02-17;0500;null;915,3;1010,4;915,8;915,3;-1,5;21;19,5;null;19,9;19,5;null;null;12,7;null;null;null;334;1,9;,5;
2023-02-17;0600;null;915,1;1010,2;915,4;915,1;-2;21;19,4;null;19,6;19,4;null;null;12,7;null;null;null;202;1,5;,2;
2023-02-17;0700;null;915,1;1010,3;915,1;914,9;-1,5;21;19,3;null;19,5;19,3;null;null;12,7;null;null;null;177;1,7;,9;
2023-02-17;0800;null;915,3;1010,5;915,3;915,1;-1,8;20;19,3;null;19,4;19,3;null;null;12,6;null;null;null;140;1,8;1;
2023-02-17;0900;null;915,7;1010,9;915,7;915,1;-1,1;20;19,3;null;19,4;19,2;null;null;12,6;null;null;null;146;2,7;1,2;
2023-02-17;1000;null;916,6;1011,7;916,6;915,7;133,7;20;19,9;null;19,9;19,3;null;null;13;null;null;null;136;2,4;,7;
2023-02-17;1100;null;917,5;1012,5;917,5;916,6;338,1;21;20,6;null;20,7;19,9;null;null;13,1;null;null;null;144;2,9;1,4;
2023-02-17;1200;null;917,9;1012,5;917,9;917,5;700,2;22;21,9;21,9;21,9;20,6;null;null;13,5;null;null;100;92;3,5;1,1;
2023-02-17;1300;null;917,4;1011,3;918;917,4;1808,7;24;23,8;19,8;23,9;21,8;22,7;19,4;13,7;100;78;78;53;4,4;2,1;
2023-02-17;1400;null;917,2;1010,4;917,5;917,2;2363,4;27;25,9;20,4;26,2;23,7;23,3;19,4;13,7;91;70;71;115;4,2;1,1;
2023-02-17;1500;null;917;1009,8;917,2;917;2220,5;29;26,9;20,1;27,6;25,6;21,5;18,7;13,7;76;60;66;9;5,6;2,5;
2023-02-17;1600;null;916,2;1008,6;917;916,2;3568,5;30;28,1;18,1;28,3;26,9;20,6;17,5;13,5;67;52;55;324;7,3;3,3;
2023-02-17;1700;null;914,9;1006,9;916,2;914,9;2680,5;31;28,8;18,2;29,2;27,4;20,3;17,3;13,5;62;51;53;270;6,5;2,9;
2023-02-17;1800;null;914,2;1005,8;914,9;914,2;3093,5;32;30;18,2;30,6;28,3;20,4;17,5;13,5;60;49;49;310;5,3;2,2;
2023-02-17;1900;null;913,8;1005,5;914,2;913,8;2882,4;32;29,5;18,2;30,3;29;19,7;17;13,5;54;46;51;264;8,6;5;
2023-02-17;2000;null;913,8;1005,6;913,9;913,6;1904;32;29;17;30,1;28,8;19,2;16,7;13,6;54;46;49;253;8,1;3,7;
2023-02-17;2100;null;914,3;1006,6;914,3;913,8;1060,6;31;27,6;18,8;29,3;27,6;18,9;17;13;59;48;59;264;6,5;2,4;
2023-02-17;2200;null;915,3;1008,6;915,4;914,3;70,8;28;25;18,9;27,6;25;19,8;18,4;12,8;72;58;69;314;4,3;1,5;
2023-02-17;2300;null;916;1009,9;916;915,3;-3,5;26;23,4;19,4;25;23,2;19,7;18,6;12,8;80;69;78;312;4,7;1,5;
2023-02-18;0000;null;917,4;1011,8;917,4;916;-3,4;25;22,4;22,4;23,4;22,3;22,4;19,4;12,8;100;78;100;171;3,9;,6;
2023-02-18;0100;null;917,5;1012;917,6;917,3;-3,3;24;22;22;22,8;22;22,5;21,7;12,8;100;94;100;140;3;1,4;
2023-02-18;0200;null;917,9;1012,5;917,9;917,5;-3;23;21,9;21,9;22,3;21,8;22;21,5;12,8;100;95;100;129;3,4;1,6;
2023-02-18;0300;null;917,7;1012,4;918,2;917,7;-2,2;23;21,5;21,5;21,9;21,4;21,9;21,4;12,7;100;100;100;123;3,4;1,6;
2023-02-18;0400;null;917,2;1012;917,7;917,2;-3,3;23;21,1;21,1;21,5;21,1;21,5;21,1;12,7;100;99;100;138;3;1,1;
2023-02-18;0500;null;917,1;1011,9;917,3;917,1;-2,9;22;21;null;21,3;20,9;null;null;12,7;null;null;null;130;4,7;1,5;
2023-02-18;0600;null;916,7;1011,6;917,2;916,7;-3,5;22;20,7;null;21;20,5;null;null;12,7;null;null;null;141;4,3;2,1;
2023-02-18;0700;null;916,7;1011,6;916,8;916,6;-2,5;22;20,7;null;20,8;20,5;null;null;12,7;null;null;null;116;4,1;1,9;
2023-02-18;0800;null;916,9;1011,9;916,9;916,7;-3,3;21;20,3;null;20,7;20,3;null;null;12,6;null;null;null;114;3,8;1,8;
2023-02-18;0900;null;917,6;1012,8;917,7;916,9;-3;21;20;null;20,3;19,9;null;null;12,6;null;null;null;140;3;,9;
2023-02-18;1000;null;918,5;1013,5;918,5;917,6;141,3;21;20,7;null;20,7;20;null;null;13;null;null;null;111;2,1;,5;
2023-02-18;1100;null;919;1013,3;919;918,5;961,4;23;23,1;20,8;23,1;20,7;null;null;13,6;null;null;87;98;2,2;1,1;
2023-02-18;1200;null;919,8;1014,2;919,8;919;992,1;25;23,1;19,1;23,3;22,8;21;19;13,5;93;78;78;48;3,2;1,5;
2023-02-18;1300;null;920,2;1014,4;920,2;919,8;1157,8;26;23,7;19,2;23,8;23,1;21,5;18,9;13,8;89;76;76;104;4,7;1,4;
2023-02-18;1400;null;920,2;1014,5;920,3;920,2;1352,1;26;23,4;20;24,6;23,2;20,1;18,7;13,5;82;72;81;134;3,9;1,2;
2023-02-18;1500;null;920;1013,9;920,2;920;1041,4;27;24,7;19,1;24,9;23,4;19,8;18,9;13,7;81;71;71;131;3,3;,8;
2023-02-18;1600;null;918,8;1011,6;920;918,8;2639,5;29;27,4;19,4;28,2;24,6;21;17,3;13,6;74;53;62;321;3,8;2;
2023-02-18;1700;null;917,7;1010,1;918,8;917,6;3798,5;31;28,6;17,5;28,9;27,2;20,8;17,5;13,5;63;51;51;19;6,2;2,5;
2023-02-18;1800;null;917;1009,6;917,7;917;1902,1;32;27,5;19,3;29,3;27,3;20,8;17,1;13,1;67;49;61;127;5,5;,7;
2023-02-18;1900;null;917,1;1011,3;917,2;917;358,1;29;22,9;19,7;27,5;22,9;20,5;18,8;13,1;82;61;82;234;6,4;3,1;
2023-02-18;2000;null;917,3;1011,4;917,4;916,9;487,1;26;23;20,2;23,5;22,9;20,2;19,3;13,1;84;78;84;318;5,5;1,6;
2023-02-18;2100;null;917,6;1011,7;917,6;917,3;280,6;25;23,2;22,5;23,3;22,9;23,2;19,8;13;100;82;96;322;3,5;,6;
2023-02-18;2200;null;918,2;1012,7;918,3;917,6;39,2;24;22,3;null;23,2;22,3;null;null;12,8;null;null;null;237;2,5;,6;
2023-02-18;2300;null;919;1013,7;919;918,2;-3,4;24;22;null;22,5;22;null;null;12,8;null;null;null;270;2,9;2;
2023-02-19;0000;null;919,8;1014,7;919,8;919;-2,4;23;21,5;null;22;21,5;null;null;12,8;null;null;null;89;2,9;,8;
2023-02-19;0100;null;920,5;1015,6;920,6;919,8;-,9;23;21;null;21,5;21;null;null;12,8;null;null;null;35;4;1,9;
2023-02-19;0200;null;920,9;1016,7;920,9;920,3;-1,6;21;19,3;null;21,2;19,3;null;null;12,7;null;null;null;138;9,3;1,3;
2023-02-19;0300;null;920,9;1016,7;921,1;920,9;-,5;21;19,1;null;19,3;18,9;null;null;12,7;null;null;null;148;3,6;1;
2023-02-19;0400;null;920,3;1016,1;920,9;920,3;-,7;20;19,1;null;19,2;19,1;null;null;12,7;null;null;null;141;1,8;,8;
2023-02-19;0500;null;919,7;1015,4;920,3;919,7;-1;20;19,1;null;19,1;19,1;null;null;12,7;null;null;null;176;1,9;,2;
2023-02-19;0600;null;919,3;1014,9;919,8;919,3;-1,7;20;19,2;null;19,2;19,1;null;null;12,7;null;null;null;179;1,4;,9;
2023-02-19;0700;null;919;1014,7;919,3;919;-1,8;20;18,9;null;19,2;18,9;null;null;12,7;null;null;null;183;1,4;,8;
2023-02-19;0800;null;919,4;1015,1;919,5;919;-1,6;20;19;null;19,1;18,9;null;null;12,6;null;null;null;139;1,7;,6;
2023-02-19;0900;null;919,9;1015,6;919,9;919,4;-,4;20;19,3;null;19,3;19;null;null;12,6;null;null;null;159;2,3;,7;
2023-02-19;1000;null;920,3;1015,7;920,3;919,9;134,9;20;20,1;null;20,1;19,3;null;null;12,9;null;null;null;133;2,3;,9;
2023-02-19;1100;null;920,8;1015,9;920,8;920,3;465,1;21;21,2;null;21,2;20,1;null;null;13,3;null;null;null;126;2,7;1;
2023-02-19;1200;null;921,1;1015,6;921,1;920,8;1356,5;23;23,2;19,8;23,2;21,2;null;null;13,9;100;80;81;127;6,5;2,8;
2023-02-19;1300;null;921,4;1015,4;921,5;921,1;1731,5;25;24,7;20,2;24,9;23;20,6;19;13,8;85;74;76;118;6,5;1,7;
2023-02-19;1400;null;921,3;1015,2;921,5;921,3;1775,9;26;24,9;19,1;25,2;24,1;20,5;18,9;13,7;78;70;70;121;5,9;1,9;
2023-02-19;1500;null;920,7;1013,7;921,3;920,7;3504,6;29;27,5;19,9;27,8;24,9;21,2;18,4;13,7;74;59;63;68;5,9;1,7;
2023-02-19;1600;null;920,1;1013,2;920,7;920,1;2626,4;30;26,9;20,4;27,6;26,6;20,7;18,4;13,6;70;59;68;77;5,9;1,6;
2023-02-19;1700;null;919,1;1012,3;920,1;919,1;2807,2;30;26,5;19,7;27,8;26,3;21,9;18,5;13,3;71;57;67;158;5,9;1,7;
2023-02-19;1800;null;918,2;1011,3;919,2;918,2;1356,3;28;26,5;19,6;26,5;24,3;20,7;19;13,7;78;65;66;177;5,1;2,3;
2023-02-19;1900;null;917,9;1012,2;918,8;917,9;606,6;27;22,8;19,3;26,7;22,6;20;17,7;13,2;81;62;81;107;7,3;1,4;
2023-02-19;2000;null;917,2;1011;917,9;917,2;1356,1;26;24,1;19,6;25;22,6;19,7;18,3;13,1;81;67;76;165;5,6;2,2;
2023-02-19;2100;null;918,3;1012,6;918,3;917,2;275,2;25;22,7;19,5;24,1;22,7;19,8;18,7;13;82;75;82;115;4,8;,4;
2023-02-19;2200;null;918,7;1013,5;918,7;918,3;51,6;24;21,5;18,8;22,7;21,4;19,4;18,6;12,8;85;80;85;132;3,1;1,4;
2023-02-19;2300;null;919,6;1014,5;919,6;918,7;-3,5;23;21,4;21,3;21,5;21,2;21,4;18,9;12,8;100;85;99;145;4,4;1,5;
2023-02-20;0000;null;919,8;1014,8;919,8;919,6;-3,2;22;21,2;20,6;21,4;20,8;21,3;20,6;12,8;100;96;96;102;3,5;1,2;
2023-02-20;0100;null;920,6;1015,8;920,6;919,8;-3,2;22;21;21;21,3;20,8;21;20,3;12,8;100;94;100;163;3,9;1,9;
2023-02-20;0200;null;920,9;1016,3;921;920,5;-2;22;20,5;null;21,3;20,5;21,2;20,7;12,8;100;97;null;226;5,3;2,9;
2023-02-20;0300;null;920,4;1016,1;920,9;920,4;-3,4;21;19,3;null;20,5;19,3;null;null;12,7;null;null;null;330;4,5;1,1;
2023-02-20;0400;null;920;1015,8;920,4;919,9;-3,3;20;19;null;19,3;18,7;null;null;12,7;null;null;null;125;2,2;,7;
2023-02-20;0500;null;919,6;1015,5;920;919,5;-2,8;20;18,6;null;19,1;18,5;null;null;12,7;null;null;null;64;1,6;,3;
2023-02-20;0600;null;919,2;1015;919,6;919,2;-3;20;18,8;null;18,9;18,5;null;null;12,7;null;null;null;325;1,6;,4;
2023-02-20;0700;null;919,1;1015;919,2;919;-3,3;19;18,3;null;18,8;18;null;null;12,7;null;null;null;145;1,2;,8;
2023-02-20;0800;null;919,4;1015,5;919,4;919;-3,4;19;18;null;18,4;18;null;null;12,6;null;null;null;151;2,6;1,1;
2023-02-20;0900;null;919,8;1015,7;919,8;919,4;-1,7;19;18,7;null;18,7;17,8;null;null;12,6;null;null;null;121;2,8;,9;
2023-02-20;1000;null;920,6;1015,9;920,6;919,8;213,8;19;20,5;null;20,5;18,5;null;null;12,9;null;null;null;56;3,4;,6;
2023-02-20;1100;null;920,9;1015,5;920,9;920,6;1003,3;21;22,7;19,5;22,7;20,5;null;null;13,7;null;null;82;98;6,3;1,6;
2023-02-20;1200;null;921,5;1015,7;921,5;920,9;1997,1;24;24,1;18,6;24,3;22,6;19,7;18,2;13,9;83;71;71;49;7,9;2,4;
2023-02-20;1300;null;921,5;1015,3;921,6;921,4;2787,4;26;25,4;18,2;25,7;23,8;19,4;17,6;13,7;74;63;64;84;7,6;2,5;
2023-02-20;1400;null;921,2;1014,8;921,5;921,2;3412;28;25,8;19;26,5;25,3;19,7;17,7;13,6;69;60;66;63;7,6;2,6;
2023-02-20;1500;null;920,6;1013,8;921,2;920,6;3493,8;29;26,8;18,3;27,4;25,6;19,6;17,6;13,6;67;56;60;62;6,5;2,8;
2023-02-20;1600;null;920;1012,7;920,6;920;3857,9;30;28,1;17,8;28,1;26,5;19,6;17,1;13,4;63;51;54;352;6,1;1,5;
2023-02-20;1700;null;919,3;1012,3;920;919,3;2803,2;31;27,1;17,8;28,6;26,7;19,4;16,2;13,2;61;49;57;65;6,5;1,7;
2023-02-20;1800;null;918,4;1011;919,3;918,4;2135,2;31;27,9;16,2;28,7;27;18,8;15,8;13,3;60;48;49;104;4,1;,7;
2023-02-20;1900;null;917,9;1011,7;918,4;917,9;542,5;29;24,1;17,9;27,9;22,7;19,3;15,8;13,2;80;48;68;314;7,7;1,8;
2023-02-20;2000;null;917,2;1010,1;917,8;917,1;1842,9;28;26,7;15,8;27,2;24,1;20,4;15,4;13,4;74;48;51;122;4,3;,5;
2023-02-20;2100;null;917,7;1010,9;917,7;917,2;789,2;29;26;17,6;27,7;25,9;19,1;15,5;13;67;48;60;36;1,7;,3;
2023-02-20;2200;null;918,4;1012,7;918,4;917,7;50,1;26;23;18,5;26;22,2;20,3;16,1;12,8;80;56;76;40;3,6;,4;
2023-02-20;2300;null;919,3;1014,3;919,3;918,4;-3,5;24;21,1;21,1;23,1;20,2;21,1;18,2;12,8;100;74;100;329;2,6;,9;
2023-02-21;0000;null;920,3;1015,7;920,3;919,3;-3;23;20,3;20,3;22,4;20,3;21,3;17,7;12,8;100;76;100;142;6,1;2,6;
2023-02-21;0100;null;920,5;1016,1;920,5;920,1;-1,6;22;19,6;null;21,2;19,6;20,7;16,8;12,8;100;77;null;185;6,1;,5;
2023-02-21;0200;null;921,5;1017,2;921,5;920,5;-1,6;21;19,8;null;20,3;19,6;null;null;12,8;null;null;null;293;5,8;2,4;
2023-02-21;0300;null;921,8;1017,6;922,1;921,5;-1,4;21;19,6;null;20;19,6;null;null;12,7;null;null;null;289;4,7;1,4;
2023-02-21;0400;null;920,9;1016,8;921,8;920,9;-2,2;21;19;null;19,6;19;null;null;12,7;null;null;null;310;5;1,8;
2023-02-21;0500;null;920,1;1016;920,9;920,1;-2,1;20;18,8;null;19;18,8;null;null;12,7;null;null;null;17;2,8;1,1;
2023-02-21;0600;null;919,5;1015,4;920,1;919,5;-2,3;20;18,6;null;18,9;18,6;null;null;12,7;null;null;null;149;2,3;1,1;
2023-02-21;0700;null;919,3;1015,1;919,5;919,1;-2,2;20;18,8;null;18,8;18,6;null;null;12,7;null;null;null;137;2,9;1,1;
2023-02-21;0800;null;919,4;1015,1;919,5;919,3;-2,1;20;18,9;null;18,9;18,7;null;null;12,6;null;null;null;134;3;1,3;
2023-02-21;0900;null;920;1015,8;920;919,4;-,7;20;19;null;19,3;18,8;null;null;12,6;null;null;null;136;4,1;1,4;
2023-02-21;1000;null;920,6;1016,2;920,6;920;149,3;20;19,6;null;19,6;19;null;null;12,9;null;null;null;117;3,4;1,3;
2023-02-21;1100;null;920,9;1016;920,9;920,6;504,9;21;21,3;21,3;21,3;19,5;null;null;13,6;null;null;100;90;3,7;,9;
2023-02-21;1200;null;921,4;1015,6;921,4;920,9;1927,2;24;24,2;18,9;24,2;21,3;21,5;17,9;13,8;100;71;72;67;4,8;1,7;
2023-02-21;1300;null;921,7;1015,6;921,7;921,3;1941,5;26;25;19,2;25,5;24,3;19,5;17,8;13,7;73;65;70;48;5,3;2,3;
2023-02-21;1400;null;921,4;1015;921,7;921,4;1939,8;27;25,9;18,6;25,9;24,8;19,6;18,1;13,7;72;64;64;27;5,8;2,4;
2023-02-21;1500;null;920,9;1014,4;921,4;920,9;2472,9;29;26,1;18,8;26,7;25,7;19,7;17,9;13,7;67;59;64;344;5,1;1,8;
2023-02-21;1600;null;919,8;1013;920,9;919,8;2105,3;29;26,6;18,4;28;25,8;19,9;17,6;13,5;66;54;61;354;5,1;2,7;
2023-02-21;1700;null;920;1015,2;920;919,6;1514,6;28;20,7;19,7;27,9;20,7;19,7;17,4;13,2;94;54;94;258;11,5;4,7;
2023-02-21;1800;null;920,6;1015,8;920,7;920;342,2;24;21;17,8;21,6;20;21,5;16,8;13,1;100;81;82;344;8,4;2,8;
2023-02-21;1900;null;919,8;1015,7;920,5;919,5;161,7;22;18,6;null;21;18,5;null;null;13;null;null;null;167;6;1,4;
2023-02-21;2000;null;920;1015,9;920,2;919,7;59,4;21;18,7;null;19,2;18,6;null;null;12,8;null;null;null;145;2,7;1,3;
2023-02-21;2100;null;920,4;1016,2;920,4;919,9;32;20;19;null;19;18,7;null;null;12,8;null;null;null;43;2;,6;
2023-02-21;2200;null;921;1016,8;921;920,4;5,2;20;19,3;null;19,5;19;null;null;12,8;null;null;null;251;1,5;,5;
2023-02-21;2300;null;921,9;1017,9;921,9;920,9;-1,9;20;19;null;19,3;19;null;null;12,8;null;null;null;286;2,6;1,8;
2023-02-22;0000;null;922,6;1018,7;922,7;921,9;-1,8;20;18,8;null;19,1;18,8;null;null;12,8;null;null;null;20;4,1;,7;
2023-02-22;0100;null;922,5;1018,6;922,6;922,4;-2,2;20;18,7;null;18,8;18,6;null;null;12,7;null;null;null;140;1,3;,5;
2023-02-22;0200;null;922,5;1018,6;922,6;922,5;-2;20;18,7;null;18,7;18,6;null;null;12,7;null;null;null;132;1,9;1;
2023-02-22;0300;null;922,3;1018,5;922,5;922,3;-1,9;20;18,6;null;18,7;18,6;null;null;12,7;null;null;null;153;2,2;1,2;
2023-02-22;0400;null;921,9;1017,9;922,5;921,9;-2,1;20;19;null;19;18,6;null;null;12,7;null;null;null;124;3,7;1,5;
2023-02-22;0500;null;921,7;1017,6;921,9;921,6;-1,1;20;19,2;null;19,2;19;null;null;12,6;null;null;null;127;3,6;1,6;
2023-02-22;0600;null;921,4;1017,3;921,7;921,4;-1,7;20;19;null;19,2;19;null;null;12,6;null;null;null;119;3,2;1,5;
2023-02-22;0700;null;921,6;1017,5;921,6;921,2;-2,2;20;19,1;null;19,2;18,9;null;null;12,6;null;null;null;82;3,7;,8;
2023-02-22;0800;null;921,9;1018;921,9;921,6;-2,3;20;18,5;null;19,2;18,5;null;null;12,6;null;null;null;195;3,2;1,1;
2023-02-22;0900;null;922,1;1018,3;922,1;921,9;-1,7;19;18,5;null;18,6;18,4;null;null;12,6;null;null;null;147;2,6;1,3;
2023-02-22;1000;null;922,7;1018,7;922,7;922,1;113,9;19;19,1;null;19,1;18,4;null;null;12,9;null;null;null;115;3;,8;
2023-02-22;1100;null;923,1;1018,8;923,1;922,7;524,5;20;20,2;null;20,2;19,1;null;null;13,4;null;null;null;130;2,3;1;
2023-02-22;1200;null;923,4;1018,4;923,4;923,1;1178,2;22;22,4;19,7;22,4;20,1;null;null;13,8;null;null;85;102;3,4;1,6;
2023-02-22;1300;null;923,6;1017,8;923,6;923,4;1950,6;24;24,9;19,1;24,9;22,4;21,2;18,4;13,8;91;68;70;81;3,7;1,3;
2023-02-22;1400;null;923,5;1017,4;923,6;923,4;2709,4;27;25,7;19,4;26,3;24,3;20,6;18;13,7;74;66;68;61;5,2;1,8;
2023-02-22;1500;null;923;1016,5;923,5;923;3695,4;28;26,6;17,5;27,5;25,7;21;17,1;13,6;72;55;57;90;4,1;1,6;
2023-02-22;1600;null;922,1;1015,1;923;922,1;3893,8;30;27,9;17,9;28,5;26,6;20,1;17,3;13,5;62;54;55;184;4,9;1,7;
2023-02-22;1700;null;921,1;1014,2;922,1;921,1;2502;31;27,3;17,9;28,9;26,8;19,5;17,6;13,3;63;51;57;156;3,4;1,4;
2023-02-22;1800;null;920,1;1012,6;921,1;920,1;2722,2;31;29;16,8;29,7;27,3;18,5;16;13,5;58;46;48;1;3,4;1,4;
2023-02-22;1900;null;919,4;1012,5;920,2;919,4;1398,2;32;26,9;19,2;29,7;26,6;19,6;15,1;13,5;64;43;63;32;4,3;2,6;
2023-02-22;2000;null;919,5;1013,2;919,7;919,4;610,7;30;25,1;20,3;27,4;25,1;20,4;19;13;75;62;75;102;4,3;,6;
2023-02-22;2100;null;920,5;1015,3;920,5;919,5;59,8;27;21,9;17,9;25,3;21,9;20,4;17,7;12,9;78;66;78;224;8,7;5;
2023-02-22;2200;null;921,4;1016,8;921,4;920,4;7,3;24;20,4;null;21,9;20,4;20,7;17,6;12,8;100;78;null;176;8,7;1,5;
2023-02-22;2300;null;921,7;1017,3;921,7;921,4;-3,4;22;20;null;20,5;20;null;null;12,8;null;null;null;116;2,1;1;
2023-02-23;0000;null;922,4;1018,1;922,4;921,7;-3;22;19,9;null;20;19,9;null;null;12,8;null;null;null;151;2,5;1,1;
2023-02-23;0100;null;922,8;1018,5;922,8;922,4;-3,1;21;20;null;20,5;19,8;null;null;12,8;null;null;null;108;4,4;1;
2023-02-23;0200;null;923;1018,8;923,1;922,8;-3,2;21;19,7;null;20,3;19,7;null;null;12,7;null;null;null;158;2,5;,8;
2023-02-23;0300;null;922,6;1018,4;923;922,6;-2,7;21;19,6;null;20,1;19,5;null;null;12,7;null;null;null;150;1,8;1;
2023-02-23;0400;null;922,9;1018,8;922,9;922,6;-3,2;20;19,4;null;20,2;19,1;null;null;12,7;null;null;null;161;1,8;1,2;
2023-02-23;0500;null;922,4;1018,3;922,9;922,4;-2;20;19,5;null;20;19,2;null;null;12,7;null;null;null;150;2,1;,5;
2023-02-23;0600;null;921,5;1017,3;922,4;921,5;-2,1;20;19,4;null;19,6;19,2;null;null;12,7;null;null;null;144;2,5;1,3;
2023-02-23;0700;null;921,7;1017,8;921,9;921,5;-3,2;20;18,7;null;19,6;18,7;null;null;12,7;null;null;null;140;2,3;1;
2023-02-23;0800;null;922;1018;922;921,7;-3,4;20;19;null;19,3;18,6;null;null;12,6;null;null;null;120;3,3;1;
2023-02-23;0900;null;922,2;1018,3;922,3;922;-1,6;19;18,6;null;19,4;18,4;null;null;12,6;null;null;null;282;3,4;,7;
2023-02-23;1000;null;922,8;1018,7;922,8;922,2;177,3;19;19,5;null;19,6;18,3;null;null;13;null;null;null;163;2,2;,5;
2023-02-23;1100;null;923,4;1019,1;923,4;922,8;623,2;21;20,4;null;20,7;19,1;null;null;13,4;null;null;null;166;1,9;,8;
2023-02-23;1200;null;923,6;1018,2;923,6;923,4;1534,6;23;23,7;19;23,7;20,4;21,9;18,6;13,9;100;75;75;135;2,4;1,1;
2023-02-23;1300;null;923,5;1017,6;923,7;923,5;2315,7;26;25,1;19,4;25,2;23,5;20,4;18,8;13,8;78;70;71;89;3,8;1,6;
2023-02-23;1400;null;923,4;1017;923,7;923,4;2619,8;27;26,4;19;26,9;24,8;20,5;18,6;13,7;73;64;64;92;3,8;1,4;
2023-02-23;1500;null;922,7;1016,2;923,4;922,7;3307,1;30;26,6;18,7;27,8;26;20,8;18,5;13,5;68;59;62;354;2,8;,8;
2023-02-23;1600;null;922;1016,4;922,7;921,8;2253,8;30;23,6;17,1;27,7;23,6;20,8;17,1;13,3;72;59;67;3;8,2;4,6;
2023-02-23;1700;null;921,3;1016,4;922,1;921,3;488,7;26;21,4;20,5;23,5;21,4;20,5;17;13,2;95;67;94;312;8,2;2;
2023-02-23;1800;null;920,5;1014,9;921,3;920,5;446;24;23,3;18,5;23,3;21,4;22,4;18,5;13,2;100;74;75;246;3,7;1,6;
2023-02-23;1900;null;920,5;1015,6;921;920,1;173,7;24;21,1;17,9;23,3;21,1;22,3;17,8;13,1;100;73;82;226;7,1;2;
2023-02-23;2000;null;920,6;1015,8;920,6;920,2;83,8;23;20,9;18,5;21,2;20,6;20,7;17,6;12,9;100;80;86;156;3,5;1,2;
2023-02-23;2100;null;920,1;1015,4;920,7;920,1;38,3;22;20,5;20,5;21,2;20,4;20,6;18;12,8;100;82;100;66;2,4;1,1;
2023-02-23;2200;null;920,9;1016,5;920,9;920,1;27,3;22;19,9;null;21,1;19,8;null;null;12,8;null;null;null;311;4,5;2;
2023-02-23;2300;null;921,5;1017,3;921,5;920,9;-3,5;21;19,5;null;20;19,5;null;null;12,8;null;null;null;67;2,4;,6;
2023-02-24;0000;null;921,8;1017,6;921,8;921,5;-2,2;21;19,5;null;19,6;19,1;null;null;12,8;null;null;null;53;1,9;1;
2023-02-24;0100;null;922,6;1018,6;922,6;921,8;-2,4;20;19,1;null;19,5;19,1;null;null;12,8;null;null;null;247;1,9;,6;
2023-02-24;0200;null;922,4;1018,4;922,6;922,3;-2;20;19;null;19,2;19;null;null;12,7;null;null;null;182;1,5;,7;
2023-02-24;0300;null;922,4;1018,4;922,4;922,3;-1,9;20;19,2;null;19,2;18,8;null;null;12,7;null;null;null;260;1,7;,4;
2023-02-24;0400;null;921,5;1017,4;922,4;921,5;-1,8;20;19,1;null;19,4;19;null;null;12,7;null;null;null;271;2,1;,5;
2023-02-24;0500;null;921,1;1016,9;921,5;921,1;-,9;20;19,2;null;19,4;18,9;null;null;12,7;null;null;null;360;1,2;,7;
2023-02-24;0600;null;920,4;1016,4;921,1;920,4;-3;20;18,4;null;19,2;18,3;null;null;12,7;null;null;null;193;1,5;,7;
2023-02-24;0700;null;920,2;1016,3;920,4;920,1;-3,4;19;18;null;18,5;18;null;null;12,6;null;null;null;133;1,9;,5;
2023-02-24;0800;null;920,2;1016,4;920,2;920,1;-2,8;19;17,7;null;18,2;17,6;null;null;12,6;null;null;null;137;2,6;,8;
2023-02-24;0900;null;920,6;1017;920,6;920,2;-2,6;18;17,4;null;17,7;17,3;null;null;12,6;null;null;null;190;2;,4;
2023-02-24;1000;null;921;1017,1;921;920,6;187,5;18;18,5;null;18,5;17;null;null;13;null;null;null;137;1,4;,6;
2023-02-24;1100;null;921,3;1016,3;921,3;921;1040,4;20;21,6;21,3;21,6;18,5;null;null;13,7;null;null;98;156;2,2;1,2;
2023-02-24;1200;null;921,6;1016;921,7;921,3;1872,5;23;23,5;19,5;23,5;21,5;21,8;18,6;13,9;99;76;78;110;3,2;1,3;
2023-02-24;1300;null;921,5;1015,4;921,7;921,5;2679;26;25,1;19,3;26,3;23,5;20,7;18,7;13,6;80;67;70;37;3,5;1,4;
2023-02-24;1400;null;920,8;1014;921,5;920,8;3478,7;28;27;19,4;27,5;24,7;20,4;18,1;13,6;72;59;63;1;7,6;2,1;
2023-02-24;1500;null;920,1;1013,5;920,8;920,1;1995,6;29;26,2;18,7;27,8;26;20,1;17,2;13,6;66;55;64;302;6,7;3,3;
2023-02-24;1600;null;919,6;1014,1;920,2;919,6;954,7;27;22,7;19,6;26,4;22,6;20,3;18,3;13,4;83;61;83;151;5,8;1,9;
2023-02-24;1700;null;919,1;1013;919,6;919,1;1289,1;26;24,3;20,1;24,3;22,5;23,2;19,5;13,8;100;77;78;72;4;1,4;
2023-02-24;1800;null;918,1;1010,9;919,1;918,1;3532,8;29;27,3;18,4;27,8;24,3;21,2;17,6;13,5;78;55;58;313;6,4;3,3;
2023-02-24;1900;null;917,8;1011,2;918,2;917,7;2311,7;30;25,3;19,7;28,1;25,1;20,2;16,8;13,3;73;53;71;78;6,4;1,2;
2023-02-24;2000;null;917,7;1011,7;917,9;917,7;806,4;28;23,6;19,4;25,4;23,4;20,3;19,3;13,1;80;70;78;127;4,4;1,3;
2023-02-24;2100;null;918,1;1012,4;918,1;917,7;390;26;22,9;19,4;23,6;22,9;19,7;19;13;81;77;80;168;3,3;1,2;
2023-02-24;2200;null;918,3;1013,4;918,4;918,1;74,5;24;20,6;null;23,1;20,6;null;null;12,8;null;null;null;129;3,6;1,7;
2023-02-24;2300;null;918,8;1014;918,8;918,3;-3,1;22;20,2;null;20,6;20;null;null;12,8;null;null;null;130;3,2;1,4;
2023-02-25;0000;null;918,8;1014,1;918,8;918,6;-3,2;21;19,9;null;20,2;19,8;null;null;12,8;null;null;null;139;3;1,6;
2023-02-25;0100;null;919,1;1014,4;919,1;918,6;-3,1;21;20,2;null;20,3;19,6;null;null;12,8;null;null;null;148;3,4;1,5;
2023-02-25;0200;null;919,1;1014,4;919,1;918,8;-2,5;21;20;null;20,3;19,9;null;null;12,8;null;null;null;141;2,9;1,7;
2023-02-25;0300;null;919,1;1014,4;919,1;918,9;-3,3;21;20,1;null;20,4;20;null;null;12,7;null;null;null;179;3;1,1;
2023-02-25;0400;null;918,8;1014,3;919,2;918,8;-3,4;21;19,4;null;20,1;19,2;null;null;12,7;null;null;null;141;2,4;1,1;
2023-02-25;0500;null;918,4;1014;918,8;918,4;-3,3;20;19;null;19,5;18,8;null;null;12,7;null;null;null;165;2,4;1;
2023-02-25;0600;null;918;1013,6;918,4;918;-3,3;20;18,8;null;19,1;18,6;null;null;12,7;null;null;null;136;2,3;1,5;
2023-02-25;0700;null;918,3;1013,9;918,3;918;-2,8;20;19,1;null;19,1;18,5;null;null;12,7;null;null;null;163;2,5;1,2;
2023-02-25;0800;null;918,8;1014,6;918,8;918,3;-2;20;18,5;null;19,1;18,3;null;null;12,7;null;null;null;155;2,2;1;
2023-02-25;0900;null;919,1;1014,8;919,1;918,8;-1,8;20;19;null;19,1;18,5;null;null;12,6;null;null;null;145;2,5;1,5;
2023-02-25;1000;null;919,6;1015,1;919,6;919,1;103;20;19,6;null;19,6;19;null;null;12,8;null;null;null;153;3;1,5;
2023-02-25;1100;null;920,2;1015,1;920,3;919,6;758,5;21;21,5;21,5;21,6;19,6;null;null;13,5;null;null;100;142;2,9;1,5;
2023-02-25;1200;null;920,4;1014,4;920,4;920,2;1767,7;24;24,5;20,2;24,7;21,5;22,8;19,8;13,6;100;75;77;116;3;1,3;
2023-02-25;1300;null;920,4;1013,4;920,5;920,4;2085,3;26;27,3;20,6;27,3;24,2;21,4;19,8;13,8;86;65;67;28;6;3,6;
2023-02-25;1400;null;920;1012,9;920,4;920;2943,8;29;27,7;19,7;28,4;26,3;20,9;19;13,7;67;59;62;348;6,4;3;
2023-02-25;1500;null;919,4;1012,1;920;919,4;2891,4;30;28,2;18,6;28,8;26,6;20,3;17,9;13,6;65;53;56;327;7,9;3,6;
2023-02-25;1600;null;918,7;1010,9;919,4;918,7;3440,8;31;29,5;18,6;30;28,1;20,7;18,3;13,5;60;52;52;330;6,5;2,7;
2023-02-25;1700;null;917,7;1011,1;918,8;917,7;1602,9;29;25,4;20,8;29,8;24;22,8;18,2;13,4;85;50;76;344;8;1,2;
2023-02-25;1800;null;918,4;1012,9;918,5;917,7;549;27;22,4;22,4;25,7;22,4;22,4;18,9;13;100;66;100;115;5,9;1,3;
2023-02-25;1900;null;918;1012,4;918,4;917,8;159,8;25;22,4;19,5;22,7;22;22,4;19,5;13,1;100;84;84;324;5,7;2,6;
2023-02-25;2000;null;918,2;1012,8;918,2;917,5;100,6;24;21,8;18,9;22,5;21,6;21,6;18,4;12,9;100;78;84;299;6,9;2,5;
2023-02-25;2100;null;918,7;1013,7;918,9;918,2;74,1;23;20,9;null;21,8;20,9;null;null;12,9;null;null;null;294;4,7;,5;
2023-02-25;2200;null;919,2;1014,4;919,2;918,7;22,3;22;20,5;null;21;20,5;null;null;12,8;null;null;null;145;2,7;,8;
2023-02-25;2300;null;920;1015,2;920;919,2;-2,3;22;20,6;null;20,6;20,3;null;null;12,8;null;null;null;153;3,1;1,3;
2023-02-26;0000;null;920,5;1015,8;920,5;920;-2,3;22;20,4;null;20,6;20,4;null;null;12,8;null;null;null;137;2,4;,9;
2023-02-26;0100;null;920,8;1016,2;920,8;920,5;-2,4;21;20,2;null;20,4;20,2;null;null;12,8;null;null;null;139;2,2;1;
2023-02-26;0200;null;920,9;1016,5;921,2;920,8;-3,1;21;19,7;null;20,3;19,5;null;null;12,7;null;null;null;159;2,5;1,3;
2023-02-26;0300;null;920,8;1016,5;921;920,8;-2,9;21;19,5;null;19,7;19,3;null;null;12,7;null;null;null;156;2,5;1,2;
2023-02-26;0400;null;920,7;1016,4;920,8;920,6;-2,3;20;19,5;null;19,7;19,4;null;null;12,7;null;null;null;150;2,8;1,4;
2023-02-26;0500;null;920;1015,6;920,7;920;-2,3;20;19,4;null;19,7;19,3;null;null;12,7;null;null;null;151;2,8;1,5;
2023-02-26;0600;null;919,7;1015,4;920;919,7;-2,9;20;19,2;null;19,5;18,8;null;null;12,7;null;null;null;153;3,1;1,7;
2023-02-26;0700;null;919,6;1015,3;919,7;919,4;-2,9;20;19,2;null;19,3;19,1;null;null;12,6;null;null;null;157;3,4;1,7;
2023-02-26;0800;null;919,8;1015,4;919,9;919,6;-2,4;20;19,4;null;19,5;19,2;null;null;12,6;null;null;null;153;3,4;1,7;
2023-02-26;0900;null;920,2;1015,8;920,2;919,6;-2;20;19,6;null;19,7;19,3;null;null;12,6;null;null;null;123;4;1,4;
2023-02-26;1000;null;921;1016,4;921,1;920,2;171,7;20;20,3;null;20,3;19,5;null;null;12,9;null;null;null;145;4,1;1,8;
2023-02-26;1100;null;921,8;1016,6;921,8;921;907,9;22;22,4;22,2;22,4;20,3;null;null;13,7;null;null;99;127;4;1,5;
2023-02-26;1200;null;922,2;1016,2;922,2;921,8;1751,8;24;24,8;19,6;25;22,4;22,8;19,5;13,7;99;73;73;89;6,4;2,3;
2023-02-26;1300;null;922,2;1015,5;922,3;922,1;2572,7;27;27,1;20,2;27,1;24,7;21,5;19,3;13,7;78;65;66;61;6,4;1,8;
2023-02-26;1400;null;921,9;1014,6;922,3;921,9;3058,9;29;28,7;20,5;28,7;27;21,5;19,3;13,5;70;57;61;32;5,1;2,4;
2023-02-26;1500;null;921,5;1013,9;922;921,5;3815,5;31;29,5;19,6;29,7;28,4;21;18,3;13,6;62;54;55;355;6,8;3;
2023-02-26;1600;null;920,9;1013;921,5;920,9;2995,7;32;30,3;20,3;30,3;28,6;22,2;19,2;13,5;64;53;55;17;5,6;2,6;
2023-02-26;1700;null;920,4;1012,8;920,9;920,4;2297,9;33;29,4;19,3;30,7;29,2;21,8;19;13,3;62;51;54;35;5;1,2;
2023-02-26;1800;null;920,4;1013,7;920,6;920,2;971,8;31;26,5;20;29,7;26,2;21;18,8;13,3;70;53;67;184;8,8;1;
2023-02-26;1900;null;919,9;1013,7;921,1;919,9;692,9;28;24,9;19,2;26,5;24,7;20,6;18,6;13,3;75;67;71;124;5,7;1,6;
2023-02-26;2000;null;920,3;1014,4;920,4;919,7;602,4;27;24;19,9;24,9;24;19,9;18,1;13;78;67;78;198;4,6;,5;
2023-02-26;2100;null;921,3;1016,3;921,3;920,2;38,4;25;21,8;21,8;24,1;21;21,8;18,8;12,8;100;75;100;201;12,9;4,6;
2023-02-26;2200;null;921,6;1016,8;921,7;921,3;-,3;23;21,1;null;22;21,1;21,9;18,6;12,8;100;82;null;318;7,9;1,8;
2023-02-26;2300;null;921,2;1016,6;921,6;920,7;-3,5;23;20,4;null;21,1;20,4;null;null;12,8;null;null;null;76;3;1,4;
2023-02-27;0000;null;921,8;1017,4;921,8;921,1;-3,5;22;20,2;null;20,6;20,2;null;null;12,8;null;null;null;170;2,9;,7;
2023-02-27;0100;null;921,8;1017,5;922,3;921,8;-3,2;21;19,8;null;20,2;19,8;null;null;12,8;null;null;null;141;2,3;1,2;
2023-02-27;0200;null;921,9;1017,4;922;921,7;-3,4;21;20,4;null;20,5;19,8;null;null;12,7;null;null;null;137;3,1;1,5;
2023-02-27;0300;null;921,9;1017,5;921,9;921,7;-3,4;21;20;null;20,4;19,8;null;null;12,7;null;null;null;279;3,1;2,3;
2023-02-27;0400;null;921,5;1017,3;922;921,5;-3,3;21;19,4;null;20,2;19,4;null;null;12,7;null;null;null;351;4,1;,9;
2023-02-27;0500;null;921,2;1017,1;921,5;921,2;-3,4;20;18,9;null;19,4;18,6;null;null;12,7;null;null;null;150;1,7;1,3;
2023-02-27;0600;null;921;1016,8;921,2;921;-2,9;20;19,1;null;19,1;18,6;null;null;12,7;null;null;null;31;1,7;,7;
2023-02-27;0700;null;920,8;1016,7;921;920,8;-2,4;20;18,9;null;19,1;18,8;null;null;12,7;null;null;null;172;1,4;,4;
2023-02-27;0800;null;921,3;1017,5;921,3;920,8;-3;19;18,3;null;18,9;18,3;null;null;12,6;null;null;null;220;1,7;,7;
2023-02-27;0900;null;921,9;1018;921,9;921,3;-2,3;19;18,5;null;18,6;18,1;null;null;12,6;null;null;null;184;1,6;1,1;
2023-02-27;1000;null;922,5;1018,3;922,5;921,9;156,7;19;19,6;null;19,6;18,3;null;null;12,9;null;null;null;164;2,1;,4;
2023-02-27;1100;null;923,1;1017,8;923,1;922,5;1031,3;21;23;21,9;23;19,6;null;null;13,7;null;null;93;161;1,9;,8;
2023-02-27;1200;null;923,2;1016,7;923,2;923,1;1902,8;25;26,7;20,5;26,7;23,1;21,4;19,2;13,8;95;67;69;107;3,6;1,4;
2023-02-27;1300;null;923,4;1016,5;923,4;923,2;2721,8;28;28;19,7;28,3;26,7;20,3;18,9;13,6;69;57;61;91;4,4;1,8;
2023-02-27;1400;null;923,3;1016,1;923,5;923,3;3197,4;30;29,1;19,5;29,3;28;20,3;18,4;13,5;62;53;56;104;4,5;1,8;
2023-02-27;1500;null;922,8;1015,5;923,3;922,8;3424,9;31;29,1;18,8;29,8;28,8;20,8;17,9;13,5;61;49;54;97;4,3;1,5;
2023-02-27;1600;null;922,1;1014,3;922,8;922,1;3426,4;32;30,5;18,2;30,6;28,9;20,2;17,7;13,5;57;46;48;358;5,3;2,1;
2023-02-27;1700;null;921,4;1013,3;922,1;921,4;3529,1;33;31,3;18,6;31,5;30,3;19,8;17,3;13,4;51;44;47;36;6,6;1,9;
2023-02-27;1800;null;920,8;1012,6;921,4;920,8;3159,3;35;31,3;18,1;32,4;31;19,9;16,5;13,4;50;40;45;30;3,6;1,8;
2023-02-27;1900;null;920,5;1012,4;920,8;920,4;2266,8;35;31;17;32,5;30,7;19;16,1;13;47;38;43;337;4,3;,7;
2023-02-27;2000;null;921,1;1016;921,3;920,5;127,1;29;22;18,4;31;21,6;21,7;17,2;13;100;43;80;183;12,6;4,6;
2023-02-27;2100;null;921,5;1016,4;921,5;921;58,9;25;21,9;21,9;22,5;21,3;22,1;18,1;12,9;100;78;100;142;9,7;1,9;
2023-02-27;2200;null;920,7;1015,4;921,6;920,7;14,7;24;22,5;18,6;22,5;21,6;21,9;18,6;12,8;100;79;79;161;4,4;1,3;
2023-02-27;2300;null;921,8;1016,8;921,9;920,7;-2;23;21,9;21,5;23;21,4;21,7;18,1;12,8;100;74;98;299;3,2;1,7;
2023-02-28;0000;null;922,5;1018;922,5;921,7;-3,4;23;20,7;null;21,9;20,7;null;null;12,8;null;null;null;165;3,2;1;
2023-02-28;0100;null;923,3;1018,6;923,3;922,5;-2,3;23;21,4;20,8;22,6;20,7;null;null;12,8;null;null;96;200;5,8;2,1;
2023-02-28;0200;null;923,6;1019;923,7;923,3;-2;23;21,2;20,9;22,4;21,1;21,7;18,6;12,7;100;79;99;336;8,2;1,1;
2023-02-28;0300;null;923,6;1019,2;923,7;923,4;-3,3;22;20,7;null;21,2;20,6;null;null;12,7;null;null;null;170;2;,3;
2023-02-28;0400;null;922,5;1018;923,6;922,5;-3,3;22;20,7;20,7;21,1;20,4;null;null;12,7;null;null;100;129;3,9;1,4;
2023-02-28;0500;null;921,9;1017,2;922,5;921,9;-3,5;22;20,9;19,2;20,9;20,7;20,8;19,2;12,7;100;90;90;136;3,3;1,5;
2023-02-28;0600;null;921,7;1017,3;921,9;921,7;-3,5;21;20;20;21;19,6;20,2;17,8;12,7;100;82;100;148;3,1;,9;
2023-02-28;0700;null;922,1;1018;922,1;921,6;-3,5;21;19,3;null;20;19,1;null;null;12,7;null;null;null;157;2,2;1,2;
2023-02-28;0800;null;922,8;1019;922,8;922,1;-3,5;20;18,7;null;19,5;18,5;null;null;12,6;null;null;null;80;2;,4;
2023-02-28;0900;null;922,7;1019;922,9;922,7;-2,3;19;18,2;null;18,7;18,1;null;null;12,6;null;null;null;129;2;1,1;
2023-02-28;1000;null;923,2;1019,1;923,2;922,7;159,4;19;19,6;null;19,6;17,9;null;null;12,9;null;null;null;147;2,3;1,3;
2023-02-28;1100;null;923,6;1018,4;923,7;923,2;997,6;22;23;18,8;23;19,6;20,7;18,4;13,6;100;77;77;121;3,7;1,4;
2023-02-28;1200;null;924,2;1018,2;924,2;923,6;1830,6;25;25,7;19,4;25,7;23;19,9;18,5;13,8;79;67;68;106;4,8;1,4;
2023-02-28;1300;null;924,1;1017,5;924,2;924;2673,3;27;27,3;18,9;27,4;25,6;20;18,3;13,6;69;60;60;89;5;2,1;
2023-02-28;1400;null;924;1017,1;924,2;924;3151,6;29;28,1;18,7;28,4;26,7;20,9;17,4;13,7;65;53;57;57;7,4;2,2;
2023-02-28;1500;null;923,5;1016,5;924,1;923,5;3511,5;30;28,3;17,4;29,3;27,7;19,8;17,1;13,5;59;50;52;74;6,7;1,6;
2023-02-28;1600;null;922,9;1015,8;923,5;922,9;3212,8;31;28,4;18,5;29,9;27,9;19,8;17,3;13,4;58;50;55;63;5,8;1,8;
2023-02-28;1700;null;922;1014,6;922,9;922;2290,4;32;29,1;19,1;29,9;27,8;19,9;17,5;13,6;61;49;55;107;4,9;1,1;
2023-02-28;1800;null;921,4;1013,5;922;921,4;2947,8;32;30,4;18;30,8;28,7;20,6;16,8;13,5;57;44;48;117;4,1;1,7;
2023-02-28;1900;null;920,5;1012,6;921,4;920,5;2494,6;33;30,4;16,9;31,1;29,1;19,2;15,9;13,6;53;41;44;80;5,3;1;
2023-02-28;2000;null;920;1012,3;920,5;920;1669,9;33;29,6;17;30,6;29,4;17,9;15,7;13,2;48;40;47;38;4,8;1,8;
2023-02-28;2100;null;919,9;1012,6;920,1;919,9;749,8;32;28,3;17;29,8;28,3;18,2;15,4;13;55;42;50;190;4,7;,5;
2023-02-28;2200;null;920,4;1014,4;920,4;919,9;68,7;29;24,3;18,7;28,4;24,3;19,7;17,6;12,8;71;50;71;148;1,9;1,2;
2023-02-28;2300;null;920,8;1015,3;920,8;920,4;-3,5;26;23;18,3;24,6;22,4;19;18,3;12,8;81;69;75;154;2,8;1,3;
2023-03-01;0000;null;921,2;1016;921,3;920,8;-3,5;24;22,2;18,3;23,5;22;18,5;18,1;12,8;79;73;78;148;3,2;1,2;
2023-03-01;0100;null;921,9;1017,2;921,9;921,2;-3,5;23;21,1;18,4;22,2;20,7;18,8;18;12,8;88;78;85;135;2,5;1,3;
2023-03-01;0200;null;922,1;1018;922,1;921,9;-3,5;22;19,3;null;21,1;19,3;null;null;12,8;null;null;null;165;1,9;,8;
2023-03-01;0300;null;922,2;1018,2;922,5;922,1;-3,5;21;19,1;null;19,6;18,8;null;null;12,7;null;null;null;129;2,3;,5;
2023-03-01;0400;null;922,2;1017,8;922,3;922,1;-3,5;20;20,1;19,5;20,6;19,1;20,3;19,3;12,7;100;94;97;139;3;1,5;
2023-03-01;0500;null;921,5;1017,2;922,2;921,5;-3,5;20;19,7;17,3;20,2;19,5;19,7;17,1;12,7;100;83;86;149;3,5;1;
2023-03-01;0600;null;920,8;1016,8;921,5;920,8;-3,5;20;18,7;18,6;19,7;18,6;18,8;17,5;12,7;100;86;99;146;2,9;1,3;
2023-03-01;0700;null;921,1;1017,2;921,1;920,8;-3,5;19;18,5;18,1;19,1;18,3;18,7;17,7;12,7;100;92;97;139;3,2;1,4;
2023-03-01;0800;null;921,6;1018,3;921,6;921,1;-3,5;19;16,9;null;18,5;16,9;null;null;12,6;null;null;null;142;2,5;1,1;
2023-03-01;0900;null;921,8;1018,2;921,8;921,5;-2,6;18;17,8;null;17,8;16,9;null;null;12,6;null;null;null;148;3,3;1,7;
2023-03-01;1000;null;922,3;1018,2;922,3;921,8;203,5;18;19,3;19,1;19,3;16,9;null;null;13,1;null;null;99;141;3,3;1,4;
2023-03-01;1100;null;922,4;1017,3;922,5;922,2;1212,3;21;22,4;17,3;22,5;19,3;18,9;16,8;13,6;99;72;73;121;5,5;2,5;
2023-03-01;1200;null;922,9;1017,1;922,9;922,4;1350,1;24;24,4;17,5;24,4;22,4;18,3;17,2;13,8;75;65;66;122;5,6;1,9;
2023-03-01;1300;null;922,9;1016,6;923;922,9;2326,6;27;26,1;17,7;27,1;24,1;19;16,6;13,6;67;53;60;81;5;1,2;
2023-03-01;1400;null;922,9;1016,4;923,1;922,8;1702;28;26,7;17,9;26,8;25,7;19,1;16,9;13,6;65;56;58;117;3,3;1;
2023-03-01;1500;null;922,2;1015,6;922,9;922,2;1881,2;29;26,7;18,2;27,2;26,4;19,1;17,3;13,7;63;56;60;122;3,1;,9;
2023-03-01;1600;null;921,3;1014,2;922,2;921,2;3453,9;30;28,1;18,1;28,8;26,5;19,8;16,6;13,5;66;51;55;112;3,9;1,4;
2023-03-01;1700;null;920,1;1012,8;921,3;920,1;2816;31;28,4;17,4;29,7;27,8;19,3;16,6;13,5;58;48;51;164;3,6;1,7;
2023-03-01;1800;null;919,2;1011,3;920,1;919,2;3395,6;33;29,7;15,9;30,5;28,2;18,8;15,7;13,3;54;42;43;247;4,3;1,7;
2023-03-01;1900;null;919;1011,4;919,3;918,8;1747,9;32;28,8;17,5;30;28,8;18,7;15,9;13,2;52;43;50;183;5;2,1;
2023-03-01;2000;null;918,6;1011,4;919;918,6;1055,5;31;27,5;19,1;30,1;27,3;19,1;16,2;13,1;60;44;60;213;5,5;2,1;
2023-03-01;2100;null;918,7;1011,5;918,7;918,3;715,7;30;27,5;17,8;28,6;27,1;20,1;17,4;13,1;65;51;56;223;6,3;3,6;
2023-03-01;2200;null;920,2;1014,8;920,2;918,7;210,6;29;22,4;16,3;27,5;22,4;18,8;15;12,9;68;54;68;37;5,9;2,2;
2023-03-01;2300;null;920,1;1015,3;920,3;919,6;-2,7;25;20,7;17;22,4;20,7;17,7;16,1;12,8;79;68;79;134;6,6;2,2;
2023-03-02;0000;null;920,8;1016,4;920,8;920,1;-2,1;22;19,9;16,3;20,7;19,5;17;15,7;12,8;85;75;79;143;4,3;1,4;
2023-03-02;0100;null;921,2;1017,1;921,2;920,8;-3,4;21;19;16,3;19,9;19;16,4;15,9;12,8;84;79;84;164;3,4;1,2;
2023-03-02;0200;null;921,9;1018;922;921,2;-3,5;20;18,7;18,6;19,2;18;null;null;12,8;null;null;99;152;3,3;1,5;
2023-03-02;0300;null;921,7;1017,9;921,9;921,7;-3,3;20;18,3;null;19,2;18,2;18,6;16,4;12,7;100;83;null;309;3,8;1,4;
2023-03-02;0400;null;921,4;1017,9;921,8;921,4;-3,5;19;17,3;null;18,4;17,3;null;null;12,7;null;null;null;330;4;,8;
2023-03-02;0500;null;921,1;1017,7;921,4;921,1;-3,5;19;17,1;null;18;17,1;null;null;12,7;null;null;null;148;2,4;,6;
2023-03-02;0600;null;920,4;1016,8;921,1;920,3;-3;18;17,2;null;17,2;16,8;null;null;12,7;null;null;null;170;2,1;1,4;
2023-03-02;0700;null;920,1;1016,5;920,4;920;-2,4;18;17,3;null;17,4;16,9;null;null;12,7;null;null;null;138;2,3;1,1;
2023-03-02;0800;null;920,1;1016,2;920,3;920;-2,5;18;18;null;18,1;17,2;null;null;12,6;null;null;null;255;3,1;1,2;
2023-03-02;0900;null;920,4;1016,6;920,6;920,1;-2,1;19;17,9;null;18,2;17,8;null;null;12,6;null;null;null;147;2,1;,7;
2023-03-02;1000;null;920,8;1016,8;920,8;920,4;78,4;19;18,5;null;18,5;17,8;null;null;12,8;null;null;null;144;2,9;1,3;
2023-03-02;1100;null;921,2;1016,5;921,2;920,8;573,2;20;20,7;18;20,7;18,5;null;null;13,5;null;null;84;126;2,8;1,5;
2023-03-02;1200;null;921,6;1016,1;921,6;921,2;1451,3;23;23,3;18,1;23,5;20,7;19,9;17,5;13,9;93;70;72;99;4,2;1,5;
2023-03-02;1300;null;921,3;1015,5;921,7;921,3;1508,8;25;24,2;17,6;24,2;22,8;19,1;17,1;13,9;76;64;67;132;3,9;1,4;
2023-03-02;1400;null;921;1014,2;921,4;921;3208,4;27;27,1;17,4;27,4;24,2;18,4;16,6;13,6;68;55;56;98;4,1;1,8;
2023-03-02;1500;null;920,2;1012,7;921,1;920,2;3591,4;29;28,8;18;28,9;26,8;19;16,5;13,5;60;49;52;87;5,1;2;
2023-03-02;1600;null;919,4;1011,7;920,2;919,4;3700,8;30;29,4;16;29,7;28;18,4;16;13,5;54;44;44;106;5,7;2;
2023-03-02;1700;null;918,6;1011,3;919,4;918,6;1601,5;31;27,8;18,6;30;27,6;18,8;15,9;13,3;58;43;58;21;5,7;1,6;
2023-03-02;1800;null;918;1011,9;918,8;918;740,7;27;23,9;19,2;27,9;22,8;19,4;17,8;13,2;80;54;75;290;8,8;1,8;
2023-03-02;1900;null;917,7;1010,9;918;917,5;1296,7;27;26,1;19,4;26,5;23,9;19,5;18,7;13,2;75;64;66;302;3,4;,9;
2023-03-02;2000;null;917,9;1011,3;918;917,7;610,1;28;25,4;18,6;26,2;25,4;19,7;18,2;13,1;70;64;66;228;3,8;2,5;
2023-03-02;2100;null;917,9;1011,8;917,9;917,7;405,2;27;23,8;18,3;25,5;23,8;19,3;18,1;13;72;65;71;145;4,9;1,9;
2023-03-02;2200;null;918,2;1012,7;918,2;917,9;67,7;25;22,3;18,4;23,8;22,2;18,5;18;12,8;79;71;79;152;5,1;1,6;
2023-03-02;2300;null;918,6;1013,3;918,6;918,2;-3,5;24;21,8;18,4;22,4;21,8;18,5;18,1;12,8;81;77;81;128;3,2;1;
2023-03-03;0000;null;919,4;1014,4;919,4;918,6;-2,7;23;21;21;21,8;21;21,2;18,3;12,8;100;81;100;155;1,6;1,2;
2023-03-03;0100;null;920;1015;920,1;919,4;-2,9;22;21,2;21,1;21,4;20,7;21,1;20,7;12,8;100;96;99;146;2,2;1,3;
2023-03-03;0200;null;921;1015,9;921;920;-1,9;22;21,9;18,5;21,9;20,9;21,1;18,5;12,8;100;81;81;79;4,8;1,6;
2023-03-03;0300;null;920,7;1016;921;920,7;-3,3;22;20,6;18,3;22;20,6;20,8;18,2;12,7;96;81;86;121;6;2,1;
2023-03-03;0400;null;920,3;1015,8;920,7;920,3;-2,9;22;19,8;null;20,6;19,8;20,3;18,2;12,7;100;86;null;114;5,3;1,3;
2023-03-03;0500;null;919,9;1015,5;920,3;919,9;-3,5;21;19,5;null;20;19,5;null;null;12,7;null;null;null;142;5,9;1,2;
2023-03-03;0600;null;919,1;1014,6;919,9;919,1;-2,6;21;19,4;null;19,5;19,3;null;null;12,7;null;null;null;126;3,4;1,8;
2023-03-03;0700;null;918,7;1014,2;919,1;918,7;-3,4;20;19,4;null;19,5;19,3;null;null;12,7;null;null;null;118;3,5;1,5;
2023-03-03;0800;null;919,1;1014,7;919,1;918,7;-3,3;20;19,1;null;19,4;19,1;null;null;12,6;null;null;null;123;3,6;1,7;
2023-03-03;0900;null;919,5;1015,2;919,5;919,1;-3,3;20;19,1;null;19,1;18,9;null;null;12,6;null;null;null;132;4,2;1,9;
2023-03-03;1000;null;919,9;1015,3;919,9;919,5;191,5;20;20,1;null;20,2;19,1;null;null;13;null;null;null;124;4,3;2;
2023-03-03;1100;null;920,5;1015,2;920,5;919,9;870,8;21;22,2;19;22,3;19,8;null;null;13,6;null;null;82;131;4,3;2,2;
2023-03-03;1200;null;920,8;1015,2;920,8;920,5;1377,9;24;23,3;19,7;23,3;22,2;21;18,7;13,8;91;78;80;125;5,1;2,2;
2023-03-03;1300;null;921;1014,3;921;920,7;2377,3;26;26,8;19,5;26,8;23,3;21,1;19,2;13,7;81;64;64;59;5,1;2,3;
2023-03-03;1400;null;920,8;1013,9;921,1;920,8;2762,8;28;27,2;19,3;27,2;26;19,7;18,2;13,7;67;58;62;83;6,5;1,9;
2023-03-03;1500;null;920,1;1012,8;920,8;920,1;3446,2;29;28,3;18,3;28,6;27,1;20,1;17,8;13,5;64;53;55;62;5,6;2,5;
2023-03-03;1600;null;919,4;1011,6;920,1;919,4;3518,9;31;29,5;19,4;29,5;28,3;19,6;17,1;13,5;57;49;55;43;7;2,6;
2023-03-03;1700;null;918,4;1010,7;919,4;918,4;2141,4;31;28,9;17,9;30,4;28,3;20,4;17;13,5;57;48;52;46;6,1;2,7;
2023-03-03;1800;null;918;1010,3;918,5;918;3004,6;32;28,8;17,9;29,4;27,9;19,7;16,3;13,5;60;47;52;82;8,3;2,4;
2023-03-03;1900;null;918,1;1011,6;918,3;917,9;1868,6;31;25,2;18,5;28,7;25,2;18,9;16,8;13,1;67;51;66;92;7,5;1,4;
2023-03-03;2000;null;917,8;1011,5;918,2;917,7;359,2;28;24,4;18,7;25,2;24,2;19,3;17,6;13,1;71;64;71;148;3,2;,6;
2023-03-03;2100;null;917,9;1011,7;917,9;917,6;283,2;26;24,2;18,9;24,4;23,9;19;18,4;13;73;70;72;111;3;,9;
2023-03-03;2200;null;918,4;1012,6;918,4;917,9;62,5;26;23,1;18,3;24,3;23,1;18,9;18,1;12,8;75;70;75;143;4;1,4;
2023-03-03;2300;null;918,8;1013,2;918,8;918,4;-2,9;24;22,6;18,3;23,1;22,4;18,6;18,1;12,8;78;73;77;153;3,2;2;
2023-03-04;0000;null;919,9;1014,5;919,9;918,8;-3,1;24;22,5;18,4;22,7;22,3;18,6;18,3;12,8;79;77;78;141;3,4;1,7;
2023-03-04;0100;null;920,8;1015,6;920,8;919,9;-2,6;24;22;18,8;22,8;22;18,9;18,1;12,8;82;75;82;115;4,3;1,6;
2023-03-04;0200;null;920,8;1016,1;921,1;920,8;-3,4;23;20,6;null;22;20,6;null;null;12,8;null;null;null;161;5,1;1,9;
2023-03-04;0300;null;920,7;1016,1;921,2;920,7;-1,6;22;20,3;null;21;20,2;null;null;12,7;null;null;null;145;5,8;1,6;
2023-03-04;0400;null;919,8;1015,1;920,7;919,7;-2,5;22;20,4;null;20,4;20,1;null;null;12,7;null;null;null;148;3,9;1,8;
2023-03-04;0500;null;920,2;1015,5;920,3;919,5;-,6;21;20,6;null;21,4;20,1;null;null;12,7;null;null;null;352;6,5;2,6;
2023-03-04;0600;null;919,4;1014,8;920,2;919,3;-1,9;21;19,9;null;20,6;19,9;null;null;12,7;null;null;null;132;5,7;1,2;
2023-03-04;0700;null;918,9;1014,2;919,4;918,8;-1,9;21;20;null;20,3;19,9;null;null;12,7;null;null;null;132;3,9;1,4;
2023-03-04;0800;null;919,3;1014,7;919,3;918,8;-3;21;19,9;null;20,2;19,9;null;null;12,6;null;null;null;123;4,4;1,7;
2023-03-04;0900;null;919,7;1015,2;919,7;919,3;-1,5;21;19,8;null;20;19,8;null;null;12,6;null;null;null;160;3,4;1;
2023-03-04;1000;null;920,2;1015,4;920,2;919,7;164,2;21;20,8;null;20,8;19,7;null;null;12,9;null;null;null;130;3;1,4;
2023-03-04;1100;null;921;1015,6;921,1;920,2;963,1;23;22,9;21,7;23;20,8;22,8;21,1;13,5;100;88;93;85;2,9;1,3;
2023-03-04;1200;null;921,6;1015,7;921,6;921;1114,7;24;24,4;19,5;24,5;22,9;22,8;19,5;13,8;99;73;74;107;3,7;1,7;
2023-03-04;1300;null;921,9;1015,5;921,9;921,6;2564,9;27;26,1;19,2;26,7;24,4;20,4;18;13,7;75;60;66;49;5,4;2,1;
2023-03-04;1400;null;921,5;1014,5;921,9;921,5;2275,9;29;27,7;18,7;27,7;25,8;19,9;18,1;13,7;67;58;58;9;3,9;1,6;
2023-03-04;1500;null;921,1;1013,9;921,5;921,1;2554,7;30;28,2;18,6;28,3;27,6;19,7;17,8;13,6;61;54;56;302;5,2;1,7;
2023-03-04;1600;null;920,3;1012,8;921,1;920,3;3793,2;31;28,9;19,8;29,9;28,2;21;17,7;13,5;62;50;58;50;6;2,9;
2023-03-04;1700;null;919,5;1013;920,3;919,4;987,2;30;25,5;18,5;29;25,5;21,2;15,9;13,3;68;54;65;128;10,6;,9;
2023-03-04;1800;null;918,6;1011,8;919,5;918,6;1039,1;29;26,4;18,5;26,4;25;19,1;17,3;13,1;68;58;62;145;2,6;,8;
2023-03-04;1900;null;917,9;1011,4;918,6;917,9;351,4;28;25;20,6;26,4;25;20,7;18,6;13,1;78;62;77;155;4,7;,9;
2023-03-04;2000;null;917,7;1011,5;917,9;917,6;342,3;27;24,3;20,4;25,4;24,3;21,2;20,3;13;79;75;79;220;4,3;2,8;
2023-03-04;2100;null;918,9;1013,5;919,2;917,7;33,2;25;22,1;null;24,3;22,1;22,5;19,8;12,8;100;78;null;238;6,3;3;
2023-03-04;2200;null;919,4;1014,3;919,4;918,9;-3,5;24;21,3;null;22,2;21,3;null;null;12,8;null;null;null;176;5,3;1,4;
2023-03-04;2300;null;919,9;1014,9;919,9;919,4;-2,6;23;21,2;null;21,3;21;null;null;12,8;null;null;null;193;6,5;3,8;
2023-03-05;0000;null;921,8;1017,3;921,8;919,9;-3;22;20,4;null;21,3;20,4;null;null;12,8;null;null;null;120;9,3;2,3;
2023-03-05;0100;null;921,3;1017;922;921,3;-2,9;21;19,7;null;20,4;19,7;null;null;12,8;null;null;null;131;6,2;1,9;
2023-03-05;0200;null;922,1;1017,9;922,1;921,2;-1,2;21;19,7;null;20,1;19,7;null;null;12,7;null;null;null;330;6;2,4;
2023-03-05;0300;null;920,9;1016,8;922,1;920,9;-1,8;21;19;null;19,7;18,7;null;null;12,7;null;null;null;130;5,4;1,9;
2023-03-05;0400;null;920,1;1015,6;920,9;920,1;-1,7;20;19,7;null;19,7;19;null;null;12,7;null;null;null;130;4,9;1;
2023-03-05;0500;null;920,1;1015,7;920,4;920;-1,9;20;19,5;null;20;19,4;null;null;12,7;null;null;null;275;5,2;2,5;
2023-03-05;0600;null;919,3;1014,9;920,2;919,3;-1,6;20;19,4;null;19,5;19,2;null;null;12,7;null;null;null;227;3,8;1,5;
2023-03-05;0700;null;918,4;1014;919,3;918,3;-1,3;20;19,1;null;19,4;19;null;null;12,6;null;null;null;118;2,7;1,1;
2023-03-05;0800;null;918,7;1014,3;918,7;918,3;-1,1;20;19,1;null;19,1;19,1;null;null;12,6;null;null;null;128;2;,8;
2023-03-05;0900;null;919,1;1014,7;919,2;918,7;-1,2;20;19,2;null;19,3;19,1;null;null;12,6;null;null;null;134;2,1;1;
2023-03-05;1000;null;919,6;1015,2;919,6;919,1;47,5;20;19,5;null;19,5;19,1;null;null;12,7;null;null;null;46;2,6;,5;
2023-03-05;1100;null;920;1015,3;920;919,6;233,9;21;20,3;null;20,3;19,5;null;null;13;null;null;null;133;1,9;,7;
2023-03-05;1200;null;920,2;1015;920,2;919,9;718,3;22;21,8;21,8;21,8;20,2;null;null;13,3;null;null;100;105;2,5;,8;
2023-03-05;1300;null;920,1;1014,4;920,3;919,9;1011,6;23;23,3;19,8;23,3;21,7;22,1;19,4;13,9;100;80;81;86;3;,9;
2023-03-05;1400;null;919,7;1013,7;920,1;919,6;1886,7;25;24,3;19,4;24,3;23,1;20,5;18,4;13,8;87;74;74;116;3,7;1,6;
2023-03-05;1500;null;919,4;1012,8;919,7;919,4;2812,4;28;26;18,9;26,5;24,1;21,1;18,2;13,7;78;63;65;360;5,1;2,5;
2023-03-05;1600;null;918,6;1011,7;919,4;918,6;2204,7;29;26,5;19,1;26,7;25,6;19,5;17,9;13,7;68;61;64;340;5,4;2,7;
2023-03-05;1700;null;917,4;1010,1;918,6;917,4;2799,2;30;27,4;18,8;28,2;26,5;19,8;17,5;13,6;64;55;59;302;5,5;2,9;
2023-03-05;1800;null;916,6;1009,4;917,4;916,6;1802,8;30;26,9;18,9;28,2;26,4;20,3;18,4;13,3;67;56;62;313;5,7;2,4;
2023-03-05;1900;null;915,8;1010;916,6;915,7;928,6;28;22,4;18;27,1;22,4;19,6;15,8;13,2;76;55;76;135;7,2;2;
2023-03-05;2000;null;916,3;1011;916,3;915,7;498;25;21;null;22,4;21;22,1;18;13,1;100;76;null;130;5,8;1,8;
2023-03-05;2100;null;916,9;1011,7;916,9;916,3;398,5;23;21;null;21,1;20,4;null;null;13;null;null;null;113;6;1,8;
2023-03-05;2200;null;916,3;1011,4;916,9;916,2;20,2;22;20;null;21;19,9;null;null;12,8;null;null;null;147;5,6;1,8;
2023-03-05;2300;null;916,3;1011,5;916,4;916,2;-3,1;21;19,6;null;20;19,6;null;null;12,8;null;null;null;137;3,3;1,2;
2023-03-06;0000;null;917,8;1013,1;917,8;916,2;-2,9;21;19,7;null;19,7;19,4;null;null;12,8;null;null;null;165;3,3;1,3;
2023-03-06;0100;null;918,2;1013,6;918,4;917,8;-2,7;21;19,5;null;19,9;19,5;null;null;12,8;null;null;null;144;2,8;1,5;
2023-03-06;0200;null;918,7;1014,1;919,1;918,2;-3,3;21;19,7;null;20,5;19,4;null;null;12,8;null;null;null;217;7,3;3,3;
2023-03-06;0300;null;918,2;1013,7;918,7;917,3;-2,2;21;19,3;null;19,7;19,3;null;null;12,7;null;null;null;186;5,5;1,1;
2023-03-06;0400;null;918,1;1013,6;919,5;918,1;-2;20;19,1;18,7;19,4;18,8;null;null;12,7;null;null;97;15;8,2;4;
2023-03-06;0500;null;918;1013,9;918,3;918;-3,2;19;18,1;null;19,1;18;null;null;12,7;null;null;null;282;8,9;1,2;
2023-03-06;0600;null;916,8;1012,7;918,2;916,8;-2,6;19;17,6;null;18,6;17,6;null;null;12,7;null;null;null;157;5,2;1,6;
2023-03-06;0700;null;915,7;1011,5;916,8;915,7;-2,6;19;17,6;null;17,8;17,5;null;null;12,7;null;null;null;118;5,2;1,5;
2023-03-06;0800;null;916,1;1011,9;916,2;915,6;-3,3;19;17,7;null;18;17,6;null;null;12,6;null;null;null;124;6,2;2,2;
2023-03-06;0900;null;916,8;1012,8;916,8;916,1;-3,3;18;17,3;null;17,7;17,3;null;null;12,6;null;null;null;130;4,1;1,1;
2023-03-06;1000;null;917,5;1013,4;917,5;916,8;148,9;18;18;null;18,1;17,3;null;null;12,9;null;null;null;122;4,4;1,9;
2023-03-06;1100;null;918,2;1013,6;918,2;917,5;458;19;19,7;19,7;19,7;18;null;null;13,6;null;null;100;129;4,8;1,9;
2023-03-06;1200;null;918,7;1013,2;918,7;918,2;1612,7;22;22,3;18,6;22,3;19,7;20,3;17,2;13,7;100;77;80;124;5,1;1,7;
2023-03-06;1300;null;919;1013,2;919;918,7;2080,3;24;23,5;18,1;23,6;21,4;19,3;17,5;13,8;81;71;72;124;5;1,7;
2023-03-06;1400;null;918,9;1014,2;919,8;918,9;454,4;23;20;null;23,6;19,4;null;null;13,7;null;null;null;111;5,3;1,6;
2023-03-06;1500;null;918,4;1012,8;920;918,4;1775,8;22;22,5;null;22,5;18;null;null;13,8;null;null;null;119;18,7;1,3;
2023-03-06;1600;null;917;1010;918,4;917;3889,3;25;26,3;21,1;26,3;22,5;23;20;13,7;100;72;73;98;5,2;1,9;
2023-03-06;1700;null;916,5;1009,5;917,1;916,5;1818,5;27;26,2;19,6;26,6;25,6;21,3;19,6;13,3;77;67;67;125;4,2;1,1;
2023-03-06;1800;null;916,8;1011,1;916,8;916;715;26;22,3;17;26,2;22,1;20,8;15,7;13,1;76;63;72;116;10,7;1,2;
2023-03-06;1900;null;917,4;1013;917,7;916,8;64,7;23;18,8;18,8;22,3;18,7;18,9;15,8;12,9;100;68;100;298;12,6;3,2;
2023-03-06;2000;null;917,2;1013;917,6;916,9;111,9;20;18,2;null;18,8;18,1;null;null;13;null;null;null;129;6,2;2,2;
2023-03-06;2100;null;917;1012,4;917,5;916,6;347,3;20;19,2;null;19,2;18,2;null;null;13,4;null;null;null;128;4,9;1,7;
2023-03-06;2200;null;917,1;1012,6;917,2;916,8;82,2;20;18,9;18,9;19,2;18,8;19,1;18,8;12,8;100;98;100;126;7,7;2,5;
2023-03-06;2300;null;917,8;1013,5;917,8;917,1;-3,5;20;18,7;null;18,9;18,6;null;null;12,8;null;null;null;87;6,7;2,4;
2023-03-07;0000;null;918,3;1014,2;918,3;917,8;-3,5;19;18,2;null;18,8;18,1;null;null;12,8;null;null;null;90;7,3;1,9;
2023-03-07;0100;null;918,5;1014,4;918,5;918;-3,5;19;18,1;null;18,4;18;null;null;12,7;null;null;null;132;8,3;1,9;
2023-03-07;0200;null;918,4;1014,4;918,6;918,3;-3,5;19;17,9;null;18,2;17,8;null;null;12,7;null;null;null;137;5,4;1,8;
2023-03-07;0300;null;918,1;1014;918,6;918,1;-3,5;19;18;17,8;18,3;17,8;18,1;17,6;12,7;100;96;98;123;5,2;2,2;
2023-03-07;0400;null;917,6;1013,5;918,1;917,4;-3,5;18;17,8;17,8;18;17,5;17,9;17,5;12,7;100;98;100;143;4,6;1,9;
2023-03-07;0500;null;917,6;1013,7;917,7;917,5;-3,2;18;17,3;17,3;17,9;17,3;17,8;17,3;12,7;100;98;100;174;3,6;1,2;
2023-03-07;0600;null;917,5;1014;917,6;917,4;-3,5;18;16,2;null;17,3;16,1;null;null;12,7;null;null;null;148;2,3;1,3;
2023-03-07;0700;null;917,7;1014;917,7;917,4;-3;17;16,8;null;16,8;15,9;null;null;12,6;null;null;null;152;3,4;1,7;
2023-03-07;0800;null;918,3;1014,5;918,3;917,7;-3,4;18;17,4;17,4;17,5;16,8;null;null;12,6;null;null;100;159;3,9;2,1;
2023-03-07;0900;null;918,4;1015;918,7;918,3;-3,5;17;16,1;null;17,8;16,1;null;null;12,6;null;null;null;145;3,6;1,3;
2023-03-07;1000;null;919;1015,3;919;918,3;146,4;17;17,1;null;17,1;16;null;null;12,9;null;null;null;147;3,5;1,6;
2023-03-07;1100;null;919,5;1014,5;919,5;919;961,5;19;21,1;15,8;21,1;17,1;17,9;15,3;13,7;100;72;72;118;3,8;1,8;
2023-03-07;1200;null;920;1014,4;920;919,5;1867,8;22;23;16;23;20,9;16,6;15,1;13,8;73;64;65;112;5,6;1,8;
2023-03-07;1300;null;920,1;1014,1;920,1;919,8;2134;25;24,3;16,4;25,3;22,3;17,9;15,3;13,8;70;59;61;39;4,4;2,4;
2023-03-07;1400;null;920,4;1014,1;920,4;920;2087,3;27;25,4;17,8;26,5;24,2;18,9;15,9;13,6;66;56;63;41;4,9;2,5;
2023-03-07;1500;null;921;1017,3;921,4;920,3;684,5;27;17,9;17,9;25,5;17,9;19,3;15,7;13,1;100;62;100;350;18,5;7,1;
2023-03-07;1600;null;920,3;1015,9;921;920,3;524,3;21;19,5;null;19,5;16,9;null;null;13,5;null;null;null;142;14,7;1,2;
2023-03-07;1700;null;918,6;1013,3;920,3;918,6;1337,7;22;21,7;18;21,7;19,5;null;null;14;null;null;80;85;2,8;1;
2023-03-07;1800;null;918;1011,3;918,6;917,9;2946,6;25;25,8;19,5;25,8;21,7;19,6;17,5;13,8;81;68;68;112;3,1;1,2;
2023-03-07;1900;null;917,7;1010,6;918,1;917,6;1996,2;28;26,9;18,4;27,8;25,8;20,2;17,5;13,2;71;56;60;255;3,1;,8;
2023-03-07;2000;null;917,7;1010,9;918;917,7;718,9;28;26,1;19,2;26,9;26;20,1;18,1;13,1;68;60;66;94;1,9;,5;
2023-03-07;2100;null;917,9;1011,7;917,9;917,7;363,3;27;24,2;20,6;26,3;24,2;20,9;18,9;13;80;63;80;59;1,9;,7;
2023-03-07;2200;null;918;1012,5;918;917,8;39,1;25;22;19,3;24,2;21,9;23,2;19,2;12,8;100;80;85;147;2,8;1,3;
2023-03-07;2300;null;919,3;1014,2;919,3;918;-3,5;23;21,4;21,4;22;21,1;null;null;12,8;null;null;100;144;3,7;1,9;
2023-03-08;0000;null;920,7;1015,9;920,8;919,3;-3,5;22;20,8;20,8;21,4;20,7;21,3;20,6;12,8;100;96;100;137;3,7;1,5;
2023-03-08;0100;null;921,6;1017;921,6;920,7;-3,5;22;20,7;19,4;20,9;20,4;20,8;19,4;12,8;100;92;92;74;4,1;1;
2023-03-08;0200;null;921,8;1017,4;921,8;921,6;-3,2;21;20,2;20,2;21,2;20,2;20,4;17,9;12,8;100;82;100;140;3,9;1,2;
2023-03-08;0300;null;921,4;1017,2;921,8;921,4;-3,4;21;19,4;null;20,3;19,4;null;null;12,7;null;null;null;220;2,6;,5;
2023-03-08;0400;null;920,5;1016,3;921,4;920,5;-3,4;20;19;null;19,5;18,9;null;null;12,7;null;null;null;146;2,3;1,2;
2023-03-08;0500;null;919,5;1015,1;920,5;919,5;-3,2;20;19,4;null;19,4;18,8;null;null;12,7;null;null;null;115;3,9;1;
2023-03-08;0600;null;919,4;1014,9;919,5;919,2;-3,4;20;19,6;null;19,7;19,4;null;null;12,7;null;null;null;165;5;1,2;
2023-03-08;0700;null;919;1014,8;919,4;918,9;-3,4;20;18,6;null;19,6;18,6;null;null;12,7;null;null;null;178;2,4;1,1;
2023-03-08;0800;null;918,8;1014,6;919,1;918,6;-3,1;20;18,5;null;18,9;18,2;null;null;12,6;null;null;null;131;2,9;1,1;
2023-03-08;0900;null;919,3;1015,2;919,3;918,7;-3,1;19;18,4;null;18,7;18,1;null;null;12,6;null;null;null;145;2,7;1,5;
2023-03-08;1000;null;920,2;1016,1;920,2;919,3;126,9;19;18,8;null;18,8;18,2;null;null;12,9;null;null;null;116;3,3;1,2;
2023-03-08;1100;null;920,7;1016,1;920,7;920,2;560,5;20;20,4;19;20,4;18,8;19,9;17,9;13,3;100;86;92;134;4,7;1,7;
2023-03-08;1200;null;921,2;1016,4;921,3;920,7;746,1;22;21,1;17,9;21,1;20,2;19,5;17,4;13,3;96;80;82;96;5,6;1,1;
2023-03-08;1300;null;921,4;1016,1;921,5;921,3;954,3;23;22,6;18;22,9;21,1;18,7;17,6;13,6;87;74;75;132;2,7;1,3;
2023-03-08;1400;null;921,3;1015,6;921,5;921,3;1466,2;25;23,9;18,5;24,2;22,6;19,1;18;13,9;77;71;72;88;4,4;1,9;
2023-03-08;1500;null;920,8;1014,1;921,3;920,8;2597;27;26,6;18,9;26,8;23,9;19,5;17,9;13,7;75;62;63;74;5,7;2;
2023-03-08;1600;null;920,1;1013,2;920,8;920,1;3681,8;29;27;18,5;27,6;25,9;20,5;17,7;13,6;67;57;60;75;6,4;1,7;
2023-03-08;1700;null;919,2;1012;920,1;919,2;3162,7;30;27,6;19;28;26,5;19,4;17,6;13,6;63;55;59;90;5,5;1,6;
2023-03-08;1800;null;918,2;1011,2;919,2;918,2;2295,8;31;26,9;19,2;28,8;26,9;19,5;17,2;13,4;63;51;63;118;4,9;1,7;
2023-03-08;1900;null;918,2;1011,4;918,4;918,2;1049,6;30;26;19,2;27,1;26;19,8;18;13,1;68;59;66;79;4,8;1;
2023-03-08;2000;null;919,1;1013,6;919,1;918,1;412,7;27;22,6;16,9;25,9;22,6;19,3;16,2;13;71;62;70;28;6;2,4;
2023-03-08;2100;null;919;1014;919,1;918,6;82,4;25;20,9;18,5;22,7;20,9;18,5;17;12,8;86;70;86;304;4,5;1,6;
2023-03-08;2200;null;919,6;1014,9;919,6;919;3,5;23;20,3;null;20,9;20,3;null;null;12,8;null;null;null;299;3,4;1,4;
2023-03-08;2300;null;919,7;1015,1;919,7;919,5;-2,4;22;19,9;null;20,3;19,8;null;null;12,8;null;null;null;150;2,6;1,5;
2023-03-09;0000;null;920,3;1015,8;920,3;919,7;-2;21;19,9;null;20;19,9;null;null;12,8;null;null;null;147;2,6;1,1;
2023-03-09;0100;null;921,3;1016,9;921,3;920,3;-2,2;21;20;null;20,2;19,8;null;null;12,8;null;null;null;143;2,5;,8;
2023-03-09;0200;null;921,7;1017,2;921,7;921,3;-2,6;21;20,4;null;20,4;19,9;null;null;12,7;null;null;null;144;2,6;1,5;
2023-03-09;0300;null;921,7;1017,3;921,8;921,6;-1,8;21;19,9;null;20,4;19,8;null;null;12,7;null;null;null;147;2,6;1;
2023-03-09;0400;null;921,2;1016,7;921,7;921,2;-2;21;20,1;null;20,2;19,7;null;null;12,7;null;null;null;139;3,6;1,1;
2023-03-09;0500;null;920,9;1016,5;921,2;920,8;-2,4;21;19,9;null;20,3;19,9;null;null;12,7;null;null;null;161;3,6;,9;
2023-03-09;0600;null;920,2;1015,6;920,9;920,2;-2,4;21;20,1;null;20,2;19,9;null;null;12,7;null;null;null;127;2,5;1;
2023-03-09;0700;null;919,6;1015;920,2;919,6;-2,8;21;19,9;null;20,1;19,8;null;null;12,6;null;null;null;109;3,2;1,4;
2023-03-09;0800;null;920;1015,5;920;919,5;-2,9;21;19,8;null;20,1;19,7;null;null;12,6;null;null;null;119;3,3;1;
2023-03-09;0900;null;920,8;1016,6;920,8;920;-1,9;20;19,3;null;20;19,3;null;null;12,6;null;null;null;126;2,4;1,3;
2023-03-09;1000;null;921,4;1017,1;921,4;920,8;101,4;20;19,7;19,7;19,7;19,1;null;null;12,9;null;null;100;157;3;1,8;
2023-03-09;1100;null;921,8;1016,8;921,8;921,3;710,4;21;21,9;18,4;21,9;19,7;20,4;18;13,6;100;80;81;136;3,2;1,4;
2023-03-09;1200;null;922,1;1016,2;922,1;921,8;1455,9;23;24,6;18,9;24,7;21,7;19,4;17,7;13,8;81;71;71;99;4,1;1,5;
2023-03-09;1300;null;922;1015,5;922,2;921,9;3001,8;26;26,4;19,3;26,4;24,2;19,7;18,1;13,7;72;63;65;102;5,4;2;
2023-03-09;1400;null;921,7;1015;922;921,7;3224,7;28;26,9;17,2;27,8;25,6;20,1;17,2;13,7;68;55;55;58;5,3;2,3;
2023-03-09;1500;null;920,9;1013,7;921,7;920,9;2901,4;29;28,1;17,1;28,4;26,9;19,4;16,3;13,5;62;51;51;18;5,7;2,8;
2023-03-09;1600;null;920;1012,5;920,9;920;3441,7;30;28,7;16,6;29,3;27,7;18;15,9;13,5;53;45;48;322;6,3;2,1;
2023-03-09;1700;null;919,1;1011,6;920;919,1;2473,8;31;28,5;16,1;30;28,2;17,7;14,8;13,4;51;39;47;46;6;1,3;
2023-03-09;1800;null;null;null;null;null;null;null;null;null;null;null;null;null;null;null;null;null;null;null;null;
2023-03-09;1900;null;917,4;1010,4;null;null;171,6;30;26,5;16,7;null;null;null;null;13;null;null;55;300;null;2;
2023-03-09;2000;0;917,3;1010,5;917,5;917;527,5;28;26;19,5;26,7;26;19,7;16,9;13,1;68;55;68;331;2,9;,8;
2023-03-09;2100;0;918;1011,5;918;917,3;400,4;28;25,1;19,4;26,5;25,1;19,4;18,3;13;71;62;71;294;3,8;2,6;
2023-03-09;2200;0;919,3;1013,6;919,3;918;43,5;26;23;18,4;25,1;23;19,9;18,4;12,8;78;68;76;319;5,8;2,5;
2023-03-09;2300;0;920,1;1014,9;920,1;919,2;-3,4;24;21,9;18,9;23;21,9;18,9;18,1;12,8;83;75;83;265;4,4;,9;
2023-03-10;0000;0;920,8;1016;920,8;920,1;-3,1;23;20,8;18,4;21,9;20,8;18,9;18,3;12,8;86;82;86;308;3,6;2,2;
2023-03-10;0100;0;921,2;1016,8;921,3;920,8;-3,5;22;20;18,2;20,8;20;18,5;18,2;12,8;90;86;90;314;3,8;2,2;
2023-03-10;0200;,2;921;1016,6;921,2;921;-3,5;21;19,8;18,3;20;19,8;18,4;18,2;12,8;91;89;91;307;3,2;,5;
2023-03-10;0300;0;921;1016,7;921,2;921;-2,9;21;19,6;18,2;19,9;19,6;18,5;18,2;12,7;92;91;92;170;1,3;,6;
2023-03-10;0400;0;920,8;1016,5;921;920,7;-2,8;21;19,6;18,3;19,8;19,5;18,5;18,2;12,7;92;92;92;132;1,5;,8;
2023-03-10;0500;0;920,2;1015,9;920,8;920,2;-2,9;21;19,4;18,2;19,6;19,4;18,3;18,2;12,7;93;92;93;149;2;1;
2023-03-10;0600;0;919,8;1015,5;920,2;919,7;-3,3;20;19,2;18;19,4;19,2;18,2;18;12,7;93;93;93;136;2;,7;
2023-03-10;0700;0;919,6;1015,2;919,8;919,6;-2;20;19,4;18,2;19,4;19,2;18,3;18;12,7;93;93;93;133;1,7;,7;
2023-03-10;0800;0;919,5;1015;919,6;919,4;-2,2;20;19,8;18,4;19,9;19,3;18,6;18,1;12,6;93;92;92;150;2,2;1,3;
2023-03-10;0900;0;920,1;1015,4;920,1;919,5;-2,2;21;20,4;18,3;20,4;19,7;18,5;18,2;12,6;92;88;88;121;2,7;1,3;
2023-03-10;1000;0;920,7;1016;920,7;920,1;94,1;21;20,7;18,6;20,8;20,3;18,6;18,2;12,9;88;86;88;138;2,6;1,2;
2023-03-10;1100;0;921,1;1015,9;921,1;920,7;485;22;22,1;19,1;22,1;20,7;19,1;18,6;13,3;88;82;83;125;2,9;1,3;
2023-03-10;1200;0;921,4;1015,8;921,4;921,1;742,9;23;23,6;18,7;23,7;22,1;19,3;18,7;13,6;83;74;74;71;3,9;1,4;
2023-03-10;1300;0;921,8;1015,7;921,9;921,4;1670,1;25;25,1;18,4;25,4;23,6;19,5;18,1;13,7;76;66;67;37;4,7;2,4;
2023-03-10;1400;0;921,6;1015,1;921,9;921,6;2179,6;28;26,3;18,9;26,8;25;19,8;17,9;13,7;69;60;64;49;5,4;1,9;
2023-03-10;1500;0;920,7;1013,9;921,6;920,7;2633,6;29;27;18,6;28,4;26,2;19,6;17,7;13,4;65;55;60;93;6,4;1,3;
2023-03-10;1600;0;919,9;1013,4;920,7;919,8;1729,2;30;25,6;18,5;28,1;25,6;18,9;17,9;13,2;65;56;65;35;6,7;3,3;
2023-03-10;1700;2,2;919,3;1014,3;920;919,3;206,2;25;21,1;18,8;25,6;21,1;19,4;18,3;13,2;89;65;87;282;6,9;2,1;
2023-03-10;1800;11,6;919,9;1015,7;920,2;919,3;194,3;22;18,9;17,3;21,3;18,9;19,4;17,3;13;91;86;90;318;13,3;4,1;
2023-03-10;1900;5,6;919,4;1015;919,9;919,4;134,6;21;19,4;17,7;19,5;18,9;17,9;17,4;13;92;90;90;94;7,8;,8;
2023-03-10;2000;,4;919,3;1014,8;919,7;919,3;233,1;21;19,7;18;19,7;19,3;18;17,4;13,2;91;87;90;133;4,3;1,9;
2023-03-10;2100;,2;919,1;1014,4;919,3;919;131;21;20;18,1;20,2;19,7;18,2;17,9;12,9;90;88;89;126;4,3;1,2;
2023-03-10;2200;0;919,6;1015,1;919,6;919,1;6,6;21;19,8;18,1;20,1;19,8;18,2;18;12,8;90;89;90;171;3;1,4;
2023-03-10;2300;0;920,4;1016;920,4;919,6;-1,5;21;19,7;18,2;19,8;19,6;18,3;18;12,8;92;89;91;165;2,2;,9;
2023-03-11;0000;0;920,8;1016,4;921;920,4;-2,1;21;19,7;18,1;19,9;19,6;18,3;18;12,8;91;90;91;123;3;,9;
2023-03-11;0100;0;920,9;1016,6;921;920,8;-2,4;20;19,5;18,3;19,7;19,3;18,3;17,9;12,7;92;91;92;295;2,2;,5;
2023-03-11;0200;0;920,8;1016,6;920,9;920,7;-2;20;19,3;18,1;19,6;19,2;18,3;17,9;12,7;93;92;93;316;2,2;1,4;
2023-03-11;0300;,2;920,1;1015,9;920,8;920,1;-1,8;20;19,1;17,9;19,3;19,1;18,1;17,9;12,7;93;93;93;133;2,2;,8;
2023-03-11;0400;,4;919,4;1015,1;920,1;919,4;-1,6;20;19;17,9;19,1;19;17,9;17,8;12,7;93;93;93;137;2,5;1,3;
2023-03-11;0500;0;919,1;1014,8;919,4;919,1;-,7;20;19;17,9;19,1;18,9;17,9;17,8;12,7;93;93;93;143;2,5;1,1;
2023-03-11;0600;,2;919;1014,7;919,1;919;-1,7;20;19;17,8;19,2;19;18;17,8;12,7;93;93;93;136;3;1,2;
2023-03-11;0700;0;918,7;1014,3;919;918,7;-1,6;20;19;17,7;19,1;19;17,9;17,7;12,6;93;92;92;120;4,1;1,7;
2023-03-11;0800;0;918,9;1014,6;918,9;918,6;-,7;20;19;17,4;19,1;18,9;17,8;17,4;12,6;92;91;91;116;4,5;1,3;
2023-03-11;0900;0;919,4;1015,1;919,4;918,9;-1,6;20;19;17,5;19;18,8;17,5;17,3;12,6;91;91;91;149;3,5;1,5;
2023-03-11;1000;0;919,8;1015,5;919,8;919,4;86,9;20;19,2;17,5;19,2;18,9;17,5;17,4;12,8;91;90;90;140;2,9;,8;
2023-03-11;1100;0;920,5;1015,7;920,5;919,8;462,7;20;20,9;18;21;19,2;18,5;17,5;13,4;90;83;83;95;2,2;,8;
2023-03-11;1200;0;921,1;1016;921,1;920,5;987,8;22;22;18,2;22,1;20,9;18,6;17,7;13,7;84;77;79;119;2;,9;
2023-03-11;1300;0;921,4;1015,6;921,4;921,1;1594,8;24;24;17,5;24,4;22;19,3;17,2;13,8;80;66;67;32;2,4;1,2;
2023-03-11;1400;0;921;1014,8;921,4;921;2132,7;27;25,1;16,2;25,3;23,9;18,2;16,2;13,7;69;58;58;354;3,5;1,6;
2023-03-11;1500;0;920,3;1013,7;921;920,3;2622,3;28;26,1;17,2;27;25;18;15,3;13,8;61;50;58;22;5,3;1,1;
2023-03-11;1600;0;919,6;1013,1;920,3;919,6;2573,7;30;25,5;17,8;27,6;25,5;18,4;15,7;13,2;65;51;63;55;4,5;2;
2023-03-11;1700;0;918,7;1011,8;919,6;918,7;1868,2;28;26,5;16,8;26,8;23,8;19,5;16,7;13,7;72;54;55;36;6,1;2,1;
2023-03-11;1800;1,4;917,8;1011,8;918,8;917,8;1603,2;26;23,5;18,8;26,6;20,4;19,5;16,2;13,7;85;54;75;150;12,1;2,4;
2023-03-11;1900;0;917,7;1012,2;917,9;917,5;780,1;26;22,2;18,9;24,3;22,2;19,8;18,7;13,1;82;72;82;217;5,8;2,3;
2023-03-11;2000;,2;918,4;1013,4;918,5;917,7;293,9;24;20,7;18,2;22,9;20,7;19,3;18,2;13;86;78;86;253;6,9;2,7;
2023-03-11;2100;,4;918,8;1014;918,8;918,4;153;23;20,4;18,8;20,7;20,4;18,8;18,2;13;90;86;90;133;4,5;1,7;
2023-03-11;2200;0;919,4;1014,7;919,4;918,8;10,6;22;20,2;18,7;20,5;20,1;18,8;18,5;12,8;91;89;91;143;3,7;1;
2023-03-11;2300;0;920;1015,4;920;919,3;-2,8;21;20;18,5;20,3;20;18,7;18,4;12,8;91;90;91;143;2,4;1,1;
2023-03-12;0000;0;920,5;1016;920,6;920;-2,7;21;20;18,2;20,1;19,9;18,6;18,2;12,8;91;89;89;132;2,4;1,2;
2023-03-12;0100;0;920,9;1016,4;920,9;920,5;-2,5;21;20,1;18,3;20,1;19,9;18,4;18,2;12,8;91;89;89;135;2,4;,9;
2023-03-12;0200;22,2;921,3;1017,2;921,7;920,9;-1,2;21;18,9;17,7;20,2;18,9;18,4;17,7;12,8;93;89;93;314;6,2;1,4;
2023-03-12;0300;0;921;1016,9;921,3;921;-1,8;20;18,9;17,8;19;18,9;17,9;17,7;12,7;93;93;93;138;2,2;,7;
2023-03-12;0400;0;920,4;1016,2;921;920,4;-1,5;20;19;17,9;19,1;18,9;18;17,8;12,7;93;93;93;108;1,5;,6;
2023-03-12;0500;,2;919,6;1015,5;920,4;919,6;-2,5;20;18,6;17,6;19;18,5;17,9;17,4;12,7;93;93;93;144;2,1;1,1;
2023-03-12;0600;0;919,3;1015,2;919,6;919,2;-2,2;20;18,5;17,5;18,6;18,5;17,6;17,4;12,7;94;93;94;140;2,1;,7;
2023-03-12;0700;0;919,3;1015,1;919,3;919,1;-1,9;20;18,7;17,6;18,7;18,5;17,6;17,5;12,7;94;94;94;148;2,4;1,1;
2023-03-12;0800;0;919,6;1015,4;919,6;919,3;-1,9;20;18,9;17,9;18,9;18,6;17,9;17,6;12,6;94;94;94;126;2,8;1,3;
2023-03-12;0900;0;919,6;1015,5;919,7;919,5;-2;20;18,6;17,5;19;18,6;18;17,5;12,6;94;93;93;141;3,1;1,1;
2023-03-12;1000;0;920,1;1016;920,1;919,6;60,8;19;18,6;17,4;18,6;18,4;17,5;17,3;12,7;93;93;93;138;2,3;1,1;
2023-03-12;1100;0;920,6;1015,9;920,6;920,1;644,5;20;20,6;18,3;20,6;18,6;18,5;17,4;13,4;93;85;87;116;2,5;,9;
2023-03-12;1200;0;920,7;1015,2;920,8;920,5;1513,5;22;23;19,1;23;20,6;19,1;18;14;87;75;79;99;3,8;1,5;
2023-03-12;1300;0;920,7;1014,7;920,8;920,6;2544,4;25;24,5;18;24,8;23;18,9;17,8;13,8;79;67;67;69;4,4;1,5;
2023-03-12;1400;,2;920,6;1014,2;920,7;920,6;2598,3;27;25,7;18;26,5;24,4;19,3;17,2;13,5;70;60;62;310;3,5;,9;
2023-03-12;1500;0;920,4;1013,6;920,6;920,4;1975;28;26,8;18,1;26,8;25,4;19,6;17,3;13,7;69;57;59;151;3;1,1;
2023-03-12;1600;0;919,4;1012;920,4;919,4;2687,2;30;28,3;17,9;28,4;26,5;18,6;16,1;13,5;59;49;53;281;6,6;1,7;
2023-03-12;1700;0;918,6;1012;919,4;918,6;1596,5;30;25,7;19,1;28,8;25,2;19,4;16,3;13,7;68;48;67;49;5;1,1;
2023-03-12;1800;0;917,9;1011,5;918,6;917,8;1487,7;29;24,8;19,8;26,1;24,7;20,3;18,6;13,1;75;65;74;123;4,1;1,2;
2023-03-12;1900;0;917,5;1011,5;918,1;917,5;1310,7;27;23,6;19,2;24,8;22,4;20,2;18,3;13,9;84;73;76;115;6,6;1,9;
2023-03-12;2000;0;918,5;1012,8;918,5;917,5;1093,6;26;22,9;18,6;24,2;22,9;20,1;18,2;13;80;74;77;214;5;2,7;
2023-03-12;2100;,6;918,3;1013,2;918,6;917,9;268,1;24;21;18,8;23,3;20,9;19,3;17,4;13;88;72;87;112;5,6;1,2;
2023-03-12;2200;0;919,1;1014;919,1;918,3;19,9;23;21,2;19,3;21,2;20,8;19,4;18,7;12,8;90;87;89;141;2,4;1,3;
2023-03-12;2300;,2;919,7;1014,9;919,7;919,1;-3,4;22;20,5;19,1;21,2;20,5;19,3;18,9;12,8;91;89;91;146;2,9;1,7;
2023-03-13;0000;,2;920,1;1015,4;920,1;919,7;-3,1;22;20,4;18,9;20,7;20,4;19,2;18,9;12,8;92;91;91;137;3;1,1;
2023-03-13;0100;0;920,6;1016,1;920,6;920,1;-2,6;21;20;18,6;20,4;20;19;18,5;12,8;92;91;91;149;2;1;
2023-03-13;0200;0;920,8;1016,5;920,8;920,6;-3;21;19,6;18,3;20;19,6;18,6;18,3;12,8;92;91;92;149;1,9;1;
2023-03-13;0300;0;920,7;1016,4;920,9;920,7;-3;21;19,4;18,3;19,6;19,2;18,4;18;12,7;93;92;93;162;2,2;1,6;
2023-03-13;0400;0;920,3;1016;920,7;920,3;-2,9;20;19,2;17,9;19,5;19;18,3;17,7;12,7;93;91;92;143;2,4;1,2;
2023-03-13;0500;0;919,8;1015,6;920,3;919,7;-3,3;20;18,9;17,3;19,2;18,9;17,9;17,3;12,7;92;90;91;145;2,6;1,4;
2023-03-13;0600;0;919,3;1015,1;919,8;919,3;-3,4;20;18,6;17,3;18,9;18,4;17,5;17,1;12,7;92;91;92;157;2,7;1,5;
2023-03-13;0700;0;919;1014,8;919,3;918,9;-3,2;19;18,7;17,2;19,1;18,6;17,5;17;12,7;92;90;91;153;3,3;1,3;
2023-03-13;0800;0;919,5;1015,3;919,5;919;-3,3;19;18,7;17,3;19;18,6;17,5;17,2;12,6;92;91;92;166;3,1;1;
2023-03-13;0900;,4;919,9;1015,7;919,9;919,5;-3,3;19;19;17,6;19,3;18,6;17,9;17,2;12,6;92;91;91;135;3;1;
2023-03-13;1000;0;920,6;1016,1;920,6;919,9;168,3;20;19,9;18,2;19,9;19;18,2;17,5;13;92;90;90;130;3,4;1,3;
2023-03-13;1100;0;921,2;1016,1;921,3;920,6;747,8;21;21,8;19;21,8;19,9;19,2;18,2;13,5;90;83;84;124;3,4;1,4;
2023-03-13;1200;0;921,9;1016,3;921,9;921,2;1288,6;23;23,7;19,2;23,8;21,8;19,7;18,8;13,8;85;75;76;106;5;1,9;
2023-03-13;1300;0;922,1;1016,1;922,1;921,8;1945,2;26;24,9;19;25,3;23,6;19,9;18,7;13,7;76;68;70;56;4,6;2,1;
2023-03-13;1400;0;921,8;1015,3;922,1;921,8;2657,1;28;26,3;19,9;26,4;24,9;20;18,5;13,6;73;63;68;52;4,6;1,5;
2023-03-13;1500;0;921,2;1014,8;921,8;921,2;2054,8;29;25,8;19,2;27,2;25,8;20;18,6;13,5;68;61;67;29;4,5;2,6;
2023-03-13;1600;0;919,9;1012,9;921,2;919,9;2380,8;29;27,3;19,4;27,7;25,8;20,5;18,2;13,5;69;59;62;63;4,7;1,8;
2023-03-13;1700;0;919,7;1013,2;919,9;919,6;616,1;29;25,6;18,7;27,3;25,4;19,6;17,2;13,1;70;56;66;303;4,5;,6;
2023-03-13;1800;0;920,1;1015,4;920,1;919,7;162,1;25;20,4;17,6;25,7;20,4;19,2;17,4;13,1;85;64;84;187;11,7;5,1;
2023-03-13;1900;1,2;919,9;1015,4;920,1;919,9;189;22;19,9;17,3;20,6;19,9;18,5;17,2;13,1;89;84;85;117;8,8;1,6;
2023-03-13;2000;1,4;919,6;1015;920;919,6;100,2;22;20;18,2;20,1;19,6;18,3;17,3;12,9;90;85;89;126;3,5;,7;
2023-03-13;2100;,6;919,6;1015,1;919,6;919,5;38,6;21;19,7;17,9;20;19,7;18,2;17,8;12,8;90;88;89;143;3,1;1,7;
2023-03-13;2200;,4;919,7;1015,3;919,7;919,6;3,3;21;19,5;18;19,8;19,4;18,1;17,8;12,8;92;89;91;117;3,2;1,5;
2023-03-13;2300;0;920;1015,7;920;919,6;-2,8;20;19,3;17,6;19,5;19,3;18;17,5;12,8;91;90;90;161;3,1;1,2;
2023-03-14;0000;0;921,2;1017;921,2;920;-2,4;20;19,2;17,5;19,6;19,2;17,6;17,3;12,8;90;88;90;153;2,4;1,1;
2023-03-14;0100;0;921,6;1017,5;921,6;921,2;-1,9;20;19,2;17,7;19,4;19,1;18;17,5;12,7;92;90;91;156;2,3;,9;
2023-03-14;0200;0;921,5;1017,4;921,7;921,5;-1,2;20;19,1;17,8;19,2;19;17,8;17,6;12,7;92;91;92;119;1,8;,9;
2023-03-14;0300;0;921,4;1017,2;921,5;921,3;-1,5;20;19,3;18;19,4;18,9;18,1;17,6;12,7;93;92;92;294;2;,7;
2023-03-14;0400;0;920,7;1016,5;921,4;920,7;-2,1;20;19,1;17,8;19,3;19;18;17,7;12,7;93;92;92;297;2,3;1,3;
2023-03-14;0500;0;920,2;1016,1;920,7;920,2;-2,6;20;18,7;17,5;19,1;18,6;17,9;17,4;12,7;93;92;93;309;2,3;,2;
2023-03-14;0600;0;920;1015,9;920,2;920;-1,9;20;18,7;17,6;18,9;18,7;17,7;17,5;12,6;93;93;93;188;1;,8;
2023-03-14;0700;0;920,1;1015,9;920,1;920;-1,6;20;18,9;17,8;18,9;18,6;17,8;17,5;12,6;93;93;93;166;1,8;,9;
2023-03-14;0800;0;920,3;1015,9;920,3;920,1;-1,7;20;19,7;18,6;19,7;18,9;18,6;17,9;12,6;93;93;93;158;1,8;,6;
2023-03-14;0900;0;920,6;1016,3;920,6;920,3;-1,7;20;19,5;18,2;19,9;19,5;18,6;18,1;12,6;93;91;92;132;1,9;1;
2023-03-14;1000;0;921,2;1016,7;921,2;920,6;128,8;20;20,2;18,8;20,2;19,5;18,8;18,2;13;92;91;91;136;2,7;1,2;
2023-03-14;1100;0;921,9;1017;921,9;921,2;559,6;21;21,5;19;21,6;20,2;19,3;18,8;13,4;91;85;86;105;3,8;1,6;
2023-03-14;1200;0;921,9;1016,2;922;921,9;1000,6;23;24;19,6;24;21,5;20;19;13,9;87;75;76;77;3,8;1,5;
2023-03-14;1300;0;921,9;1015,8;921,9;921,8;2202,2;26;25,1;18,6;25,1;24;19,8;18,2;13,8;77;67;67;70;6,8;2,1;
2023-03-14;1400;0;921,7;1015,3;921,9;921,7;3023,3;28;26,1;18,6;26,8;24,8;19,6;18,2;13,7;70;61;63;56;6,2;2,6;
2023-03-14;1500;0;921,4;1014,9;921,8;921,3;2325,1;29;26,3;17,9;26,5;25,8;19,2;17,5;13,7;67;58;60;62;5,5;2,1;
2023-03-14;1600;0;920,4;1013,8;921,4;920,4;2008,7;29;26,3;18,1;27,1;26,1;19,2;17,3;13,7;63;57;61;50;5,9;2,1;
2023-03-14;1700;0;919,7;1013;920,4;919,7;1334,1;29;26,3;17,8;26,9;26,2;18,8;17,2;13,7;62;57;60;128;4,1;1,4;
2023-03-14;1800;0;919,4;1013;919,7;919,2;1300,2;29;25,2;18,5;26,9;25,2;18,9;17,4;13,2;68;57;67;119;3,7;1,6;
2023-03-14;1900;0;918,7;1012,1;919,4;918,7;854,7;28;25,7;18,9;25,8;25,2;19,4;18,3;13,7;69;63;66;122;3,7;,8;
2023-03-14;2000;0;918,7;1012,4;918,7;918,5;508,4;28;24,8;19,2;25,9;24,8;19,6;18,4;13;72;65;71;117;2;,7;
2023-03-14;2100;0;919;1013,1;919;918,6;71,7;26;23,6;19,3;24,8;23,6;20,4;18,9;12,9;82;70;77;169;1,7;1,1;
2023-03-14;2200;,4;919,8;1014,6;919,8;919;-2,3;25;21,9;20,2;23,6;21,9;20,2;19,2;12,8;90;76;90;154;1,7;,8;
2023-03-14;2300;,6;920,3;1015,3;920,3;919,8;-2,6;24;21,5;20;21,9;21,5;20,3;20;12,8;91;90;91;81;1,4;,3;
2023-03-15;0000;0;921;1016,1;921;920,3;-2,3;23;21,2;19,9;21,5;21;20;19,8;12,8;92;91;92;153;1,4;1;
2023-03-15;0100;0;921,2;1016,5;921,2;921;-2,6;22;20,7;19,4;21,3;20,7;19,9;19,4;12,8;92;92;92;199;1,3;,3;
2023-03-15;0200;0;921,2;1016,6;921,4;921,2;-3,2;22;20,6;19,4;20,7;20,4;19,5;19,2;12,8;93;92;93;152;1,6;,9;
2023-03-15;0300;0;921,1;1016,5;921,2;920,9;-2,6;21;20,5;18,6;20,7;20,1;19,5;18,6;12,7;93;89;89;132;3,2;1,2;
2023-03-15;0400;0;920,9;1016,6;921,2;920,9;-3,1;21;19,5;18;20,5;19,5;18,6;17,9;12,7;91;88;91;164;3,2;,4;
2023-03-15;0500;0;920,7;1016,3;920,9;920,7;-2,5;21;19,7;18,4;19,9;19,2;18,6;17,6;12,7;92;89;92;313;2,3;1,4;
2023-03-15;0600;0;920,4;1016,1;920,7;920,4;-1,1;21;19,4;18,2;19,7;19,2;18,3;18;12,7;93;92;93;179;2,3;,7;
2023-03-15;0700;0;920;1015,7;920,4;920;-1,9;20;19,1;17,9;19,4;19,1;18,2;17,8;12,7;93;92;92;169;1,5;,6;
2023-03-15;0800;0;920;1015,7;920;919,9;-2,3;20;19,2;17,8;19,4;19,1;18,1;17,8;12,6;93;91;91;153;1,9;1,2;
2023-03-15;0900;0;920,4;1016,1;920,4;920;-2,2;20;19,3;17,8;19,5;19,1;18;17,7;12,6;92;91;91;147;2,2;1,2;
2023-03-15;1000;0;920,8;1016,5;920,8;920,4;65,9;20;19,5;17,8;19,6;19,2;17,8;17,7;12,7;91;89;89;147;2,8;1,1;
2023-03-15;1100;0;921,2;1016,5;921,2;920,8;401;21;20,8;18,2;20,9;19,5;18,4;17,8;13,3;90;84;85;141;2,2;1;
2023-03-15;1200;0;921,5;1016,3;921,5;921,2;774,2;22;22,2;18,4;22,2;20,8;18,8;17,9;13,6;85;78;79;114;4,4;1,7;
2023-03-15;1300;0;921,6;1015,9;921,6;921,5;1379,8;24;23,8;18,4;24;22,2;18,8;17,9;13,8;79;70;72;105;4,8;1,7;
2023-03-15;1400;,2;921,4;1015,3;921,6;921,3;2167,6;26;24,9;18;25,2;23,8;18,9;17,1;13,7;73;62;66;60;7;3,1;
2023-03-15;1500;0;921;1014,1;921,4;921;3033,7;28;27,4;19,2;27,4;24,7;19,2;17,2;13,7;68;55;61;79;6,6;1,5;
2023-03-15;1600;0;920,2;1013,4;921;920,2;3265,3;30;26,9;17,1;28,5;26,7;19,1;16,8;13,5;61;50;55;51;6,1;2,4;
2023-03-15;1700;0;919,2;1012,3;920,2;919,2;2165,7;30;26,7;17,7;27,7;26,7;19,1;17,1;13,6;60;54;58;95;5,2;1,7;
2023-03-15;1800;0;918;1010,7;919,2;918;1740,2;30;27,5;17,9;27,7;26,7;18,6;17,2;13,7;61;54;56;80;5,8;1,2;
2023-03-15;1900;0;917,4;1010,3;918;917,4;1400,6;30;26,7;16,8;28,1;26,7;18,6;16,1;13,1;59;50;55;111;4,1;,6;
2023-03-15;2000;0;917,5;1011,8;917,6;917,3;227,5;27;22,5;18;26,8;22,5;18,7;16,7;13;76;55;76;239;6,1;2,2;
2023-03-15;2100;0;917,5;1012,1;917,5;917,4;110,4;25;21,8;19,1;22,6;21,8;19,2;18;12,9;84;75;84;318;4,1;1,5;
2023-03-15;2200;0;918,1;1012,9;918,1;917,5;8,3;23;21,3;19;21,8;21,2;19,3;19;12,8;89;84;87;324;2,2;1,4;
2023-03-15;2300;0;918,7;1014;918,7;918,1;-3,5;22;20;18,4;21,3;20;19;18,4;12,8;91;87;91;142;1,7;1;
2023-03-16;0000;0;919,2;1014,7;919,2;918,6;-3,5;21;19,5;18,3;20,1;19,5;18,8;18,3;12,8;93;91;93;154;2,3;,3;
2023-03-16;0100;0;919,8;1015,5;919,8;919,2;-3,5;20;19,2;18;19,5;18,7;18,3;17,6;12,8;93;93;93;124;1,2;,7;
2023-03-16;0200;0;919,9;1015,6;920;919,8;-3,2;20;19,1;17,9;19,3;18,9;18,2;17,7;12,7;93;93;93;57;1,2;,5;
2023-03-16;0300;0;919,9;1015,7;920;919,9;-2,3;20;18,8;17,7;19,1;18,6;17,9;17,5;12,7;93;93;93;161;3,1;1,7;
2023-03-16;0400;0;919,6;1015,5;920;919,6;-2,8;20;18,5;17,3;18,9;18,5;17,7;17,3;12,7;93;93;93;156;3,1;1,2;
2023-03-16;0500;0;919,6;1015,4;919,7;919,5;-1,7;20;18,7;17,4;18,8;18,5;17,7;17,3;12,7;93;93;93;174;2,3;,9;
2023-03-16;0600;0;919,5;1015,4;919,6;919,4;-3,2;19;18,4;17,3;18,9;18,1;17,6;17;12,7;93;92;93;276;1,9;,7;
2023-03-16;0700;0;919,2;1015,1;919,5;919,2;-2,6;19;18,3;17,1;19;18,3;17,8;17,1;12,7;93;92;92;125;2,6;,7;
2023-03-16;0800;,2;919,4;1015,6;919,4;919,2;-3,2;19;17,7;16,5;18,3;17,6;17,1;16,4;12,6;93;92;93;135;2,6;1,4;
2023-03-16;0900;0;919,8;1016;919,8;919,4;-2,9;19;17,6;16,4;17,7;17,6;16,6;16,4;12,6;93;92;92;155;2,9;1,2;
2023-03-16;1000;0;920;1015,8;920;919,8;121,4;19;19;16,6;19;17,5;16,7;16,2;12,9;92;86;86;124;3,6;1,6;
2023-03-16;1100;0;920,6;1015,6;920,6;920;953,7;20;21,6;16,9;21,7;19;17,5;16,5;13,7;86;74;74;108;7;2,6;
2023-03-16;1200;0;921;1015,2;921;920,6;1846,8;23;24;17,1;24,1;21,6;17,8;16,8;13,8;76;64;65;108;7;2,2;
2023-03-16;1300;0;921,4;1015,6;921,5;921;2160,8;25;24,2;16,9;25,2;23,8;18,2;16,5;13,8;68;62;64;73;6,9;2,2;
2023-03-16;1400;0;920,8;1014,6;921,4;920,8;2528,6;27;25,1;17,2;26,3;24,1;18,4;16,2;13,7;67;57;62;77;8,1;1,8;
2023-03-16;1500;0;920,3;1013,5;920,8;920,3;3465,4;28;26,7;17,6;27,2;25,1;19,2;16,5;13,6;65;53;57;70;6,9;2;
2023-03-16;1600;0;919,7;1012,6;920,4;919,7;3493,2;29;27,5;17,1;27,9;26,4;19;16,6;13,5;62;51;53;57;7,1;2,7;
2023-03-16;1700;0;918,9;1011,7;919,7;918,9;3276,8;30;27,7;17,5;28,3;26,8;18,2;16;13,5;57;49;54;66;7,2;2,2;
2023-03-16;1800;0;918,1;1010,6;918,9;918;2674,8;31;28,2;17,5;28,5;27,3;17,5;15,3;13,6;54;47;52;50;6,1;2,2;
2023-03-16;1900;0;917,1;1009,6;918,1;917,1;2064,7;31;27,8;15,5;28,6;27,7;17,8;14,7;13,7;53;44;47;73;4,6;1,7;
2023-03-16;2000;0;916,6;1009,2;917,1;916,5;1209,6;31;27,5;16,5;28,2;27,5;17,4;15,6;13,1;53;47;51;124;3,8;,7;
2023-03-16;2100;0;916,9;1010,4;916,9;916,5;489,6;30;24,9;16,4;27,7;24,9;18,1;15,7;13;59;51;59;146;4;1,5;
2023-03-16;2200;0;917,6;1011,9;917,6;916,9;10,8;26;22,7;16,6;24,9;22,7;16,7;16;12,8;69;58;69;162;3,3;,9;
2023-03-16;2300;0;918,3;1013,2;918,3;917,6;-3,5;24;21;17,1;22,8;21;17,3;16,6;12,8;79;68;79;148;2,3;1,4;
2023-03-17;0000;0;918,9;1014,3;918,9;918,3;-3,5;22;19,8;17,2;21;19,8;17,4;17,1;12,8;85;79;85;157;2,5;1,6;
2023-03-17;0100;0;919,5;1015;919,5;918,9;-3,5;21;19,6;17,1;20;19,4;17,6;17,1;12,8;88;84;86;154;2,5;,6;
2023-03-17;0200;0;919,8;1015,4;919,8;919,5;-3,5;21;19,4;17,2;19,8;19,1;17,3;16,9;12,8;88;85;87;128;2,3;1;
2023-03-17;0300;0;919,5;1015,3;919,8;919,5;-3,5;20;18,7;16,9;19,4;18,7;17,2;16,8;12,7;89;86;89;129;1,7;,4;
2023-03-17;0400;0;919,1;1014,6;919,5;919,1;-3,5;20;19,6;16,7;19,6;18,4;17,1;16,6;12,7;90;83;83;166;3,2;1;
2023-03-17;0500;0;919,1;1014,5;919,3;919,1;-3,5;20;19,7;15,8;20,1;19,4;16,6;15,8;12,7;83;77;78;129;2,6;1,1;
2023-03-17;0600;0;919,1;1014,8;919,3;919;-3,5;20;18,9;15,7;19,7;18,7;15,9;15,5;12,7;82;78;82;138;3,9;1,4;
2023-03-17;0700;0;918,8;1014,7;919,1;918,8;-3,5;19;18,2;15,5;19;18;15,7;15,4;12,7;85;81;84;147;3,9;1,5;
2023-03-17;0800;0;918,9;1014,9;918,9;918,7;-3,5;19;17,9;15,2;18,5;17,9;15,6;15,2;12,6;85;83;84;134;3,4;,8;
2023-03-17;0900;0;919,5;1015,5;919,5;918,9;-3,5;19;18,2;15,5;18,7;17,9;15,6;15,3;12,6;85;82;84;137;3,8;1,5;
2023-03-17;1000;0;920,3;1015,9;920,3;919,5;191,6;19;19,5;16;19,5;18,1;16;15,5;13,1;85;80;80;140;4;1,3;
2023-03-17;1100;0;920,9;1016,2;920,9;920,3;756,7;21;20,8;16,7;20,8;19,5;16,8;15,8;13,4;80;76;77;125;4,3;1,5;
2023-03-17;1200;0;921,6;1016,5;921,6;920,9;902;22;22;16,5;22,1;20,8;17,2;16,3;13,7;77;70;71;107;3,9;1,4;
2023-03-17;1300;0;921,7;1016,2;921,7;921,6;1355,5;24;23,2;16,8;23,3;22;17,4;16,4;13,9;73;65;67;109;4,5;1,2;
2023-03-17;1400;0;921,8;1016,1;921,8;921,6;1648,5;25;23,9;16,5;24,4;23;17,3;16,2;13,8;69;62;63;103;5,3;1,6;
2023-03-17;1500;0;921,3;1015,3;921,8;921,3;2482,4;27;24,6;16,4;25,5;23,7;18;16,4;13,8;67;59;60;57;5,2;2,5;
2023-03-17;1600;0;920,5;1013,8;921,3;920,5;2959,4;28;26,4;17,4;26,7;24,6;18,7;16,5;13,7;64;56;58;28;5,6;2,9;
2023-03-17;1700;0;919,8;1013,3;920,5;919,8;2004;29;25,7;16,9;27;25,5;18,3;16,3;13,7;61;55;58;20;5,4;2,8;
2023-03-17;1800;0;918,9;1012,3;919,8;918,9;1375,4;28;25,6;17;25,9;25,4;18;16,3;13,4;63;56;59;41;4,8;1,9;
2023-03-17;1900;0;918,6;1012;918,9;918,6;963,2;28;25,5;16,4;25,7;25,4;17,7;16,4;13,2;63;57;57;118;3,8;,7;
2023-03-17;2000;0;918,1;1012,2;918,6;918,1;580,2;27;23,4;17,3;25,5;23,4;18,1;16,4;13,1;71;57;69;146;5,8;1,4;
2023-03-17;2100;0;918,1;1012,5;918,2;918,1;344,5;25;22,5;18,2;23,4;22,3;18,7;17,4;13;80;69;77;141;3,3;1;
2023-03-17;2200;0;918,4;1013,6;918,4;918;32,5;24;20,3;17,9;22,5;20,3;18,7;17,9;12,8;86;77;86;99;2,1;,4;
2023-03-17;2300;0;918,9;1014,4;918,9;918,4;-3,5;22;19,4;17,9;20,3;19,4;18,5;17,4;12,8;91;86;91;149;2,4;,6;
2023-03-18;0000;0;919,6;1015,5;919,6;918,9;-3,5;20;18,6;17,2;19,5;18,5;18;17,2;12,8;92;90;92;120;1,5;,3;
2023-03-18;0100;0;920,1;1016,3;920,1;919,6;-3,5;20;17,9;16,7;18,6;17,9;17,3;16,7;12,8;93;92;93;156;1,4;,9;
2023-03-18;0200;0;920,1;1016,5;920,2;920;-3,5;19;17,1;16;18;17,1;16,8;16;12,7;93;93;93;141;2,1;,9;
2023-03-18;0300;0;920,1;1016,6;920,1;920;-3,4;18;17;15,9;17,4;17;16,3;15,9;12,7;93;93;93;163;1,6;1,3;
2023-03-18;0400;0;920,1;1016,8;920,2;919,9;-3,2;18;16,5;15,4;17,2;16,4;16,1;15,3;12,7;93;93;93;148;2,1;1;
2023-03-18;0500;0;920;1016,6;920,1;919,8;-3,5;17;16,5;15,5;16,6;16,2;15,5;15,1;12,7;93;93;93;163;2,2;1,2;
2023-03-18;0600;0;919,9;1016,6;920;919,9;-3,5;17;16,2;14,8;16,8;16,1;15,6;14,6;12,7;93;90;91;155;2,2;1,4;
2023-03-18;0700;0;919,9;1016,5;919,9;919,8;-3,5;17;16,6;14,4;16,6;16;14,8;14,4;12,6;91;87;87;161;2,7;1,5;
2023-03-18;0800;,2;919,9;1016,7;919,9;919,8;-3,5;17;15,9;14;16,6;15,7;14,7;14;12,6;90;87;89;153;2,8;1,7;
2023-03-18;0900;0;920,4;1017,1;920,4;919,9;-3,4;17;16,6;14,6;16,6;15,9;14,7;14,1;12,6;89;87;88;143;3,1;1,6;
2023-03-18;1000;0;920,9;1017,1;920,9;920,4;130,2;17;18;15,3;18;16,6;15,4;14,5;12,9;88;84;84;133;2,7;1,1;
2023-03-18;1100;0;921,4;1016,6;921,4;920,9;925,6;19;21,1;16,3;21,1;18;16,7;15,3;13,8;84;74;74;139;2,7;1,1;
2023-03-18;1200;0;921,6;1016,1;921,7;921,4;1814,5;22;23,4;16,7;23,5;20,9;17,1;15,9;13,9;75;64;66;107;6;2,4;
2023-03-18;1300;0;921,7;1015,5;921,7;921,5;2579;25;25,4;17,1;25,6;23,4;18,1;16,1;13,8;67;60;60;74;6,1;2;
2023-03-18;1400;0;921,7;1015,2;921,9;921,7;3184;27;26,3;17,8;26,4;24,9;18,4;16,5;13,7;64;57;59;56;7,6;2,5;
2023-03-18;1500;0;921,2;1014,5;921,7;921,2;3155,1;28;26,7;17,6;28,2;25,5;18,9;16;13,6;63;51;57;40;6,1;3,1;
2023-03-18;1600;0;920,5;1013,2;921,2;920,5;2550,7;29;28,4;16,6;28,9;25,6;18,7;15,8;13,6;61;49;49;69;6,4;2,2;
2023-03-18;1700;0;919,7;1012,4;920,5;919,7;2374,3;30;28,2;16,2;28,6;27;17,8;14,8;13,6;55;45;48;54;5,2;1,9;
2023-03-18;1800;0;918,7;1011,1;919,7;918,7;3064,7;31;28,7;16,3;29;28;17,7;14,6;13,6;52;43;47;116;4,4;2,1;
2023-03-18;1900;0;918,2;1010,5;918,7;918,2;2353,7;32;28,9;14,7;29,1;28,5;17,3;13,9;13,5;49;40;42;125;4,5;1,4;
2023-03-18;2000;0;918,1;1011,3;918,3;918;895,5;31;26,2;17;29;26,2;17,4;14,1;13;58;40;57;17;3,5;,7;
2023-03-18;2100;0;918,6;1012,7;918,6;918;111,5;28;23,5;18;26,2;23,5;18,7;16,4;12,9;72;57;72;289;4,6;2,7;
2023-03-18;2200;0;919,1;1013,9;919,1;918,6;6,9;25;21,5;18,1;23,5;21,5;18,1;17,8;12,8;81;71;81;333;4,9;1,1;
2023-03-18;2300;0;919,7;1015;919,7;919,1;-3,5;23;20,4;17,8;21,5;20,2;18,2;17,6;12,8;85;81;85;156;2,3;,9;
2023-03-19;0000;0;920,3;1015,9;920,3;919,7;-3,5;22;19,7;17,9;20,6;19,7;18,2;17,8;12,8;89;85;89;145;2,7;1,3;
2023-03-19;0100;0;920,8;1016,6;920,8;920,3;-3,5;21;19,2;17,7;19,9;19,1;18;17,5;12,8;91;89;91;140;2,1;,8;
2023-03-19;0200;0;920,9;1016,8;920,9;920,7;-3,5;20;18,8;17,3;19,2;18,5;17,7;16,9;12,8;91;90;91;156;1,6;1,2;
2023-03-19;0300;0;920,6;1016,6;920,9;920,6;-3,3;20;18,4;16,8;19,1;18,3;17,6;16,6;12,7;91;90;90;164;2;,6;
2023-03-19;0400;0;920;1016,1;920,6;920;-3,5;19;18,1;16;19,1;18,1;16,8;15,9;12,7;91;84;88;162;2;1;
2023-03-19;0500;0;919,7;1015,8;920;919,7;-3,5;19;17,9;16,1;18,7;17,7;16,7;15,8;12,7;90;86;89;286;1,7;,5;
2023-03-19;0600;0;919,3;1015,6;919,7;919,3;-3,4;19;17,2;15,9;18;17,2;16,3;15,8;12,7;92;89;92;148;2,5;1,3;
2023-03-19;0700;0;919,2;1015,5;919,3;919,1;-3,5;18;17,2;16;17,3;16,9;16;15,7;12,6;93;92;93;146;2,2;1,4;
2023-03-19;0800;0;919,5;1015,8;919,5;919,2;-3,3;18;17,4;15,9;18;16,9;16,5;15,7;12,6;93;90;91;156;2,4;1,5;
2023-03-19;0900;0;919,9;1016;919,9;919,5;-3,3;18;17,9;16,1;18;16,9;16,3;15,5;12,6;92;89;89;151;3;1,5;
2023-03-19;1000;0;920,5;1016,3;920,5;919,9;101,2;18;19,1;16,6;19,1;17,9;16,6;16,1;12,9;89;85;85;143;3,4;1,5;
2023-03-19;1100;0;921,2;1016;921,2;920,5;969,1;21;22,3;17,5;22,3;19,1;17,9;16,6;13,7;85;74;74;128;4,3;1,8;
2023-03-19;1200;0;921,8;1015,7;921,8;921,2;1831,6;24;25,2;18;25,3;22,3;18,6;17,2;13,8;75;62;64;83;5,2;1,9;
2023-03-19;1300;0;921,7;1015,1;921,8;921,7;2513,7;27;26,5;18;26,8;25;18,8;17,1;13,7;65;58;60;56;6,3;2,1;
2023-03-19;1400;0;921,3;1014,1;921,8;921,3;3176,6;29;28,2;17,9;28,2;26,5;18,9;16,6;13,6;62;51;54;53;6,8;2,7;
2023-03-19;1500;0;920,8;1013,5;921,3;920,7;3528,1;30;28,6;16,2;29,3;27,8;18,2;14,9;13,5;55;42;47;68;6;2,3;
2023-03-19;1600;0;920,1;1012,7;920,8;920;2644,7;31;28,5;15,5;29;27,9;18;14,4;13,6;52;42;45;28;6,5;2,6;
2023-03-19;1700;0;919,4;1011,7;920,1;919,4;3115,2;31;29,4;13,9;29,6;28,1;15,9;11,7;13,5;46;33;39;19;6,5;2,9;
2023-03-19;1800;0;918,4;1010,5;919,4;918,4;2888,9;33;29,6;14,3;30,5;29,4;16,4;13;13,2;44;35;39;359;6;1,8;
2023-03-19;1900;0;917,9;1010;918,4;917,9;1471,2;32;29,3;15,5;29,6;28,5;16,9;13,9;13,4;49;39;43;40;4,9;1;
2023-03-19;2000;0;917,8;1010,6;918;917,8;1000;32;27,1;15,8;29,8;27,1;16,5;14,8;13;51;40;50;129;3,5;1,1;
2023-03-19;2100;0;918;1011,7;918,1;917,8;107,2;28;24,6;15;27,1;24,3;16,7;14,9;12,9;60;50;55;150;5,2;1,2;
2023-03-19;2200;0;919;1013,7;919;918;,7;25;22;16,8;24,7;21,8;16,8;15,1;12,8;73;55;73;241;4,4;1,3;
2023-03-19;2300;0;919,7;1014,9;919,7;919;-3,5;23;20,5;17,4;22;20,5;17,5;16,6;12,8;82;72;82;218;2,1;,8;
2023-03-20;0000;0;920,4;1016;920,4;919,7;-3,5;22;19,6;17;20,9;19,6;17,4;17;12,8;86;79;85;166;2;,9;
2023-03-20;0100;0;921;1016,9;921;920,4;-3,5;21;18,9;16,7;19,8;18,9;17,1;16,6;12,8;87;83;87;141;2,2;1,1;
2023-03-20;0200;0;921,1;1017,2;921,1;921;-3,5;20;18,3;16,6;19;18,3;16,9;16,4;12,8;90;87;90;129;1,8;1,1;
2023-03-20;0300;0;920,9;1017,2;921,1;920,9;-3,5;19;17,8;16,3;18,3;17,8;16,7;16,2;12,7;91;89;91;143;2,1;1;
2023-03-20;0400;0;920,3;1016,6;920,9;920,3;-3,5;19;17,5;16,1;18,1;17,4;16,4;15,9;12,7;91;89;91;149;2,6;1,3;
2023-03-20;0500;0;920,3;1016,6;920,4;920,2;-3;19;17,5;16,1;17,5;17;16,1;15,6;12,7;92;91;92;167;2,2;1,1;
2023-03-20;0600;0;920,1;1016,1;920,3;920;-2,7;19;18,4;16,5;18,4;17,5;16,5;16;12,7;92;89;89;158;3,3;1,3;
2023-03-20;0700;0;919,8;1015,5;920,1;919,8;-3,5;19;19,1;16,3;19,1;18,1;16,5;15,9;12,6;89;84;84;155;3;1,1;
2023-03-20;0800;0;919,9;1016,1;919,9;919,7;-3,5;19;17,8;16;19,1;17,8;16,6;16;12,6;89;84;89;140;2,9;1,2;
2023-03-20;0900;0;919,9;1015,6;920,1;919,9;-3,4;19;19,3;16,9;19,4;17,8;17,2;16,1;12,6;90;86;86;136;3,2;1,7;
2023-03-20;1000;0;920,7;1016,1;920,7;919,9;54,7;20;20,2;17,5;20,2;19;17,5;16,8;12,7;88;84;84;134;3,7;1,4;
2023-03-20;1100;0;921,5;1016,7;921,5;920,7;405,2;21;21,2;17,9;21,2;20,2;18;17,4;13,3;85;81;81;130;3,9;1,9;
2023-03-20;1200;0;921,6;1016;921,6;921,4;1152,6;23;23,5;18,9;23,5;21,2;18,9;17,8;13,7;81;73;75;134;3,9;1,6;
2023-03-20;1300;0;921,9;1015,8;921,9;921,6;1407;25;25;18,2;25,2;23,5;18,9;17,8;13,7;76;65;66;66;3,5;1,1;
2023-03-20;1400;0;921,8;1015,3;921,9;921,8;1980,6;27;26,3;17,4;26,8;24,8;19;16,7;13,7;69;55;58;85;3,6;1,1;
2023-03-20;1500;0;920,9;1014;921,9;920,9;2968,9;29;27,4;17,5;28,2;26,3;19,1;16,3;13,5;61;50;55;117;3,7;1;
2023-03-20;1600;0;920;1012,5;920,9;920;3529,4;31;28,7;15,3;29,3;27,4;18,6;14,3;13,5;58;40;44;265;4,5;1,5;
2023-03-20;1700;0;918,8;1011,3;920;918,8;2621;32;28,6;17,9;30,2;27,3;18,8;15,1;13,3;56;42;53;325;5,6;2,5;
2023-03-20;1800;1,2;917,9;1011,7;918,8;917,9;1277,6;31;24,3;17,6;29,9;23,4;19,1;16,3;13,1;68;47;66;301;8,9;4,2;
2023-03-20;1900;,2;918,7;1013,5;918,7;917,9;920,4;27;21,5;16,5;24,8;21,5;17,9;15,8;13,1;74;61;74;121;10,3;4,2;
2023-03-20;2000;2,8;919,9;1015,7;920,1;918,7;48,5;22;18,9;16,9;21,5;18,6;17,5;16,5;12,8;90;74;88;270;10,3;2,5;
2023-03-20;2100;2,4;919,8;1015,7;919,9;919,4;1,6;21;18,5;17,1;19;18,5;17,2;16,7;12,8;91;86;91;36;4,2;1;
2023-03-20;2200;3,2;920,3;1016,3;920,4;919,8;-,8;20;18,4;17,1;18,5;18,2;17,1;16,8;12,8;92;91;92;156;3,6;1,9;
2023-03-20;2300;,6;921,2;1017,2;921,2;920,3;-2,3;20;18,8;16,4;19,2;18,1;17,2;15,9;12,8;92;84;86;196;6,1;3;
2023-03-21;0000;,4;921,3;1017,4;921,3;920,9;-3,3;20;18,5;16,4;18,8;18,5;16,5;16;12,7;88;83;87;20;5,2;,8;
2023-03-21;0100;0;921,6;1017,9;921,6;921,3;-2,4;19;18,1;16,7;18,8;18,1;16,9;16,3;12,7;91;86;91;213;3,6;,4;
2023-03-21;0200;0;922,1;1018,3;922,1;921,6;-2,9;19;18,4;16,3;18,4;17,8;16,8;16,3;12,7;92;88;88;321;3,6;1,5;
2023-03-21;0300;0;922,4;1018,8;922,4;922,1;-2,7;19;18;16,4;18,4;17,8;16,5;16,3;12,7;92;87;90;120;4,1;1,7;
2023-03-21;0400;0;921,7;1017,8;922,4;921,7;-2,5;19;18,6;16,8;18,7;18,1;16,8;16,4;12,7;90;88;89;131;4,1;2,2;
2023-03-21;0500;0;921,8;1017,8;922;921,7;-1,6;19;19;16,6;19,1;18,6;16,9;16,3;12,7;89;85;86;169;5,7;1,5;
2023-03-21;0600;1,8;921,1;1017,3;921,8;921,1;-2,2;19;18;16,7;19;18;16,8;16,5;12,6;92;86;92;110;4,1;1,1;
2023-03-21;0700;0;920,4;1016,6;921,1;920,4;-2,5;19;18;16,7;18,1;17,7;16,7;16,4;12,6;92;91;92;68;2,3;,8;
2023-03-21;0800;,2;920,3;1016,6;920,4;920,2;-2,7;18;17,6;16,3;18,1;17,4;16,6;16,1;12,6;92;91;92;143;2,7;1,5;
2023-03-21;0900;0;920,7;1016,9;920,7;920,3;-2,1;19;17,9;16,5;18,1;17,6;16,6;16,3;12,6;92;91;92;137;4,3;1,6;
2023-03-21;1000;0;921,1;1017,1;921,1;920,6;178,7;19;18,8;16,9;18,8;17,9;16,9;16,5;13,1;92;88;88;166;4,3;1,2;
2023-03-21;1100;0;921,7;1017;921,7;921,1;917,7;20;20,8;17,5;20,9;18,8;17,9;16,8;13,6;89;79;82;128;3,4;1,5;
2023-03-21;1200;0;922;1016,5;922;921,7;1774,1;23;23,5;17,2;23,6;20,8;18,3;16,8;13,8;82;67;68;123;3,9;1,4;
2023-03-21;1300;0;922,3;1016,3;922,4;922;2561;26;25,1;17;25,8;23,5;18,5;16,5;13,7;69;59;61;48;5,1;2,6;
2023-03-21;1400;0;922,2;1015,5;922,3;922,2;3086,7;28;27;16,9;27,2;25,1;18,3;16,4;13,6;63;53;54;47;5;1,6;
2023-03-21;1500;0;921,7;1014,7;922,2;921,7;3417,6;29;27,9;16,8;28,2;26,7;18;15,4;13,5;58;48;51;41;4,9;1,6;
2023-03-21;1600;0;921;1013,8;921,7;921;3403,7;30;28,2;16,3;29,2;27,5;18,4;15,7;13,5;55;46;49;34;4,6;1,8;
2023-03-21;1700;0;919,9;1012,1;921;919,9;3468,2;32;29,7;16,3;29,7;28;17,7;15,1;13,5;52;44;45;241;4,2;1;
2023-03-21;1800;0;919,2;1011,3;919,9;919,2;2829,3;32;29,7;15,5;30;28,9;17,3;13,1;13,5;49;36;42;41;3,6;1,8;
2023-03-21;1900;0;918,5;1010,4;919,2;918,5;1892,8;32;30,4;15,5;30,4;28,7;16,4;12,8;13,5;47;35;41;307;3,8;,8;
2023-03-21;2000;0;919;1011,8;919;918,5;1169,7;31;27,7;16,6;30,9;27,2;17,8;13,3;13,1;55;35;51;170;4,8;2,5;
2023-03-21;2100;0;919,1;1012,5;919,1;918,9;425,5;29;25,8;17,8;27,7;25,8;17,8;15,1;13;62;47;62;146;4,4;1,5;
2023-03-21;2200;0;919,8;1014;919,8;919,1;21,8;27;23,5;16;25,7;23,4;18,4;16;12,8;71;62;63;138;4,8;1,6;
2023-03-21;2300;0;920,2;1015;920,2;919,8;-3,5;25;21,8;16,7;23,5;21,7;16,7;15,8;12,8;73;62;73;145;4,8;1,5;
2023-03-22;0000;0;921,2;1016,3;921,2;920,2;-3,5;23;21,3;17;21,8;20,5;17,5;16,7;12,8;83;73;76;294;3,4;1,7;
2023-03-22;0100;0;921,8;1017,1;921,9;921,2;-3,1;22;20,8;16,7;21,5;20,5;17,4;16,6;12,8;82;74;78;177;3;1,4;
2023-03-22;0200;0;922,2;1017,8;922,3;921,8;-3,1;22;20,3;17,9;21;20;17,9;16,8;12,8;87;77;87;267;3,9;,5;
2023-03-22;0300;0;922,2;1017,9;922,4;922,1;-2,8;21;19,8;17,9;20,3;19,5;18,2;17,6;12,7;90;87;89;167;1,6;1,2;
2023-03-22;0400;0;921,9;1017,6;922,3;921,9;-2;21;19,7;17,8;20;19,6;18;17,7;12,7;90;87;89;155;2,3;1,3;
2023-03-22;0500;0;921,5;1017;921,9;921,5;-2,5;21;20,3;17,3;20,3;19,7;17,8;17,3;12,7;89;83;83;140;3,2;1,3;
2023-03-22;0600;0;921,3;1016,7;921,5;921,2;-3,2;21;20,4;16,7;20,8;20,3;17,3;16,7;12,7;83;78;79;127;3;1,1;
2023-03-22;0700;0;921,6;1017,4;921,6;921,3;-3,5;20;19,4;16,7;20,4;19,2;17;16,6;12,7;86;79;84;118;2,2;,9;
2023-03-22;0800;0;922;1017,7;922;921,6;-3,1;20;19,7;16,4;19,9;18,8;16,8;16,3;12,7;88;81;81;128;3,8;1,1;
2023-03-22;0900;0;922,2;1018,2;922,2;922;-3,5;20;18,9;16,1;19,9;18,9;16,3;16,1;12,6;84;80;84;137;4,4;1,3;
2023-03-22;1000;0;922,8;1018,7;922,8;922,2;127,7;20;19,6;16,4;19,6;18,6;16,5;16,1;12,9;86;82;82;136;4,4;1,3;
2023-03-22;1100;0;923,1;1017,8;923,1;922,8;948,4;22;23;16,9;23;19,7;17,3;16,5;13,7;82;69;69;112;4,5;2;
2023-03-22;1200;0;923,5;1017,6;923,5;923,1;1744,1;25;25;17,3;25,1;22,9;18,3;16,9;13,8;71;62;62;63;5,6;2,2;
2023-03-22;1300;0;923,4;1017;923,6;923,4;2502,6;27;26,4;17,3;26,5;24,9;18,4;17;13,7;65;57;57;66;5,6;2,4;
2023-03-22;1400;0;923,4;1016,6;923,6;923,4;3052,8;29;27,8;17,2;28;26,4;18,9;16,3;13,6;61;52;53;80;7;2,3;
2023-03-22;1500;0;922,8;1015,8;923,4;922,8;3427;30;28,2;17,1;28,3;27,2;18,4;16,4;13,5;58;49;51;34;7,2;4,3;
2023-03-22;1600;0;922;1014,6;922,8;922;3614,4;31;29,1;15,3;29,9;28;17,7;15,3;13,4;53;42;43;49;7;2,1;
2023-03-22;1700;0;921,4;1014,3;922;921,4;2273,6;32;28;14,8;30;28;17,4;14,2;13,1;49;40;45;67;6,1;1,3;
2023-03-22;1800;0;920,6;1013;921,4;920,6;2078,2;32;29,4;15,7;30;28;16,7;13,5;13,5;48;39;44;13;4,5;2,5;
2023-03-22;1900;0;920,4;1013,2;920,6;920,4;1226,8;32;28;16,5;29,7;28;17,3;15;13,1;52;41;50;116;4,5;1;
2023-03-22;2000;0;920,1;1013,2;920,4;920;575,8;30;27;16,9;28;27;18,5;16,4;13;58;50;54;131;3,7;1,3;
2023-03-22;2100;0;920;1013,8;920,2;920;88,5;28;24,8;17,7;27;24,8;18,1;16,8;12,9;66;54;65;139;3,5;1,1;
2023-03-22;2200;0;920,5;1014,7;920,5;920;1,2;26;23,8;16,8;24,9;23,7;17,9;16,6;12,8;67;62;65;157;7,3;2;
2023-03-22;2300;0;921;1015,6;921;920,5;-3;25;22,7;16,9;23,9;22,7;17,3;16,7;12,8;71;64;70;145;4,4;1,2;
2023-03-23;0000;0;921,7;1016,6;921,7;921;-3,5;24;22,2;16,4;22,7;22,1;17,3;16,4;12,8;73;68;70;165;3,9;1,3;
2023-03-23;0100;0;922,1;1017,5;922,1;921,7;-3,5;23;20,6;16,9;22,2;20,6;16,9;16,4;12,8;79;70;79;105;2,5;1;
2023-03-23;0200;0;922,3;1017,9;922,3;922,1;-3,5;22;20,3;16,5;20,9;20;17,2;16,5;12,8;83;77;79;160;2;1,1;
2023-03-23;0300;0;922,5;1018,1;922,6;922,3;-3,5;21;20,4;17;20,6;19,1;17;16,5;12,7;85;79;81;147;2,8;1,5;
2023-03-23;0400;0;922,6;1018,3;922,8;922,5;-3,5;20;19,9;16,6;20,8;19,2;17,3;16,4;12,7;85;79;82;125;3,8;,7;
2023-03-23;0500;0;922,1;1017,9;922,6;922,1;-3,5;20;19,7;17;20,2;19,2;17,1;16,6;12,7;86;82;85;152;2,5;1,1;
2023-03-23;0600;0;922;1017,7;922,1;922;-3,5;20;19,9;16,9;20;19,5;17,1;16,7;12,7;85;83;83;145;3,4;1;
2023-03-23;0700;0;921,8;1017,4;922;921,8;-3,5;20;20;17,2;20,3;19,8;17,3;16,8;12,7;84;83;84;98;5;1,3;
2023-03-23;0800;0;921,9;1017,4;922,1;921,8;-3,5;21;20,4;17,3;20,6;20;17,3;17,1;12,6;84;81;82;130;6,1;2,4;
2023-03-23;0900;0;922;1017,5;922;921,8;-3,5;21;20,3;17,2;20,5;20,3;17,2;17,2;12,6;83;82;83;121;5,7;1,8;
2023-03-23;1000;0;922,9;1018,5;922,9;922;51,8;21;20,5;17,6;20,6;20,1;17,6;17,2;12,7;84;82;84;124;4,8;2,1;
2023-03-23;1100;0;923,3;1018,2;923,3;922,9;491,9;22;22,6;18,3;22,6;20,5;18,4;17,6;13,6;85;77;77;110;4,8;2,3;
2023-03-23;1200;0;923,5;1017,7;923,6;923,3;1466,1;24;24,6;18,2;24,8;22,5;19;17,7;13,9;77;65;67;102;7,4;2;
2023-03-23;1300;0;923,7;1017,5;923,8;923,5;2536,2;27;26,1;18,2;26,7;24,6;19,2;17,6;13,8;69;59;62;83;6,7;2;
2023-03-23;1400;0;923,5;1017;923,7;923,5;3073,8;28;26,8;18,6;27;25,5;18,8;16,5;13,6;63;54;61;79;8,6;2,7;
2023-03-23;1500;0;922,9;1015,9;923,5;922,9;3340,4;29;28,2;18,4;28,2;26,8;19,5;17,4;13,9;62;54;55;68;7,1;2,6;
2023-03-23;1600;0;922,3;1015,6;922,9;922,3;3118,8;30;27,2;17,4;28,9;27,1;19,2;16,5;13,4;58;48;55;58;6,7;2,2;
2023-03-23;1700;0;921,5;1014,1;922,3;921,5;3280,8;31;29,1;16;29,6;27,2;17,8;15,4;13,6;56;45;45;52;5,4;2,1;
2023-03-23;1800;0;920,7;1013,3;921,5;920,7;3018,8;32;28,8;16,2;29,6;28,7;17,7;15,4;13,2;50;44;46;56;4,6;2,6;
2023-03-23;1900;0;920,2;1012,4;920,7;920,2;2249,4;33;29,8;16,5;29,8;28,3;17,2;15,1;13,6;49;42;45;116;4,4;1,4;
2023-03-23;2000;0;920,1;1013,2;920,2;920,1;1184,7;32;27;17,5;29,9;27;17,5;15,3;13;56;41;56;127;5,3;1,2;
2023-03-23;2100;0;920,5;1014,5;920,5;920,1;161,7;29;24,5;19;27;24,5;19,1;17,4;12,9;72;56;72;156;3,6;1,6;
2023-03-23;2200;0;920,5;1014,9;920,6;920,4;3,6;26;23,2;17,8;24,4;23,2;19;17,1;12,8;73;67;72;121;3,8;,7;
2023-03-23;2300;0;920,7;1015,5;920,7;920,5;-3,5;24;22,1;17,7;23,2;21,9;18,5;17,4;12,8;77;72;76;165;2,3;1,1;
2023-03-24;0000;0;921,2;1016,5;921,2;920,7;-3,5;23;20,7;18,2;22,2;20,5;18,2;17,7;12,8;86;76;86;112;2,3;,7;
2023-03-24;0100;0;922;1017,6;922;921,2;-3,5;22;20,1;17,8;20,9;20,1;18,3;17,7;12,8;87;84;87;158;2,7;1,7;
2023-03-24;0200;0;922,5;1018,5;922,5;922;-3,5;21;19,2;17,3;20,1;19;17,9;17;12,8;89;86;89;146;2,6;,7;
2023-03-24;0300;0;922,7;1018,9;922,7;922,5;-3,5;20;18,6;17;19,3;18,5;17,5;16,8;12,7;91;89;90;141;2,1;1;
2023-03-24;0400;0;922,4;1018,9;922,7;922,3;-3,5;19;17,7;16,1;18,6;17,7;17;16,1;12,7;91;90;90;165;2;1,4;
2023-03-24;0500;0;921,9;1018,3;922,4;921,9;-3,5;19;17,8;16,2;18,3;17,6;16,7;16;12,7;91;90;91;159;2,1;1,4;
2023-03-24;0600;0;921,3;1017,8;921,9;921,3;-3,5;19;17,3;15,9;17,8;17,2;16,3;15,8;12,7;92;90;92;164;2,6;,9;
2023-03-24;0700;0;921,3;1017,8;921,4;921,3;-3,4;18;17,4;16,1;17,6;17,1;16,1;15,7;12,7;92;91;92;152;3,1;1,2;
2023-03-24;0800;0;921,2;1017,5;921,3;921,1;-3,4;18;17,8;15,9;18,2;17,1;16,6;15,5;12,6;92;88;88;148;2,7;1,4;
2023-03-24;0900;0;921,4;1017,7;921,4;921,3;-3,5;18;17,8;15,8;18,5;17,7;16;15,6;12,6;88;85;88;147;2,7;1,6;
2023-03-24;1000;0;921,9;1017,9;921,9;921,4;124,8;18;18,8;16,2;18,8;17,6;16,2;15,5;12,9;88;84;84;146;2,7;1,1;
2023-03-24;1100;0;922,4;1017,2;922,4;921,9;865,8;20;22,6;17,3;22,6;18,8;17,4;16,2;13,7;85;71;72;112;3,4;1,1;
2023-03-24;1200;0;922,6;1016,5;922,7;922,4;1734,1;24;25,3;17,1;25,3;22,5;18,2;16,4;13,9;72;60;60;97;5;1,8;
2023-03-24;1300;0;922,7;1016,2;922,8;922,6;2491,2;27;26,5;17,2;26,6;24,9;18,1;16,2;13,7;62;55;57;81;5;1,7;
2023-03-24;1400;0;922,5;1015,6;922,8;922,5;3062,9;28;27,9;15,9;28,1;26,1;17,7;15,8;13,6;59;48;48;60;4,8;1,9;
2023-03-24;1500;0;922,1;1014,9;922,5;922,1;2979,5;30;28,6;15,5;28,9;27,3;18,2;14,7;13,5;54;43;45;39;5,2;1,9;
2023-03-24;1600;0;921,3;1013,7;922,1;921,3;3042,5;31;29,5;16,1;30;27,9;17,3;14,7;13,5;49;41;44;65;4,3;1,9;
2023-03-24;1700;0;920,6;1012,9;921,3;920,6;2595,9;32;29,8;14;30,5;27,8;16,9;13,6;13,6;52;36;38;280;3,9;1,6;
2023-03-24;1800;0;919,8;1011,9;920,6;919,8;2765,8;33;29,9;14,3;30,9;29;15,9;13,2;13,5;43;35;39;313;4,1;1,9;
2023-03-24;1900;0;919,3;1011,1;919,8;919,3;2272,2;33;30,7;13,6;31,2;30;14,9;12,7;13,1;39;33;35;252;4,4;1;
2023-03-24;2000;0;919,1;1011,7;919,3;919,1;859,6;32;28,4;16,2;30,6;28,4;16,5;12,9;13,2;48;34;48;183;6,3;3,6;
2023-03-24;2100;0;919;1012,2;919,1;918,9;466,5;30;26,4;17;28,5;26,3;17;16,2;13;56;48;56;187;6,3;1,9;
2023-03-24;2200;0;919,4;1013,7;919,4;919;4;27;23,1;17,8;26,4;23,1;17,9;17;12,8;72;56;72;64;3,7;,7;
2023-03-24;2300;0;919,8;1014,5;919,8;919,4;-3,5;24;22,2;17;23,1;22,2;18,3;17;12,8;77;70;72;144;1,8;1;
2023-03-25;0000;0;920,6;1015,9;920,6;919,8;-3,5;23;20,7;17,3;22,5;20,3;17,6;16,9;12,8;83;71;81;155;2,2;1,6;
2023-03-25;0100;0;920,6;1016,2;920,6;920,5;-3,5;22;19,6;16,7;21,1;19,6;17,2;16,6;12,8;83;77;83;125;2,2;,9;
2023-03-25;0200;0;920,5;1016,4;920,6;920,5;-3,5;21;18,8;16,4;20;18,8;16,9;16,4;12,8;86;82;86;157;1,7;,9;
2023-03-25;0300;0;920,5;1016,4;920,6;920,5;-3,5;20;18,7;16,5;19,3;18,3;16,6;16,1;12,7;87;84;87;136;1,9;1,1;
2023-03-25;0400;0;920,2;1016,4;920,5;920,1;-3,3;19;17,7;16;18,7;17,7;16,7;15,9;12,7;90;87;90;156;2,3;1,7;
2023-03-25;0500;0;919,8;1016;920,2;919,8;-3,5;19;17,8;16,3;18,2;17,6;16,5;15,9;12,7;91;89;91;144;2,4;1,2;
2023-03-25;0600;0;919,8;1016,1;919,9;919,8;-3,5;19;17,4;16;17,9;17,3;16,4;15,7;12,7;91;90;91;227;2;,4;
2023-03-25;0700;0;919,7;1016,1;919,8;919,7;-3,5;18;17,2;15,9;17,6;16,9;16,3;15,5;12,7;92;91;92;145;1,4;,7;
2023-03-25;0800;0;919,9;1016,4;919,9;919,7;-3,5;18;16,8;15,6;17,2;16,7;15,9;15,5;12,6;92;92;92;152;2;1,2;
2023-03-25;0900;0;920,4;1017,2;920,4;919,8;-3,2;18;16,3;15,1;16,9;16,3;15,7;15,1;12,6;93;92;93;151;1,9;1;
2023-03-25;1000;0;920,8;1017,1;920,8;920,3;115,5;17;17,7;15,7;18,1;16,2;16,6;15;12,9;93;88;88;141;2,6;1;
2023-03-25;1100;0;921,6;1016,5;921,6;920,8;859;20;22;17,3;22;17,7;17,5;15,7;13,7;88;75;75;155;2,4;1,3;
2023-03-25;1200;0;922;1015,9;922;921,6;1725,6;24;25,3;17,3;25,8;22;18;16,4;13,8;75;60;61;124;3,2;1,5;
2023-03-25;1300;0;922,1;1015,2;922,2;921,9;2476,1;27;27,6;16,3;27,8;25,3;18,4;16,2;13,6;62;50;50;93;3,5;1,7;
2023-03-25;1400;0;921,8;1014,6;922,1;921,8;3045,3;29;28,6;15,8;29;27;17,9;15,1;13,5;55;44;46;46;5;2,1;
2023-03-25;1500;0;921,2;1013,6;921,8;921,2;3444,9;31;29,5;15,5;29,8;28,4;16,9;14,1;13,5;49;41;43;140;5;2,2;
2023-03-25;1600;0;920,6;1012,9;921,2;920,6;2894,5;32;29,6;14,7;30,2;28,6;16,1;14,1;13,5;45;38;40;96;5;1,2;
2023-03-25;1700;0;919,8;1011,8;920,6;919,8;3294,6;33;30,4;13,3;31;29,3;16,2;12,9;13,5;44;34;35;277;4,1;1,5;
2023-03-25;1800;0;919,2;1011,1;919,8;919,2;2942,3;34;30,4;14,3;31,3;30,3;15,8;13;13,4;41;34;37;101;4,1;1,8;
2023-03-25;1900;0;918,9;1010,7;919,2;918,9;2174,6;34;30,7;14,3;31,1;30,1;15;12,5;13,6;39;33;37;41;3,3;1,5;
2023-03-25;2000;0;918,6;1010,5;918,9;918,6;1266;34;30,3;13,7;30,9;30,2;15,2;12,7;13,2;40;33;36;85;2,7;,6;
2023-03-25;2100;0;918,8;1011,8;918,9;918,6;433,7;32;27;16,2;30,4;27;17,4;12,9;12,9;52;34;52;218;2,1;1,7;
2023-03-25;2200;0;919,5;1013,5;919,5;918,8;8,7;28;24,1;17,7;27;24,1;17,7;16,2;12,8;68;52;67;128;2,6;,9;
2023-03-25;2300;0;919,9;1014,2;919,9;919,5;-3,5;26;23,2;17,2;24,4;23,2;17,9;17,1;12,8;69;64;69;161;2,6;1,6;
2023-03-26;0000;0;920,6;1015,7;920,7;919,9;-3,5;24;21,3;17,6;23,5;21,3;17,7;17;12,8;80;67;79;148;2,6;1,3;
2023-03-26;0100;0;921;1016,5;921,1;920,6;-3,5;23;20,2;17,6;21,4;20,1;17,7;17,4;12,8;85;79;85;140;2,1;1,1;
2023-03-26;0200;0;921;1016,6;921,1;921;-3,5;22;19,9;17,2;20,3;19,7;17,6;17,1;12,8;85;83;85;141;2,4;1,6;
2023-03-26;0300;0;920,9;1016,7;921,1;920,9;-3,5;21;19,2;17,1;19,9;19;17,5;16,9;12,7;89;85;88;147;2,4;1,6;
2023-03-26;0400;0;920,9;1016,7;920,9;920,8;-3,5;20;19,1;17;19,3;18,6;17,3;16,7;12,7;90;87;88;155;2,5;2;
2023-03-26;0500;0;920,5;1016,6;920,9;920,5;-3,5;20;18,2;16,4;19,1;18,2;17,1;16,3;12,7;90;87;89;189;2,5;,8;
2023-03-26;0600;0;920,1;1016,3;920,5;920,1;-3,5;19;17,7;16,3;18,6;17,7;17;16,2;12,7;92;89;92;163;1,9;1;
2023-03-26;0700;0;920,1;1016,4;920,1;919,9;-3,5;19;17,5;16,2;17,9;17,3;16,5;16;12,7;92;91;92;185;1,8;,5;
2023-03-26;0800;0;920,3;1016,7;920,3;920,1;-3,5;18;17,2;16;17,5;17;16,2;15,7;12,6;92;92;92;156;1,6;1,1;
2023-03-26;0900;0;920,6;1017,1;920,6;920,3;-3,1;18;17,2;15,9;17,5;17;16,3;15,7;12,6;93;92;92;146;2,7;1,8;
2023-03-26;1000;0;921,3;1017,4;921,4;920,6;150,2;18;18,4;16,2;18,5;17,2;16,7;15,7;13;92;87;87;146;2,7;1,3;
2023-03-26;1100;0;921,8;1016,6;921,8;921,3;829,3;20;22,4;17,8;22,4;18,4;17,9;16,3;13,7;87;74;75;144;2,9;1,5;
2023-03-26;1200;0;922,1;1015,5;922,2;921,8;1720,7;24;26,8;17,9;26,8;22,4;18,5;17,3;13,8;76;58;58;127;3,7;1,2;
2023-03-26;1300;0;922;1014,8;922,2;921,9;2452,5;28;28,5;17,7;28,5;26,5;18,5;16,9;13,6;60;52;52;109;3,9;1,7;
2023-03-26;1400;0;921,8;1014,4;922,1;921,8;2974,6;30;29;16;29,5;28,2;17,8;15,2;13,6;52;43;45;51;5,2;2,2;
2023-03-26;1500;0;921;1013;921,8;920,9;3316;31;30,8;14,9;30,9;29;17,6;13,6;13,6;48;36;38;25;6,2;2,3;
2023-03-26;1600;0;920,3;1012,1;921;920,3;3421,2;32;31,2;15;31,2;29,9;15;12,7;13,5;40;33;38;29;5,8;2,3;
2023-03-26;1700;0;919,9;1011,5;920,4;919,9;2536,9;33;31,6;15,2;31,8;30;16,7;13,1;13,6;42;34;37;27;4,8;2,6;
2023-03-26;1800;0;919,3;1011;919,9;919,3;1544,2;33;31,3;16,3;31,7;29,8;17,3;13,4;13,5;46;34;40;345;6;2,6;
2023-03-26;1900;0;919;1010,5;919,3;919;2238,5;34;31,6;13,7;32,3;30,9;15,8;12;13,5;40;30;34;290;5,7;2,4;
2023-03-26;2000;0;918,7;1010,4;919;918,7;1328,6;34;31,1;13,7;31,6;30,9;15;12,9;13,1;38;32;35;291;5,3;2,1;
2023-03-26;2100;0;918,8;1011,9;919;918,7;334,8;31;26,5;16,8;31,4;26,5;16,8;13,5;13;55;34;55;214;5,3;2,9;
2023-03-26;2200;0;918,9;1013;918,9;918,8;7,5;28;23,7;17,5;26,5;23,7;17,5;16,6;12,8;68;55;68;23;3,8;,7;
2023-03-26;2300;0;919,6;1014,3;919,6;918,8;-3,5;25;21,9;17,3;23,9;21,9;18;17;12,8;76;66;76;142;1,6;1,1;
2023-03-27;0000;0;920,2;1015,4;920,2;919,6;-3,5;23;20,8;17,6;22,1;20,7;17,7;17,4;12,8;82;75;82;155;2;1,3;
2023-03-27;0100;0;920,8;1016,2;920,8;920,2;-3,5;22;20,2;17,7;20,9;19,8;17,7;17,2;12,8;86;81;85;187;2;,7;
2023-03-27;0200;0;920,8;1016,6;920,9;920,7;-3,5;21;19,2;17,2;20,2;19,1;17,6;17,1;12,8;88;84;88;177;1,7;,9;
2023-03-27;0300;0;920,6;1016,5;920,8;920,6;-3,5;20;18,9;17,1;19,3;18,9;17,4;17;12,7;89;88;89;152;1,8;,6;
2023-03-27;0400;0;920,1;1016,1;920,6;920,1;-3,5;20;18,5;16,8;19,2;18,5;17,3;16,7;12,7;90;88;90;156;2;1,4;
2023-03-27;0500;0;919,9;1015,7;920,2;919,8;-2,5;20;18,9;17,2;18,9;18,5;17,3;16,9;12,7;90;90;90;156;2;1,1;
2023-03-27;0600;0;919,4;1015,3;919,9;919,4;-3,1;20;18,4;16,9;19;18,3;17,3;16,7;12,7;91;89;91;161;1,7;1,2;
2023-03-27;0700;0;919,3;1015,1;919,4;919,2;-3;20;18,7;17,2;18,8;18,4;17,3;16,8;12,7;92;90;91;143;2;1,3;
2023-03-27;0800;0;919,4;1015,3;919,4;919,3;-2,7;20;18,5;17,1;19,2;18,1;17,5;16,6;12,6;92;89;92;170;2;,4;
2023-03-27;0900;0;919,7;1015,6;919,7;919,4;-3,4;19;18,5;17,3;18,6;18;17,3;16,5;12,6;93;91;92;137;2;1,2;
2023-03-27;1000;0;920,4;1016,1;920,4;919,7;93,4;19;19,3;17,5;19,3;18,1;17,5;16,7;12,9;92;90;90;181;2;,3;
2023-03-27;1100;0;920,8;1015,5;920,8;920,4;577;20;22,5;18,1;22,5;19,2;18,3;17,3;13,6;90;76;76;86;1,2;,4;
2023-03-27;1200;0;921;1014,8;921,1;920,8;1451,2;24;25,2;18,8;25,3;22,5;18,8;17,7;13,8;77;65;68;127;2,1;1,2;
2023-03-27;1300;0;920,9;1013,7;921;920,9;1994,7;27;28,1;19,9;28,1;25,2;19,9;18,4;13,6;68;58;61;109;2,8;,7;
2023-03-27;1400;0;920,5;1012,8;920,9;920,5;2532,1;30;29,5;17,5;29,5;27,7;19,9;16,6;13,5;61;47;48;26;3,7;1,8;
2023-03-27;1500;0;919,8;1012;920,5;919,8;2449,4;31;29,7;16,9;29,8;28,8;18,7;16,7;13,5;53;46;46;24;3,6;1,2;
2023-03-27;1600;0;919,1;1010,9;919,8;919,1;3386,5;33;30,9;15,9;31,7;29,4;18;15,3;13,6;49;39;41;285;4,2;1,3;
2023-03-27;1700;0;918,5;1010;919,1;918,5;2679,1;34;31,6;15,3;31,6;30,1;18;14,4;13,4;48;37;38;264;4;1,5;
2023-03-27;1800;0;917,9;1009,6;918,6;917,8;2071,9;34;30,8;15,8;32,4;30,2;17,1;14,6;13,3;44;35;41;344;4,4;2,5;
2023-03-27;1900;0;918,1;1010,7;918,2;917,9;1327,1;33;27,8;17,6;31;27,8;18,6;14,6;13,2;56;37;54;142;6;2,1;
2023-03-27;2000;0;918,1;1012,2;918,5;917,8;474,3;29;23,4;16,5;27,7;23,1;18,8;16;13;67;54;65;14;11,9;6,3;
2023-03-27;2100;0;918,4;1013,1;918,8;918,1;140,1;26;21,8;16,9;23,6;21,8;17,1;15,8;12,9;74;62;74;231;11,9;1,5;
2023-03-27;2200;0;918,6;1013,7;918,7;918,4;-,1;24;20,6;17,1;21,9;20,6;17,4;16,9;12,8;80;73;80;151;2,9;1,2;
2023-03-27;2300;0;919,3;1014,4;919,4;918,7;-3,5;22;20,9;17,3;21,4;20,3;17,5;16,9;12,8;84;76;80;150;2,7;1,2;
2023-03-28;0000;0;919,7;1014,9;919,8;919,2;-3,5;22;20,5;17,4;20,9;19,7;17,6;17,1;12,8;87;80;83;230;2;,5;
2023-03-28;0100;0;920,5;1015,9;920,5;919,7;-3,5;21;20,2;17,7;21,2;19,7;17,9;17;12,8;86;79;86;120;2,3;,8;
2023-03-28;0200;0;921;1016,3;921,1;920,5;-3;21;20,7;18;21,6;19,7;18,4;17,4;12,7;88;81;85;183;2,4;1,2;
2023-03-28;0300;0;920,7;1016;921,2;920,7;-3;21;20,5;18,1;20,7;19,9;18,1;17,5;12,7;87;85;86;155;3,5;1;
2023-03-28;0400;0;920,7;1016;920,8;920,6;-2,1;21;20,6;18,1;20,9;19,9;18,3;17,7;12,7;88;85;86;101;1,9;,4;
2023-03-28;0500;0;920,6;1016;920,8;920,5;-1,5;21;20,4;18,1;21,3;20,2;18,1;17,4;12,7;87;80;87;345;3,7;,6;
2023-03-28;0600;0;920,8;1016,2;920,9;920,6;-3,1;21;20,2;18,3;21,3;20,2;18,8;18,1;12,7;90;82;88;337;3,2;1,4;
2023-03-28;0700;,2;920;1015,5;920,8;920;-2,8;21;19,7;18,3;20,4;19,7;18,7;18,3;12,6;92;89;92;132;2,8;1,6;
2023-03-28;0800;0;919,3;1014,9;920;919,3;-3,4;21;19,4;18,1;19,7;19,3;18,3;17,8;12,6;92;91;92;145;3,1;1,2;
2023-03-28;0900;0;919,6;1015,1;919,6;919,1;-3,4;20;19,8;17,8;19,8;19,4;18,1;17,7;12,6;92;88;88;109;3,8;1,5;
2023-03-28;1000;0;920,7;1016,1;920,7;919,6;75,5;20;20,3;18;20,3;19,7;18;17,6;12,8;88;86;87;108;3,6;1,4;
2023-03-28;1100;0;921,2;1016,2;921,2;920,7;477,7;21;21,5;18,6;21,5;20,3;18,6;17,9;13,4;88;84;84;108;3,9;1,6;
2023-03-28;1200;0;921,6;1015,7;921,6;921,1;1727,9;24;24,4;18,6;24,7;21,5;19,3;18,4;13,9;84;69;70;108;5,5;2,1;
2023-03-28;1300;0;921,2;1014,5;921,6;921,2;2548,3;27;26,7;18,6;26,9;24,4;19,5;18,2;13,7;73;61;61;79;6,5;2,1;
2023-03-28;1400;0;921;1013,8;921,3;921;2985,1;29;28,2;19,2;28,2;26,3;19,5;18,1;13,6;63;56;58;71;6,6;2,2;
2023-03-28;1500;0;920,5;1012,9;921,1;920,5;3151,3;30;29,3;19,3;29,3;27,7;19,4;18,1;13,5;59;53;55;46;6,4;2,9;
2023-03-28;1600;0;919,8;1012;920,5;919,8;3301,7;31;29,6;18,2;30,1;28,6;19,6;17,1;13,5;56;48;50;55;6,7;2,5;
2023-03-28;1700;0;919;1010,9;919,8;919;2539,3;32;30,4;17,8;31,1;28,6;19,1;16,8;13,3;55;45;47;53;5,9;2,5;
2023-03-28;1800;0;918,2;1011;919;918,1;2021,8;33;27,5;18,4;30,8;27,5;18,7;16,5;13;59;42;58;160;5;1,7;
2023-03-28;1900;7,8;918,1;1011,7;918,6;918;180,8;27;24,8;16,8;27,5;22,5;19,4;15,9;13;77;57;61;239;15,3;4,8;
2023-03-28;2000;,6;919,7;1015;919,7;918,1;35,5;24;20,3;18,1;24,8;20,3;19,1;17;12,8;88;61;87;289;12;3,3;
2023-03-28;2100;25,4;919,7;1015,3;920,4;919,6;1,6;22;19,3;17,7;20,4;18,6;18,4;17,1;12,8;91;86;91;309;6,1;1,2;
2023-03-28;2200;,8;920;1015,5;920,2;919,5;-2,4;21;19,9;18,4;20;19,2;18,5;17,3;12,8;91;87;91;278;4,5;2,3;
2023-03-28;2300;,4;920,7;1016,5;920,7;920;-2,1;21;19,2;18;20;19,2;18,4;18;12,8;92;90;92;98;3,6;1,6;
2023-03-29;0000;0;920,7;1016,4;920,7;920,5;-2,1;21;19,4;18,1;19,4;19,2;18,2;18;12,8;93;92;92;144;3,3;,8;
2023-03-29;0100;0;921,3;1017;921,3;920,7;-1,9;21;19,5;18,2;19,5;19,2;18,2;18;12,7;93;92;92;145;3,3;1,4;
2023-03-29;0200;0;921,5;1017,2;921,6;921,2;-1,1;21;19,8;18,2;20,1;19,5;18,4;18,1;12,7;92;89;91;97;4,1;1,5;
2023-03-29;0300;8,4;921,1;1016,8;921,5;920,9;-1,7;21;19,6;18;20,4;19,5;18,5;17,4;12,7;92;85;91;108;5,2;1,5;
2023-03-29;0400;0;920,4;1016;921,1;920,4;-3,1;20;19,6;18;20;19,3;18,4;17,5;12,7;91;89;90;73;3,5;,9;
2023-03-29;0500;,2;919,6;1015,4;920,4;919,6;-2,9;20;18,7;17,4;19,8;18,7;18,1;17,3;12,7;92;89;92;158;2,3;,3;
2023-03-29;0600;0;919,4;1015;919,7;919,2;-2,6;20;19,4;17,9;19,4;18,6;17,9;17,4;12,6;93;91;91;150;4;2,2;
2023-03-29;0700;0;919,8;1015,3;919,9;919,4;-2,8;20;19,7;17,4;19,9;19,4;17,9;17,4;12,6;91;86;87;122;4,1;1,3;
2023-03-29;0800;0;919,7;1015,3;919,9;919,7;-3,2;20;19,4;17,4;19,7;19,1;17,6;17,2;12,6;90;87;89;143;3,8;1,7;
2023-03-29;0900;0;920,1;1015,8;920,1;919,7;-2,5;20;19,4;17,2;19,5;19,1;17,5;17,2;12,6;90;87;87;137;4,5;1,8;
2023-03-29;1000;0;920,6;1016,1;920,6;920,1;60,7;20;20;17,6;20;19,3;17,6;17,2;12,7;88;86;86;146;4,5;1,1;
2023-03-29;1100;0;921,2;1016;921,2;920,6;455,5;21;22,3;19;22,3;20;19,2;17,6;13,6;86;80;81;108;3,9;1,4;
2023-03-29;1200;0;921,7;1016;921,8;921,2;1793,2;24;23,8;18,9;24,3;22,3;19,5;18,7;13,8;82;72;74;114;4,4;2;
2023-03-29;1300;0;922;1016,1;922;921,7;1921,1;26;24,5;18,5;25,7;23,8;19,8;18;13,5;75;65;69;58;4,8;1,9;
2023-03-29;1400;0;921,6;1014,9;922;921,6;2225,6;28;26,9;19,3;27,4;24,4;20,2;18,4;13,7;73;59;63;44;5,1;2,2;
2023-03-29;1500;0;921,2;1013,7;921,6;921,2;2072,2;29;29,1;18;29,1;26,9;19,5;17,5;13,7;63;51;51;330;4;1,6;
2023-03-29;1600;0;920,7;1014;921,2;920,6;1132,5;29;26,7;18,7;29,1;26,7;19,2;17,3;13,4;62;49;62;343;5,1;1,9;
2023-03-29;1700;33,4;920,7;1016;921,2;920,6;221,1;24;20,7;18,7;26,7;19,2;19,5;16,8;13,2;90;62;88;12;15;2;
2023-03-29;1800;,8;920;1014,6;920,7;919,8;984,9;23;22,4;19,6;22,4;20,6;19,8;18,3;13,3;89;83;84;138;8,1;1,1;
2023-03-29;1900;0;919,8;1014,1;920,1;919,7;517;24;23,3;19,2;23,3;22,3;20;18,8;13,1;85;78;78;54;5,8;1,9;
2023-03-29;2000;0;920;1014,9;920;919,5;242,6;23;21,6;18,4;23,3;21,4;19,5;18,3;13;84;77;82;133;7,5;1,9;
2023-03-29;2100;0;920,4;1015,4;920,5;919,9;44,9;23;21,3;18,5;21,9;21,1;18,8;18,1;12,8;86;79;84;39;3,7;1;
2023-03-29;2200;0;920,6;1016;920,6;920,1;-2,1;22;20,4;18,7;21,3;20,4;19;18,4;12,8;90;84;90;306;2,6;1,1;
2023-03-29;2300;0;921,2;1016,6;921,3;920,6;-2,1;22;20,6;19;20,9;20,3;19,2;18,6;12,8;91;88;91;271;2,6;,8;
2023-03-30;0000;0;921,6;1017,1;921,6;921,1;-2,3;21;20,2;18,9;20,8;20;19,1;18,5;12,8;92;90;92;163;2,5;1;
2023-03-30;0100;0;921,7;1017,2;921,7;921,5;-2,7;21;20,4;18,5;20,6;20,2;19;18,4;12,8;92;88;89;145;3,1;,8;
2023-03-30;0200;0;922;1017,6;922,1;921,7;-2,2;21;20,1;18,5;20,4;20,1;18,8;18,4;12,8;91;89;91;154;2,3;1,2;
2023-03-30;0300;0;921,8;1017,6;922;921,7;-2,7;21;19,6;18,3;20,2;19,6;18,6;18,3;12,7;92;91;92;286;2,3;,9;
2023-03-30;0400;0;921,5;1017,4;921,9;921,5;-2,6;20;19;17,7;19,7;19;18,4;17,7;12,7;93;92;92;145;2,2;,5;
2023-03-30;0500;0;921,7;1017,7;921,7;921,5;-1,9;20;19;17,9;19,1;18,9;17,9;17,7;12,7;93;92;93;154;2,4;,7;
2023-03-30;0600;0;921,4;1017,4;921,7;921,4;-2;20;18,7;17,7;19;18,7;17,9;17,7;12,7;93;93;93;162;1,4;,5;
2023-03-30;0700;0;921,3;1017,3;921,4;921,1;-2;20;18,7;17,6;18,8;18,6;17,7;17,5;12,7;94;93;94;149;1,9;,5;
2023-03-30;0800;0;922,1;1018;922,1;921,3;-2,8;20;19,2;18,2;19,6;18,5;18,5;17,5;12,6;94;94;94;296;2,8;1,9;
2023-03-30;0900;0;922,9;1019;922,9;922,1;-1,9;20;19;18;19,3;18,5;18,2;17,4;12,6;94;93;94;300;3,1;1,9;
2023-03-30;1000;0;922,7;1018,8;923;922,7;47,5;20;18,9;17,8;19,1;18,7;18;17,6;12,7;94;94;94;157;2,9;1,5;
2023-03-30;1100;0;922,7;1018,3;923,1;922,6;256,1;20;20,2;19;20,2;18,9;19;17,9;13,2;94;93;93;347;2,8;1,5;
2023-03-30;1200;0;922,5;1017,6;922,7;922,4;903,7;21;21,6;19,4;21,6;20,2;19,6;19,1;13,7;93;87;87;149;3,6;1,5;
2023-03-30;1300;0;923,2;1017,6;923,2;922,5;1244,7;23;24;19,5;24,1;21,7;20;19,2;13,8;88;75;76;31;3,8;2;
2023-03-30;1400;0;922,8;1016,5;923,2;922,8;2363;26;26,1;19,4;26,4;24;20,4;18,5;13,7;76;63;67;47;4,8;2,3;
2023-03-30;1500;,2;921,9;1015;922,8;921,9;3074,1;29;27,5;17,9;27,8;26,1;20;17,5;13,6;67;55;56;46;4,8;2,1;
2023-03-30;1600;0;921,1;1013,8;921,9;921,1;3471,6;30;28,7;17,4;28,9;27,2;18,8;15,9;13,5;59;48;51;329;5,2;1,7;
2023-03-30;1700;0;920,3;1012,9;921,1;920,3;2206,8;31;28,5;18,4;29,2;27,8;18,5;16,7;13,5;56;48;54;340;4,1;1,5;
2023-03-30;1800;0;919,8;1012,2;920,3;919,8;2274,3;32;29,1;18,6;29,7;28,3;18,8;16,5;13,5;55;47;53;342;4,8;2;
2023-03-30;1900;0;919,3;1011,9;919,8;919,3;1537,6;32;28,4;19;30;28,3;19;16,4;13,1;57;46;57;309;4;,6;
2023-03-30;2000;0;919,1;1012,1;919,3;919;633;31;27;18,7;29,4;27;19,9;17,4;13,1;63;49;60;4;3,8;1,5;
2023-03-30;2100;0;919,3;1013,2;919,3;919;436,4;29;24,3;20,5;27,7;24,3;20,8;17,5;13;79;56;79;227;5;1,2;
2023-03-30;2200;0;919,7;1014;919,7;919,3;3,5;26;23,3;18,1;25,1;23,1;20,3;17,9;12,8;79;67;73;126;3,3;1;
2023-03-30;2300;0;920,2;1015,1;920,2;919,7;-3,5;24;21,6;17,9;23,3;21,5;18,5;17,5;12,8;82;71;79;151;2,1;1,1;
2023-03-31;0000;0;920,8;1016,2;920,8;920,1;-3,5;23;20,2;17,8;22,1;20,2;18;17,2;12,8;86;75;86;159;2,2;,9;
2023-03-31;0100;0;921,2;1016,9;921,2;920,8;-3,5;22;19,7;17,5;20,8;19,7;17,8;17,2;12,8;87;81;87;142;1,8;,6;
2023-03-31;0200;0;921,3;1017,1;921,4;921,2;-3,5;21;19,4;17,4;19,8;19;17,6;17,3;12,8;90;87;88;153;2;1,3;
2023-03-31;0300;0;920,5;1016,4;921,3;920,4;-3,5;20;18,8;17,2;19,5;18,8;17,6;17,1;12,8;90;88;90;146;2,3;1,5;
2023-03-31;0400;0;919,9;1015,9;920,5;919,9;-3,5;20;18,3;16,9;18,8;18,1;17,2;16,7;12,7;92;90;91;152;2,7;1,2;
2023-03-31;0500;0;919,7;1015,8;919,9;919,7;-3,5;19;18;16,4;18,7;18;17;16,4;12,7;91;88;90;158;2,3;1,8;
2023-03-31;0600;0;919,4;1015,3;919,7;919,4;-3,5;20;18,6;16,5;20,3;18;17,1;16,2;12,7;91;81;87;153;3,3;1,4;
2023-03-31;0700;0;919,4;1015,2;919,4;919,2;-3,5;20;18,8;16,6;19,5;18,3;17,1;16,4;12,7;90;85;87;162;2,5;1,4;
2023-03-31;0800;0;919,7;1015,3;919,7;919,4;-3,5;19;19,4;17;19,4;18,4;17,2;16,6;12,7;90;85;86;141;2,8;1,4;
2023-03-31;0900;0;920,2;1016;920,2;919,7;-2,8;20;19,1;17,4;19,4;18,6;17,4;16,5;12,6;90;85;90;207;2,5;,2;
2023-03-31;1000;0;920,6;1016,3;920,7;920,2;78;20;19,4;17,5;19,4;18,3;17,5;16,7;12,9;91;87;89;88;2,1;,6;
2023-03-31;1100;0;921,6;1016,4;921,6;920,7;851,4;22;22,5;18,1;22,7;19,4;18,6;17,5;13,4;90;75;76;158;2,2;1;
2023-03-31;1200;0;922;1016,6;922;921,6;727,6;24;23;18,4;23,2;22,2;18,8;17,7;13,7;80;73;75;166;1,8;,7;
2023-03-31;1300;0;922,2;1015,9;922,2;922;2132,7;26;25,9;18,8;26,1;23;19,5;17,8;13,7;76;62;65;59;3,9;1,4;
2023-03-31;1400;0;921,9;1015;922,2;921,9;2938,8;29;27,5;16,1;28,2;26;19,3;15,9;13,6;66;49;50;329;3,9;2,1;
2023-03-31;1500;0;921,2;1013,7;921,9;921,2;3272,6;30;29,1;15,9;29,1;27,4;17,3;14,9;13,5;52;43;45;329;5,8;2,6;
2023-03-31;1600;0;920,3;1012,5;921,2;920,3;3362,3;31;29,9;16;29,9;28,9;16,9;14,4;13,5;48;40;43;311;6,3;2,5;
2023-03-31;1700;0;919,3;1011,6;920,3;919,3;2727,7;32;29,2;16;30,9;29;17,7;14,5;13,2;47;40;45;328;6;2,5;
2023-03-31;1800;0;918,2;1010,2;919,3;918,2;2122,4;32;30;16,4;30,5;28,6;17,5;15,2;13,5;50;41;44;277;6,7;4,9;
2023-03-31;1900;0;918;1009,9;918,2;918;1976,4;32;30,1;16,2;30,6;29,5;17,3;14,9;13,6;46;40;43;253;6,8;2,9;
2023-03-31;2000;0;918;1010;918;917,9;1369,7;32;29,8;15,9;30,5;29,6;16,8;15,2;13,2;45;40;43;266;6,8;3;
2023-03-31;2100;0;918,1;1011,2;918,1;918;392,8;31;26,5;17,5;29,8;26,5;17,5;15,1;13;58;41;58;233;4,9;2,8;
2023-03-31;2200;0;919,3;1013,3;919,3;918,1;2;28;24,1;19,2;26,5;24,1;19,2;17,4;12,8;74;58;74;115;3,8;,4;
2023-03-31;2300;0;919,6;1014,3;919,6;919,3;-3,5;25;22,1;18,8;24,1;22,1;19,6;18,4;12,8;82;72;82;150;1,8;,3;
2023-04-01;0000;0;920,1;1015,1;920,1;919,6;-3,5;23;21,4;18,6;22,1;21,1;19;18,3;12,8;86;81;84;171;1,6;,8;
2023-04-01;0100;0;920,8;1016,1;920,9;920;-3,3;22;20,5;18,5;21,4;20,1;18,6;18,2;12,8;90;84;88;133;3,1;1,1;
2023-04-01;0200;25,2;921,1;1017,1;922,2;920,7;-1,2;22;18,8;16,5;21,6;18,5;18,6;16,4;12,8;90;80;87;134;15,3;4,8;
2023-04-01;0300;27,4;922,7;1019,5;923,3;920,5;1,1;20;17;15,1;20,1;17;18,1;14,8;12,7;91;82;89;119;19,8;6,6;
2023-04-01;0400;18,6;920,4;1016,6;922,7;920,4;-1,2;19;18;16,1;19,6;16,7;17,1;15,1;12,7;92;81;89;335;19,8;2,6;
2023-04-01;0500;,4;919,4;1015,6;920,4;919,4;-,1;19;17,5;16,1;19;17,4;16,1;15,8;12,7;92;82;92;137;8,9;1,1;
2023-04-01;0600;0;919;1015,3;919,5;919;-2,1;18;17,2;15,8;17,6;17,1;16,3;15,8;12,7;92;90;91;273;3,7;,4;
2023-04-01;0700;0;918,8;1015,3;919;918,6;-2,6;18;16,7;15,6;17,7;16,6;16,4;15,4;12,7;93;91;93;110;2,9;1;
2023-04-01;0800;0;918,7;1015,3;918,8;918,4;-3;18;16,3;15,3;16,8;16,2;15,7;15,2;12,6;94;93;94;169;2,1;,8;
2023-04-01;0900;0;919,2;1015,8;919,2;918,6;-3,2;17;16,3;15,3;16,5;15,8;15,4;14,8;12,6;94;94;94;153;2,3;1,3;
2023-04-01;1000;0;919,7;1016,1;919,7;919,2;94,8;18;17;15,8;17,4;16,3;16,3;15,4;12,9;94;92;92;152;2,7;1,4;
2023-04-01;1100;0;920,1;1015,5;920,1;919,6;852,6;19;20,1;17;20,1;17,1;17,1;15,8;13,8;92;81;82;147;2,5;1,2;
2023-04-01;1200;0;920,4;1014,9;920,4;920,1;1709,4;22;22,9;17,7;23;20,1;18,2;16,8;13,9;83;72;72;140;2,2;,8;
2023-04-01;1300;0;920,2;1014;920,4;920,2;2456,7;25;25;18,3;25,2;22,9;18,8;17;13,8;73;63;66;277;3,9;2,4;
2023-04-01;1400;0;919,7;1013;920,3;919,7;3039,6;27;26,3;17,7;26,8;24,7;19,9;17,7;13,8;68;59;59;248;4,2;2,3;
2023-04-01;1500;0;919;1011,7;919,7;918,9;3282,7;29;27,9;15,7;28;26,1;19;15,7;13,8;63;48;48;232;4,6;2,6;
2023-04-01;1600;0;918,2;1010,9;919;918,2;3182;30;27,6;15,9;28,6;27,4;17,7;15;13,4;55;46;49;199;6;2;
2023-04-01;1700;0;917,3;1009,5;918,2;917,3;2550,8;30;29;16,8;29;27,2;17,2;14,5;13,6;53;43;48;214;6,4;3,3;
2023-04-01;1800;0;916,9;1009,3;917,3;916,9;2646,5;31;28,2;16,1;29,3;27,9;16,1;12,4;13,6;49;36;48;203;6,8;3,4;
2023-04-01;1900;0;916,8;1009,2;916,9;916,8;1754,1;30;28,3;15,1;28,6;27,6;16,7;14,2;13,7;50;42;45;207;7,2;3,7;
2023-04-01;2000;0;916,7;1009,2;916,8;916,6;1183,6;30;27,8;15,3;28,6;27,5;16,2;14,4;13,2;49;42;47;217;6,2;2,9;
2023-04-01;2100;0;916,9;1010,3;916,9;916,7;371,3;29;25,1;15,9;27,8;25,1;16,1;15,1;13;57;46;56;187;4,6;2,1;
2023-04-01;2200;0;917,4;1011,7;917,4;916,9;1,3;26;22,5;17,8;25,1;22,5;17,8;15,9;12,8;75;56;75;134;4,3;,9;
2023-04-01;2300;0;918;1013,2;918;917,4;-3,5;23;20;17,2;22,5;20;17,7;17;12,8;85;74;84;85;2;,8;
2023-04-02;0000;0;918,4;1013,8;918,4;918;-3,5;21;19,5;15,3;20,3;19,4;17,2;15,3;12,8;84;76;77;158;1,5;1,1;
2023-04-02;0100;0;918,8;1015,1;918,8;918,4;-3,5;19;17,2;15,1;19,5;17,2;15,9;15,1;12,8;88;77;88;107;2,1;1;
2023-04-02;0200;0;918,8;1015,1;918,8;918,7;-3,5;18;17,1;15,1;17,8;16,9;15,3;14,5;12,7;89;85;88;42;2,1;,4;
2023-04-02;0300;0;918,8;1015,6;918,8;918,7;-3,5;18;15,8;14,5;17,4;15,7;15,4;14,2;12,7;92;85;92;139;3,1;2;
2023-04-02;0400;0;918,3;1015,3;918,8;918,3;-3,5;17;15;13,7;15,8;15;14,6;13,7;12,7;92;92;92;154;2,8;1,3;
2023-04-02;0500;0;918;1014,9;918,3;918;-3,5;16;15,1;13,8;15,1;14,9;14;13,7;12,7;93;92;92;161;2,4;1,5;
2023-04-02;0600;0;917,7;1014,9;918,1;917,7;-3,5;16;14,3;13,2;15,1;14,2;13,8;13;12,7;93;91;93;150;2,8;2,1;
2023-04-02;0700;0;917,6;1014,9;917,7;917,6;-3,5;15;14;12,8;14,5;13,9;13,4;12,8;12,6;93;92;93;152;2,8;1,1;
2023-04-02;0800;,2;918,1;1015,4;918,1;917,6;-3,5;15;14,1;12,8;14,3;14;13,1;12,7;12,6;93;92;92;147;2,2;1,5;
2023-04-02;0900;0;918,9;1016,1;918,9;918,1;-3,5;15;14,6;13,3;14,7;14;13,3;12,6;12,6;92;90;92;147;2,4;1;
2023-04-02;1000;0;919,6;1016,3;919,6;918,9;77,5;15;16,1;13,7;16,1;14,6;14,3;12,6;13;92;85;86;156;3;1,2;
2023-04-02;1100;0;920,2;1015,4;920,3;919,6;883;17;20,8;15,6;20,8;16,1;15,7;13,8;13,8;86;71;72;100;2,6;1,1;
2023-04-02;1200;0;920,6;1015;920,6;920,2;1753,7;21;23,2;15,7;23,2;20,7;16,4;15;13,9;75;62;63;120;5,7;2,1;
2023-04-02;1300;0;920,7;1014,5;920,7;920,6;2503,9;25;25,2;16;25,6;23,1;17,1;15,5;13,8;65;55;57;105;5,8;2;
2023-04-02;1400;0;920,3;1013,6;920,7;920,3;3055,6;27;26,6;16,3;26,7;25,2;17,6;15,5;13,7;60;53;53;121;6,4;2;
2023-04-02;1500;0;919,8;1012,5;920,3;919,8;3347,4;29;28,2;15,7;28,2;26,4;18,3;15,6;13,6;58;46;47;116;5;1,4;
2023-04-02;1600;0;919,1;1011,6;919,8;919,1;3238,7;30;28,7;15;29,3;27,5;17,2;11,1;13,5;52;33;44;156;3,9;1,3;
2023-04-02;1700;0;918,2;1010,4;919,1;918,2;3232,6;31;29,2;12,9;29,5;28,2;15,7;12,8;13,5;45;36;37;65;4,4;1,2;
2023-04-02;1800;0;917,5;1009,7;918,2;917,5;2760,3;32;29,1;14,3;30,1;28,9;15,8;11,6;13,2;43;34;41;148;4,3;1,6;
2023-04-02;1900;0;917,2;1009,9;917,5;917,1;1823,9;32;27,3;15,8;29,7;27,3;15,8;11,3;13;49;33;49;168;5,4;2,9;
2023-04-02;2000;0;917,4;1010,1;917,4;917,2;705,1;30;27,4;15,1;28,3;26,5;17,8;14,9;13,2;54;46;47;183;5,6;2,5;
2023-04-02;2100;0;917,9;1011,4;917,9;917,4;352,5;28;25,1;16,6;27,4;25,1;16,7;14,8;12,9;60;46;59;180;5,3;2,9;
2023-04-02;2200;0;918,4;1012,4;918,5;917,9;1,2;26;23,8;16,2;25,1;23,8;16,7;16,1;12,8;63;59;63;165;5,7;2,3;
2023-04-02;2300;0;919;1013,7;919;918,4;-3,5;24;22;16,6;23,8;21,9;16,7;16,1;12,8;72;62;72;114;5,5;1;
2023-04-03;0000;0;919,5;1014,3;919,5;919;-3,5;23;21,6;16,3;22,2;21,1;16,7;16,2;12,8;74;70;72;146;2,6;1;
2023-04-03;0100;0;919,8;1014,9;919,8;919,5;-3,5;22;20,9;16,2;21,9;20,7;16,4;15,9;12,8;75;70;75;107;4;,9;
2023-04-03;0200;0;919,8;1015,4;919,9;919,7;-3,5;21;19,6;16,2;20,8;19,2;16,6;16;12,8;84;75;81;183;2,5;,6;
2023-04-03;0300;0;920;1015,9;920;919,7;-3,5;20;18,7;16;19,9;18,7;16,3;15,9;12,7;84;79;84;163;2,4;,7;
2023-04-03;0400;0;919,7;1015,6;920;919,7;-3,5;19;18,6;15,8;19,4;18,1;16,3;15,5;12,7;87;81;84;150;2,8;,4;
2023-04-03;0500;0;919,2;1014,9;919,7;919,2;-3,5;19;19;16;19,4;18,5;16,1;15,7;12,7;84;80;83;131;2,6;1;
2023-04-03;0600;0;919;1014,9;919,2;919;-3,5;19;18,4;16;19,1;18,2;16,1;15,8;12,7;87;83;86;130;3,5;1,5;
2023-04-03;0700;0;918,8;1014,7;919,1;918,8;-3,5;19;18,4;15,9;18,8;17,9;16,1;15,7;12,7;88;84;85;121;3,5;1,6;
2023-04-03;0800;0;919;1015;919;918,7;-3,5;19;18;15,5;18,5;18;15,9;15,5;12,6;86;84;85;127;4,7;1,8;
2023-04-03;0900;0;919,4;1015,5;919,4;918,9;-3,5;18;17,8;15,3;18;17,5;15,6;15,2;12,6;87;85;85;133;5,8;2,3;
2023-04-03;1000;0;920;1015,9;920;919,4;60,9;18;18,6;15,3;18,6;17,7;15,3;15,2;12,9;85;81;81;119;5,8;2,4;
2023-04-03;1100;0;920,6;1015,9;920,6;920;815,5;20;20,6;16,2;20,6;18,6;16,2;15,3;13,7;81;76;76;118;5,8;2,2;
2023-04-03;1200;0;921;1015,5;921;920,6;1661,6;23;23,2;16,7;23,3;20,6;17,4;15,9;13,9;76;67;67;88;6,7;2,3;
2023-04-03;1300;0;921;1014,9;921,2;921;2410,4;25;25;17,4;25,1;23,1;17,7;16,3;13,8;69;61;63;99;6,7;1,6;
2023-04-03;1400;0;920,8;1014,5;921,1;920,8;2942,4;27;25,4;16,7;26;24,3;18,1;16,5;13,7;65;57;59;93;5,4;2,4;
2023-04-03;1500;0;920,3;1013,5;920,8;920,3;3146;28;26,7;17,7;27,3;25,4;18,5;16,2;13,6;62;54;58;54;6,2;2,8;
2023-04-03;1600;0;919,6;1012,6;920,3;919,6;3103,7;29;27,3;18,4;28;25,8;19;16,5;13,6;61;51;59;68;6,2;2,1;
2023-04-03;1700;0;918,7;1012,1;919,6;918,7;2466,1;30;25,6;17,9;27,8;25,6;18,6;16,7;13,5;62;51;62;38;6,2;3,4;
2023-04-03;1800;0;918,6;1012,3;918,9;918,2;676,8;28;24,6;17,4;25,6;24,5;18,2;16,8;13;68;60;64;71;6,2;,6;
2023-04-03;1900;0;918,7;1012,5;918,7;918,4;185,7;26;24,4;17,9;24,6;23,8;19,7;17,3;13;77;64;67;248;2,5;,8;
2023-04-03;2000;0;918,9;1013,6;918,9;918,7;69,9;25;21,8;17,3;24,5;21,7;18,8;16,7;12,9;76;67;76;320;4,6;1;
2023-04-03;2100;0;919,6;1014,6;919,6;918,7;79,5;23;21,1;17,6;21,8;21;17,7;16,9;12,8;81;74;81;278;4,4;2,5;
2023-04-03;2200;0;919,3;1014,6;919,6;919;-2,6;22;20,3;17,1;21,2;20,1;17,6;16,9;12,8;84;78;82;296;4;,9;
2023-04-03;2300;0;920,1;1015,4;920,1;919,2;-2,2;22;20,4;17;20,6;20,1;17,6;16,6;12,8;85;78;81;279;3,9;1,1;
2023-04-04;0000;8,6;920;1015,9;920,4;919,9;-2,5;21;18,7;16,9;20,7;18,6;17,2;15,3;12,8;90;72;89;152;3,7;1,3;
2023-04-04;0100;,4;920,3;1016;920,4;919,9;-1,9;20;19,2;17,7;19,5;18,7;17,8;16,9;12,8;91;89;91;96;4,1;1,2;
2023-04-04;0200;0;920,6;1016,5;920,6;920,3;-2,6;20;18,9;16,5;19,5;18,9;17,7;16,5;12,7;91;86;86;145;3;1,2;
2023-04-04;0300;0;920,7;1016,9;920,8;920,6;-3,5;19;18;16,2;18,9;17,7;16,5;16;12,7;90;85;90;149;3;,5;
2023-04-04;0400;0;920,1;1016,5;920,7;920,1;-3,5;18;17,1;15,4;18;17;16,2;15,4;12,7;91;89;90;154;2,5;1,1;
2023-04-04;0500;,2;919,6;1016,1;920,1;919,6;-3,5;18;16,7;15,5;17,1;16,4;15,5;15;12,7;92;89;92;148;2,7;1,4;
2023-04-04;0600;0;919,1;1015,9;919,6;919,1;-3,4;17;15,9;14,6;16,7;15,9;15,4;14,6;12,6;92;91;92;152;3,2;1,5;
2023-04-04;0700;0;919;1015,5;919,2;919;-3,3;17;16,5;14,7;16,6;15,9;15,1;14,5;12,6;92;89;89;147;2,9;1,6;
2023-04-04;0800;0;919,1;1015,7;919,2;919;-3,3;17;16,4;14,6;16,9;15,9;14,9;14,1;12,6;91;87;89;157;2,8;1,4;
2023-04-04;0900;0;919,6;1016,2;919,6;919,1;-3,5;17;16,5;14,7;16,6;15,7;14,9;14,2;12,6;91;89;89;144;3,1;1,4;
2023-04-04;1000;0;920,2;1017;920,2;919,6;74,8;17;16;14,3;16,5;15,6;14,7;14,2;12,9;92;89;90;137;2,4;1,2;
2023-04-04;1100;0;920,7;1016,3;920,7;920,2;808,8;18;19,7;16,2;19,7;15,9;16,5;14,3;13,7;91;80;80;144;2,2;,8;
2023-04-04;1200;0;920,8;1015,2;920,8;920,7;1654,2;21;23,2;17,8;23,2;19,7;18,3;15,9;13,9;81;72;72;100;3,6;1,3;
2023-04-04;1300;0;920,9;1015,1;921;920,8;2388,3;25;23,9;17,7;24,5;22,7;18,8;16,7;13,9;73;65;68;33;4;2,3;
2023-04-04;1400;0;920,5;1014,5;920,9;920,5;2558;27;24,4;17,4;25,9;23,9;19;16,6;13,4;70;61;65;53;4,5;1,9;
2023-04-04;1500;,2;919,7;1013,2;920,5;919,7;1298,2;27;25,7;17,8;25,9;24,4;19,1;16,8;13,5;69;60;62;105;3,6;,9;
2023-04-04;1600;0;918,6;1011,1;919,7;918,6;3337,1;29;28,4;17,6;28,4;25,7;18,9;15,5;13,6;63;50;52;56;4,5;1,5;
2023-04-04;1700;0;918,2;1012,5;918,6;918,2;1151,5;29;22,8;16;28,4;22,8;18,2;15;13,2;66;48;65;326;6,6;3,2;
2023-04-04;1800;0;918,2;1011,8;918,2;917,3;1481,1;27;25;17,1;25;22,1;17,1;15;13,8;69;58;62;107;6,7;1,4;
2023-04-04;1900;0;917,5;1012,3;918,3;917,3;1760,6;27;21,1;14,5;25;21,1;17,2;13,4;13,1;67;53;66;206;8,9;4,5;
2023-04-04;2000;0;918,2;1013,4;918,2;917,4;146;24;20,1;15,6;21,1;20,1;16;14,5;13;75;66;75;93;7;1,1;
2023-04-04;2100;0;918;1013,5;918,3;918;45,9;22;19,2;16,1;20,1;19,2;16,3;15,7;12,8;83;75;83;148;3,3;1;
2023-04-04;2200;0;918,3;1013,8;918,3;917,9;-1,3;21;19,2;16,9;19,2;18,6;16,9;15,9;12,8;87;81;87;261;2,1;,3;
2023-04-04;2300;0;918,5;1014,5;918,5;918,2;-3,5;20;18;16,4;19,3;18;17;16,1;12,8;91;82;91;153;2,5;1,2;
2023-04-05;0000;0;918,9;1015,1;918,9;918,5;-3,5;19;17,4;16;18,1;17,3;16,5;15,9;12,8;92;90;92;101;2,2;1;
2023-04-05;0100;0;919,2;1015,5;919,2;918,9;-3,3;18;17,3;16,1;17,4;17;16,2;15,7;12,8;93;92;93;171;1,6;,6;
2023-04-05;0200;0;919,3;1015,8;919,3;919,2;-3,3;18;16,8;15,5;17,3;16,6;16,1;15,3;12,7;93;92;92;192;1,3;,9;
2023-04-05;0300;0;919,2;1015,9;919,3;919,2;-3,3;17;16;14,9;16,8;16;15,6;14,9;12,7;93;92;93;139;1,5;,4;
2023-04-05;0400;0;918,9;1015,6;919,2;918,9;-3,1;17;16,1;15,1;16,4;15,8;15,3;14,7;12,7;94;93;93;4;2,2;,3;
2023-04-05;0500;0;918,7;1015,6;919;918,7;-3,5;17;15,5;14,5;16,3;15,5;15,2;14,4;12,7;94;93;93;55;1,9;1,2;
2023-04-05;0600;0;918,5;1015,3;918,7;918,5;-3,5;17;15,6;14,5;16,3;15,5;15,3;14,5;12,7;94;93;93;127;1,9;,6;
2023-04-05;0700;0;918,4;1015,3;918,5;918,3;-3,1;16;15,2;14,2;15,6;15;14,5;14;12,6;94;93;94;183;2,1;1,1;
2023-04-05;0800;0;918,6;1015,5;918,6;918,4;-3,5;16;15,5;14,5;15,5;14,9;14,5;13,9;12,6;94;94;94;147;2,1;1,3;
2023-04-05;0900;0;918,9;1015,8;919;918,6;-3,5;16;15,4;14,5;15,5;15,2;14,5;14,3;12,6;94;94;94;157;2,1;,5;
2023-04-05;1000;,2;919,7;1016,1;919,7;919;73,8;16;17,2;15,2;17,3;15,3;15,7;14,4;12,9;94;88;88;145;2,5;1,6;
2023-04-05;1100;0;920,2;1015,5;920,2;919,7;789,2;18;20,4;17;20,4;17;17,1;15,2;13,7;89;80;81;139;2,5;1,4;
2023-04-05;1200;0;920,6;1014,8;920,6;920,2;1609;21;23,9;18,1;23,9;20,4;18,5;16,6;13,9;82;70;70;116;4,1;1,2;
2023-04-05;1300;0;920,8;1014,6;920,8;920,5;2345,7;25;25,2;17,9;25,2;23,7;18,2;16,2;13,8;70;59;64;124;3,9;1,6;
2023-04-05;1400;0;920,4;1013,8;920,8;920,4;2755;27;26,2;17,3;26,7;25,2;18,5;16,1;13,7;64;56;58;168;3,5;1,3;
2023-04-05;1500;0;919,4;1012,7;920,4;919,4;2457,5;29;26,3;15,8;27,6;26,2;18,4;14,5;13,4;61;47;53;64;4,4;1,1;
2023-04-05;1600;0;918,6;1011,5;919,4;918,6;1071,9;29;27,1;14,1;27,4;25,9;17,5;14,1;13,7;60;45;45;330;3,1;,8;
2023-04-05;1700;0;917,9;1011;918,6;917,9;821;28;26,2;15,4;27,2;26,1;16,3;14,2;13,2;55;45;52;299;2,3;1,6;
2023-04-05;1800;0;918,4;1013,3;918,4;917,6;470,3;27;21,1;16,1;26,3;21,1;17,1;15,4;13,1;74;51;73;84;8,8;1,8;
2023-04-05;1900;,6;918,1;1013,8;918,7;918,1;143,6;22;18,6;16,8;21,1;18,4;17;15,8;13,1;90;73;89;121;8,8;1,8;
2023-04-05;2000;1;917,9;1013,5;918,1;917,9;256,8;21;18,8;16,9;18,8;18,5;16,9;16,6;13,1;90;87;89;147;3,9;1,6;
2023-04-05;2100;0;917,9;1013,5;917,9;917,8;92,2;20;18,9;16,9;19,3;18,8;17,1;16,7;12,8;89;86;88;134;3,7;,8;
2023-04-05;2200;0;917,9;1013,6;917,9;917,7;-1,1;20;18,6;16,8;19;18,5;17;16,6;12,8;91;86;90;147;2,6;1,7;
2023-04-05;2300;0;918,5;1014,3;918,5;917,9;-2,2;20;18,5;16,8;18,6;18,2;17;16,7;12,8;92;89;89;133;2,6;,7;
2023-04-06;0000;0;919;1015,1;919,1;918,5;-2,6;19;17,9;16,6;18,5;17,9;16,8;16,5;12,8;92;89;92;141;2,7;1,2;
2023-04-06;0100;0;919,6;1015,5;919,6;919;-1,8;19;18,6;16,2;18,7;17,8;17;16,2;12,8;92;86;86;265;3,8;1,4;
2023-04-06;0200;0;919,9;1016;919,9;919,6;-3,2;19;18,1;16,4;18,8;17,8;16,5;15,7;12,7;91;83;90;155;3,8;,3;
2023-04-06;0300;0;919,6;1015,8;919,9;919,6;-2,9;19;17,6;15,8;18,7;17,6;16,5;15,8;12,7;90;84;89;52;1,5;,8;
2023-04-06;0400;0;919,1;1015,5;919,6;919,1;-3,5;18;16,9;15,6;18,2;16,9;16,4;15,5;12,7;92;88;92;134;1,8;,9;
2023-04-06;0500;0;919,1;1015,5;919,3;919;-3;18;16,8;15,6;17,2;16,7;15,9;15,4;12,7;93;92;93;176;2,1;,8;
2023-04-06;0600;0;919,2;1015,7;919,2;919;-3,4;17;16,8;15,5;17;16,3;15,8;15;12,7;93;92;92;156;1,6;1;
2023-04-06;0700;0;919;1015,6;919,2;918,9;-3,1;17;16,3;15,2;16,8;16;15,5;14,8;12,6;93;92;93;155;2;1,1;
2023-04-06;0800;0;918,8;1014,9;919;918,7;-2,6;17;17,6;15,7;17,6;16;15,9;14,9;12,6;93;89;89;140;3,2;1,5;
2023-04-06;0900;0;919,2;1015,3;919,2;918,8;-2,6;18;17,9;15,6;18;17,6;15,8;15,6;12,6;89;87;87;139;3,2;1,4;
2023-04-06;1000;0;919,7;1015,8;919,7;919,2;58,7;18;18;15,8;18;17,2;15,8;15,3;12,8;90;87;87;143;2,7;1,3;
2023-04-06;1100;,2;919,8;1015;919,9;919,7;785,8;19;20,7;16,7;20,7;18;16,9;15,7;13,7;87;78;78;125;4,1;1,5;
2023-04-06;1200;0;920,2;1014,6;920,2;919,8;1632,3;22;23;16,3;23,1;20,7;17,6;16,1;13,9;79;65;66;106;6,3;2,5;
2023-04-06;1300;0;920;1013,8;920,2;920;2359,8;25;24,9;17,4;25,1;23;17,8;16;13,8;69;60;63;81;6,3;2,4;
2023-04-06;1400;0;919,6;1013;920;919,6;2900,4;27;26,1;17,1;26,3;24,9;18,3;16,3;13,7;64;56;57;87;7,6;2;
2023-04-06;1500;0;919;1012,1;919,6;919;3197,9;28;26,7;17,7;27,4;26;18,6;16,7;13,6;61;53;58;40;5,5;2,3;
2023-04-06;1600;0;918,3;1010,8;919;918,3;3211,8;30;28,4;17,5;28,4;26,8;18,8;15,5;13,5;61;47;52;112;4,9;1,9;
2023-04-06;1700;0;917,7;1010,6;918,4;917,7;2388;30;26,9;15,6;28,6;26,9;18,8;15,2;13,2;58;46;50;53;5,9;2;
2023-04-06;1800;0;916,9;1009,4;917,7;916,9;1596,8;30;28;16,1;28,5;26,8;17,8;15,4;13,6;57;46;48;70;4,7;1,6;
2023-04-06;1900;0;916,4;1008,8;916,9;916,3;1692,7;31;28,1;15,5;28,4;27,7;16,5;13,4;13,3;50;40;46;131;4,3;1,1;
2023-04-06;2000;0;916,4;1009,1;916,4;916,1;763,8;30;27,2;17,7;28,1;26,9;18,3;14,6;13,2;59;44;56;14;2,9;,9;
2023-04-06;2100;0;916,6;1010,4;916,6;916,4;191,5;29;23,9;18,9;27,2;23,9;19;16,3;12,9;74;52;74;43;2,3;,9;
2023-04-06;2200;0;917,2;1011,4;917,2;916,6;-3;26;22,8;17,7;23,9;22,5;19,4;17,2;12,8;78;67;73;10;3,8;1,5;
2023-04-06;2300;,4;918,2;1013,3;918,3;917,2;-2,7;24;20,4;17,7;23;20,4;17,7;16,6;12,8;85;71;85;272;9,7;1,4;
2023-04-07;0000;,6;918,9;1014,4;918,9;918,2;-3,5;22;19,6;18,1;20,4;19,5;18,1;17,5;12,8;91;85;91;74;2,6;,5;
2023-04-07;0100;0;918,8;1014,3;918,9;918,6;-3,3;21;19,4;18;19,6;19,4;18,1;17,9;12,8;92;91;92;77;1,8;,6;
2023-04-07;0200;0;918,6;1014,1;918,8;918,4;-2,6;21;19,5;18,2;19,5;19,2;18,2;18;12,8;92;92;92;115;1,9;1;
2023-04-07;0300;0;918,6;1014,2;918,7;918,5;-2,3;21;19,1;17,9;19,5;19;18,2;17,8;12,7;93;92;93;147;2,4;1,1;
2023-04-07;0400;0;918,4;1013,7;918,6;918,3;-2,3;20;19,8;18;19,9;19,1;18,3;17,8;12,7;93;89;89;130;2,7;1,1;
2023-04-07;0500;0;918;1013,5;918,5;918;-3,1;20;19,2;17,5;19,8;19,2;18;17,5;12,7;90;88;90;157;2,6;,9;
2023-04-07;0600;0;917,9;1013,2;918;917,7;-2,9;20;19,9;17,7;19,9;19,2;17,8;17,6;12,7;91;87;87;92;3,8;1,4;
2023-04-07;0700;,2;917,3;1012,5;917,9;917,3;-1,7;20;19,8;17,7;20,1;19,6;17,8;17,6;12,7;89;86;87;106;6;1,2;
2023-04-07;0800;0;917,4;1012,6;917,4;917,2;-2,3;21;20;17,6;20;19,8;17,7;17,6;12,7;88;86;86;117;4,2;1,8;
2023-04-07;0900;0;917,7;1012,8;917,7;917,4;-2,7;20;20,2;17,5;20,2;19,6;17,6;17,5;12,6;88;85;85;88;4,2;1,4;
2023-04-07;1000;0;918,5;1013,7;918,5;917,6;33,1;21;20,2;17,6;20,4;20,1;17,6;17,4;12,6;85;83;85;82;6,6;1,7;
2023-04-07;1100;0;920;1015,3;920;918,5;170,8;21;20,3;17,9;20,3;20,1;18;17,6;12,9;87;85;86;43;5,2;2,2;
2023-04-07;1200;0;921,1;1016,2;921,1;920;482,3;22;21,4;18,2;21,5;20,2;18,6;17,9;13,3;87;81;82;349;4,5;1,8;
2023-04-07;1300;0;921;1015,9;921,1;920,9;923,2;23;22;18,1;22,1;21,2;18,7;17,9;13,8;85;77;79;320;4,2;1,5;
2023-04-07;1400;0;920,6;1015,3;921,1;920,6;960,8;24;22,2;18,5;22,2;21,9;18,7;17,5;13,8;82;76;80;42;3,1;1,7;
2023-04-07;1500;0;919,8;1013,6;920,6;919,8;2013,9;25;24,7;19;24,7;22,2;19,3;17,6;13,8;80;70;71;38;4,5;2,7;
2023-04-07;1600;0;919;1012,8;919,8;919;1732;27;24,7;18,3;25,6;24,1;19,6;18,1;13,4;73;64;67;25;5,6;2,8;
2023-04-07;1700;0;918;1011,8;919;918;1383,7;27;24,1;18,9;25,6;24;19,3;18;13,2;73;64;73;94;5;1,1;
2023-04-07;1800;1;917,7;1012,3;918,3;917,7;635,9;25;21,8;19;24,2;21,2;19,9;18,4;13,9;89;72;84;48;5,7;2,1;
2023-04-07;1900;0;917,1;1010,9;917,8;917,1;1520,1;26;24,1;19,5;24,1;21,8;20,9;18,8;13,8;86;75;76;97;5,2;1,1;
2023-04-07;2000;0;917,1;1011,2;917,4;917,1;1156,9;27;23;18,7;24,2;23;19,6;18,4;13,1;78;72;76;126;3,6;1,4;
2023-04-07;2100;0;917,8;1012,3;917,8;917;127,9;25;22;18,7;23;21,9;19;18,4;12,9;82;77;82;179;3,1;1,5;
2023-04-07;2200;5,4;918,7;1013,9;918,7;917,8;-2,1;23;20,4;18,9;22;20,4;19,4;18,6;12,8;91;82;91;44;3,1;,9;
2023-04-07;2300;1,6;919,1;1014,3;919,1;918,7;-2;22;20,5;19;20,5;20,3;19,2;18,9;12,8;92;91;91;121;4,2;1,6;
2023-04-08;0000;0;919,7;1015;919,9;919,1;-1,7;21;20,2;18,4;20,6;19,9;19;18,3;12,8;91;89;90;168;5,3;2,1;
2023-04-08;0100;,2;920;1015,6;920,2;919,7;-2,5;21;19,6;18,1;20,2;19,6;18,5;18,1;12,8;91;90;91;124;4,9;,7;
2023-04-08;0200;0;920,4;1016;920,4;920;-1,9;21;19,7;18,4;19,7;19,4;18,4;18,1;12,8;92;91;92;147;3,3;1,1;
2023-04-08;0300;,4;920,2;1015,8;920,4;920,2;-1,5;21;19,7;18,3;20;19,6;18,6;18,2;12,7;92;90;91;161;5,1;2,3;
2023-04-08;0400;6,8;920,1;1015,9;920,2;919,9;-1,3;20;19;17,8;19,7;18,9;18,3;17,6;12,7;93;91;93;7;4,7;1,2;
2023-04-08;0500;3,8;919,2;1014,8;920,1;919,2;-1,3;20;19,2;18;19,4;19;18,3;17,9;12,7;93;93;93;119;2,3;1;
2023-04-08;0600;,2;918,5;1014,2;919,2;918,5;-1,9;20;18,9;17,8;19,2;18,9;18;17,8;12,7;93;93;93;271;1,9;1,1;
2023-04-08;0700;0;918,6;1014,4;918,6;918,3;-2,8;20;18,6;17,5;18,9;18,5;17,7;17,4;12,7;94;93;94;306;2;1,2;
2023-04-08;0800;0;918,6;1014,5;918,9;918,6;-2,5;19;18,2;17,2;18,6;18,1;17,5;17,1;12,6;94;94;94;118;1,8;,9;
2023-04-08;0900;0;919;1014,8;919;918,6;-1,6;19;18,5;17,5;18,5;18,2;17,5;17,2;12,6;94;94;94;155;2,3;1,1;
2023-04-08;1000;0;919,1;1015;919,2;918,9;43,7;19;18,4;17,4;18,5;18,2;17,5;17,2;12,7;94;94;94;128;2,3;1,3;
2023-04-08;1100;0;920;1015,6;920;919,1;297,3;20;19,5;18,5;19,5;18,4;18,5;17,4;13,4;94;94;94;130;2,6;,8;
2023-04-08;1200;0;921;1016;921;920;1342,9;22;21,5;18,7;21,6;19,6;19,6;18,1;13,7;94;82;84;88;3,2;1,2;
2023-04-08;1300;0;921,4;1015,7;921,4;921;1987,5;24;23,7;18,1;24;21,5;19,3;17,7;13,8;85;69;71;227;2,5;1,1;
2023-04-08;1400;0;921;1014,9;921,4;921;2982,1;27;24,9;16,8;25,4;23,5;19,1;16,8;13,8;73;59;61;300;5,2;2,1;
2023-04-08;1500;,2;920,4;1014;921;920,3;2699,8;28;25,6;17,9;26,1;24,8;19,1;16,5;13,7;66;57;62;300;3,7;1,9;
2023-04-08;1600;0;919,9;1013,3;920,4;919,8;2055;28;26,2;18,1;26,3;25,2;19,1;17,3;13,7;68;60;61;296;4,7;2,1;
2023-04-08;1700;0;918,7;1011,9;919,9;918,7;2557,7;29;26,2;18,1;26,8;25,8;18,9;16,9;13,6;63;56;61;250;4,7;2;
2023-04-08;1800;3,6;918,5;1013,2;918,7;918,4;530,5;27;21,6;19,5;26,1;21,5;19,5;17,9;13,1;88;61;88;220;8,3;4,6;
2023-04-08;1900;1,6;918,3;1012,7;918,6;918,2;432,8;24;22,4;20,5;22,4;21,6;20,5;19,6;13,1;90;86;89;254;7,9;1,3;
2023-04-08;2000;0;919;1013,6;919;918,3;145,3;24;22,2;20,2;22,5;21,9;20,3;19,9;13;91;85;88;246;2,4;1,2;
2023-04-08;2100;2,4;919,2;1014,1;919,2;919;35,7;23;21,2;19,9;22,2;21;20,1;19,7;12,8;92;86;92;176;1,8;,5;
2023-04-08;2200;0;920,2;1015,2;920,2;919,2;-1,8;22;21,2;20;21,3;21;20,1;19,7;12,8;93;92;93;254;1,8;1,1;
2023-04-08;2300;,4;920,9;1016,3;920,9;920,2;-2,2;22;20,5;19,3;21,2;20,5;20;19,3;12,8;93;92;93;316;2,2;1,3;
2023-04-09;0000;,4;921;1016,4;921,1;920,9;-2;22;20,5;19,3;20,7;20,4;19,5;19,3;12,8;93;93;93;310;2,5;,7;
2023-04-09;0100;,2;922;1017,4;922;921;-1,5;21;20,6;19,4;20,6;20,4;19,4;19,2;12,8;93;93;93;293;1,9;,5;
2023-04-09;0200;1,4;922,3;1017,8;922,4;922;-1,3;21;20,4;19,2;20,6;20,3;19,4;19,2;12,8;93;93;93;163;1;,4;
2023-04-09;0300;,2;922,1;1017,7;922,3;922,1;-2,1;21;20,1;19,1;20,4;20,1;19,2;19,1;12,7;94;93;94;31;1,3;,9;
2023-04-09;0400;,8;921,5;1017,2;922,1;921,5;-2,3;21;19,6;18,5;20,1;19,6;19,1;18,5;12,7;94;93;93;82;2,1;,5;
2023-04-09;0500;,4;920;1015,9;921,5;920;-2,2;20;18,7;17,4;19,6;18,6;18,5;17,3;12,7;93;91;92;133;2,7;1;
2023-04-09;0600;0;920,1;1015,9;920,1;919,6;-2,4;20;18,9;17,6;19;18,7;17,6;17,3;12,7;92;91;92;116;4,2;1,4;
2023-04-09;0700;0;919,9;1015,5;920,2;919,9;0;20;19,4;18,1;19,4;18,9;18,2;17,6;12,6;93;92;92;128;3,6;1,1;
2023-04-09;0800;0;919,8;1015,5;919,9;919,8;-1,3;20;19,3;18;19,5;19,2;18,2;18;12,6;92;92;92;142;3,6;1,1;
2023-04-09;0900;0;920,3;1016,1;920,3;919,8;-2,2;20;19,1;17,7;19,4;19;18;17,7;12,6;92;92;92;129;2,7;1,1;
2023-04-09;1000;0;921;1016,8;921;920,3;35,4;20;19,1;17,7;19,1;18,9;17,8;17,6;12,6;92;92;92;118;4,1;1,6;
2023-04-09;1100;0;921,5;1017,1;921,5;920,9;301,6;20;19,9;18;19,9;19,1;18,1;17,7;13,2;92;89;89;121;3,7;1,5;
2023-04-09;1200;0;922,2;1017,2;922,2;921,5;1226,8;22;22;18,6;22;19,9;18,9;17,5;13,8;89;78;81;92;4,1;1,3;
2023-04-09;1300;0;922,3;1016,9;922,4;922,2;1810,9;24;23,1;18;23,6;21,8;18,9;17,1;13,8;81;69;73;99;5,2;1,4;
2023-04-09;1400;0;922,3;1016,4;922,5;922,3;1917,2;26;24,7;18;24,7;23;18,7;17,4;13,8;75;66;67;78;4,5;1,6;
2023-04-09;1500;0;921,9;1015,9;922,3;921,9;1805,2;27;24,7;17,8;25;23,9;18,8;17,2;13,7;71;64;66;93;4,3;1,3;
2023-04-09;1600;0;921,6;1015,8;921,9;921,6;1117,2;27;24;18;24,9;24;18,5;16,9;13,3;70;62;69;96;3,6;,8;
2023-04-09;1700;0;920,9;1015;921,6;920,9;1089,1;27;24,2;18,3;24,3;23,2;20,1;17,7;13,4;80;68;69;70;2,5;,9;
2023-04-09;1800;6,8;920,9;1016,6;920,9;920,6;730,8;26;19,5;17,8;24,4;19,2;19,7;16,6;13,1;90;67;90;212;8,8;4,4;
2023-04-09;1900;2,6;920;1015,6;921;919,9;359,1;22;19,6;18;19,7;19,1;18,2;17,5;13,3;92;89;91;150;8,8;1,5;
2023-04-09;2000;0;920,2;1015,4;920,2;919,9;764,6;22;20,8;18,3;20,8;19,6;18,3;17,5;13,1;91;82;86;158;2,9;1;
2023-04-09;2100;0;920,3;1015,6;920,3;920,2;129,9;22;20,4;18,6;20,8;20,4;18,6;18,1;12,9;89;85;89;145;2,4;1,1;
2023-04-09;2200;0;920,9;1016,4;920,9;920,3;-,7;21;20,1;18;20,4;19,9;18,6;17,9;12,8;89;87;88;134;2,6;,9;
2023-04-09;2300;0;921,5;1017,4;921,5;920,9;-3,2;21;19;17,8;20,1;19;18,1;17,7;12,8;93;88;93;168;2,3;1,1;
2023-04-10;0000;0;922,2;1018,2;922,2;921,5;-3,3;20;19,1;18;19,2;18,8;18;17,7;12,8;93;93;93;190;2,2;,5;
2023-04-10;0100;0;922,6;1018,9;922,6;922,2;-3,2;20;18,3;17,2;19,1;18,3;18;17,2;12,8;93;93;93;159;1,5;,8;
2023-04-10;0200;0;922,4;1018,8;922,7;922,4;-3,4;19;17,9;16,8;18,5;17,7;17,4;16,7;12,8;94;93;94;154;1,8;,9;
2023-04-10;0300;0;922,3;1018,7;922,5;922,3;-3,4;19;17,8;16,8;18,3;17,7;17,3;16,7;12,7;94;94;94;154;2,5;1,1;
2023-04-10;0400;0;921,8;1018,3;922,3;921,8;-3,4;19;17,6;16,6;18,1;17,6;17,1;16,5;12,7;94;94;94;147;2,1;,9;
2023-04-10;0500;,2;921,6;1018;921,8;921,6;-3,4;18;17,8;16,6;17,9;17,5;16,8;16,5;12,7;94;93;93;129;2,5;1;
2023-04-10;0600;0;921,1;1017,5;921,6;921,1;-3,5;18;17,5;16,3;17,9;17,4;16,7;16,2;12,7;93;92;92;127;3,7;1,6;
2023-04-10;0700;0;920,9;1017,3;921,1;920,9;-3,5;18;17,6;15,9;18,1;17,5;16,6;15,9;12,7;92;89;90;125;4,5;1,3;
2023-04-10;0800;0;921;1017,4;921;920,8;-3,4;18;17,5;15,4;17,6;17,3;15,9;15,3;12,6;90;88;88;121;4,4;2;
2023-04-10;0900;0;921,5;1018,1;921,5;921;-3,4;18;17;15,2;17,5;17;15,4;15,2;12,6;90;88;89;134;4,6;1,7;
2023-04-10;1000;0;922,1;1018,6;922,1;921,5;75,4;18;17,5;15,4;17,5;16,9;15,4;15,1;13;90;87;88;124;5,1;1,9;
2023-04-10;1100;0;922,8;1018,6;922,9;922,1;759;19;19,8;15,8;19,8;17,5;16,1;15,3;13,8;88;77;78;108;5,2;2,1;
2023-04-10;1200;0;923,5;1019;923,5;922,8;1660,9;21;20,9;15,6;21,1;19,7;16,3;15,3;13,9;79;71;72;110;8,2;3,2;
2023-04-10;1300;0;923,5;1018,3;923,6;923,5;2397,2;23;23;16,5;23,1;20,9;17,2;15,5;13,8;74;65;67;73;8,2;2,7;
2023-04-10;1400;0;923,1;1017,4;923,6;923,1;2932,2;25;24,3;16,7;24,7;23;17,7;15,6;13,8;69;59;63;50;7,3;3,6;
2023-04-10;1500;0;922,6;1016,5;923,1;922,6;2868,7;26;25,5;17,6;25,5;23,6;18,4;15,9;13,7;68;58;61;52;7,4;2,7;
2023-04-10;1600;,2;922,1;1015,7;922,6;922;3267,5;28;26,2;15,6;26,7;25;18,3;15,6;13,7;63;52;52;75;6,3;1,8;
2023-04-10;1700;0;921,4;1014,6;922,1;921,4;3139,3;29;27,2;17,1;27,3;25,8;18,1;15,5;13,7;60;52;54;112;5;1,6;
2023-04-10;1800;0;920,8;1014;921,4;920,8;2657;30;27;16,6;27,8;26,3;18;15,6;13,7;58;49;53;46;5,3;2;
2023-04-10;1900;0;920,4;1013,5;920,8;920,3;1960,5;31;27;16,8;27,7;26,3;17,7;15,2;13,7;58;49;54;45;5,3;1,6;
2023-04-10;2000;0;920,2;1014,1;920,4;920,1;1018,2;30;24,6;17,1;27,6;24,6;18;15,7;13;64;50;63;188;7;2,9;
2023-04-10;2100;0;920,7;1015,5;920,7;920,2;196;26;22;17,3;24,5;22;17,6;16,8;12,9;76;63;74;118;7;1,3;
2023-04-10;2200;0;921,1;1016,3;921,1;920,7;-1,6;24;21;17,2;22,4;21;17,6;16,7;12,8;80;70;79;157;2,7;1,5;
2023-04-10;2300;0;921,7;1017,3;921,7;921;-3,5;22;20,1;17,2;21,1;20;17,4;17,2;12,8;83;79;83;157;2,5;1,6;
2023-04-11;0000;0;921,9;1017,7;921,9;921,6;-3,5;21;19,6;17,2;20,5;19,5;17,3;17;12,8;87;81;86;172;2,7;,9;
2023-04-11;0100;0;922,1;1018,1;922,2;921,8;-3,5;21;19;16,8;20,4;18,9;17,3;16,6;12,8;87;82;87;151;1,9;1,2;
2023-04-11;0200;0;921,9;1018,2;922,2;921,9;-3,5;20;18,2;16,4;19,4;18,2;17;16,4;12,8;90;85;89;122;2;,4;
2023-04-11;0300;0;921,7;1018;921,9;921,6;-3,5;19;18;16,2;18,6;17,8;16,9;16,1;12,7;90;89;89;159;2,5;1,5;
2023-04-11;0400;0;921,4;1017,7;921,8;921,4;-3,5;19;17,8;15,8;18,4;17,8;16,3;15,8;12,7;89;86;88;144;3,3;1,4;
2023-04-11;0500;0;921,2;1017,6;921,5;921,2;-3,5;18;17,5;15,8;17,9;17,4;16;15,6;12,7;90;88;90;153;2,8;1,3;
2023-04-11;0600;0;920,9;1017,4;921,2;920,9;-3,5;18;17,2;15,8;17,7;17,1;15,9;15,5;12,7;91;89;91;133;2,8;1,2;
2023-04-11;0700;0;920,6;1017,2;921;920,6;-3,5;18;16,8;15,2;17,6;16,8;16;15,2;12,7;91;88;90;145;2,5;,9;
2023-04-11;0800;0;921;1017,5;921;920,6;-3,5;18;17,3;15,4;17,8;16,7;15,8;15,1;12,6;91;86;88;115;3,2;,9;
2023-04-11;0900;0;921,2;1017,8;921,2;920,9;-3,5;18;17,1;15,2;17,5;17,1;15,4;15,1;12,6;88;87;88;126;4,3;1;
2023-04-11;1000;0;921,7;1018,1;921,7;921,2;51,3;18;17,8;15,3;17,8;17,1;15,3;15,1;12,9;88;85;85;121;4,3;1,9;
2023-04-11;1100;0;922,1;1017,9;922,1;921,7;796,2;19;19,7;15,9;19,8;17,8;16;15,2;13,5;85;78;79;118;6,2;2,2;
2023-04-11;1200;0;922,5;1017,4;922,5;922,1;1529,5;21;22,4;17,4;22,4;19,7;17,4;15,9;13,9;80;71;74;105;6,6;2,2;
2023-04-11;1300;0;922,6;1017,2;922,7;922,5;2293;24;23,3;17;24,1;21,9;17,9;16,3;13,7;73;64;68;70;5,5;2;
2023-04-11;1400;0;922,3;1016,6;922,6;922,3;2885,7;26;24,1;16,6;24,7;23,3;17,9;16,4;13,7;70;62;63;58;6,4;2,7;
2023-04-11;1500;0;921,8;1015,9;922,3;921,8;3057,5;27;24,6;17,9;25,3;23,9;18,5;16,4;13,7;69;61;66;42;7,6;3,2;
2023-04-11;1600;0;921,1;1014,9;921,8;921;2797,4;28;25,1;17,2;26,4;24,5;18,7;16,3;13,6;67;58;61;42;5,6;2,4;
2023-04-11;1700;0;919,9;1013,5;921,1;919,9;2233,3;29;25,4;17,4;26,3;24,8;18,7;16,1;13,3;64;55;61;110;4,8;1,4;
2023-04-11;1800;0;919,2;1012,4;919,9;919,2;2350,2;29;26,5;16;27,2;25,3;18,3;15,5;13,7;62;50;52;109;4,1;1,7;
2023-04-11;1900;0;918,6;1011,7;919,2;918,6;1961,1;30;26,5;16,3;26,8;26,3;17,4;15,2;13,7;57;50;54;102;4,4;1,4;
2023-04-11;2000;0;918,4;1011,7;918,6;918,4;1040,1;30;25,9;15,9;27,1;25,9;17,3;15,5;13,2;58;51;54;144;4,2;,5;
2023-04-11;2100;0;918,5;1012,6;918,5;918,2;260;28;23,4;16,6;25,8;23,4;17,2;15,6;12,9;66;54;66;135;2,6;,9;
2023-04-11;2200;0;918,8;1013,7;918,8;918,5;-3,4;25;21,1;17,1;23,4;21,1;17,2;16,5;12,8;78;66;78;108;2,4;,9;
2023-04-11;2300;0;919,8;1015,2;919,8;918,8;-3,5;22;20,1;16,8;21,1;20,1;17,2;16,8;12,8;82;77;82;125;2,4;,8;
2023-04-12;0000;0;919,9;1015,2;920;919,8;-3,5;21;20,4;16,7;20,9;19,5;17;16,5;12,8;83;78;80;149;2,9;1,3;
2023-04-12;0100;0;920;1015,3;920,2;919,9;-3,4;21;20,5;16,5;20,9;20,2;16,7;16,4;12,8;80;77;78;139;2,7;1;
2023-04-12;0200;0;920,2;1015,8;920,2;920;-3,5;21;19,6;16,5;20,7;19,2;16,9;16,4;12,8;85;77;82;6;3,5;,8;
2023-04-12;0300;0;920,4;1016,1;920,5;920,2;-3,1;20;19,3;16,7;19,7;19,1;16,8;16,3;12,7;85;82;85;125;1,9;,8;
2023-04-12;0400;0;919,9;1015,6;920,5;919,9;-1,9;20;19,1;16,7;19,6;18,6;16,8;16,3;12,7;87;83;86;146;2,7;1,2;
2023-04-12;0500;0;919,2;1014,7;919,9;919,2;-2,2;20;19,5;16,9;19,5;18,5;17,1;16,5;12,7;90;85;85;148;2,6;1;
2023-04-12;0600;0;919,3;1015;919,5;919,2;-1,4;20;19,1;17;19,7;18,7;17,3;16,5;12,7;90;84;88;75;2,7;,7;
2023-04-12;0700;0;919,1;1014,8;919,3;919;-2,9;20;18,9;17;19,1;18,5;17,1;17;12,7;91;88;89;138;1,8;,8;
2023-04-12;0800;0;919,8;1015,6;919,8;919,1;-2;20;19;17,4;19,4;18,6;17,4;16,9;12,6;91;87;91;258;2,4;1,6;
2023-04-12;0900;,2;920,6;1016,5;920,6;919,8;-2,9;20;18,7;17,3;19,4;18,6;17,5;17;12,6;92;87;92;309;3,4;2,7;
2023-04-12;1000;3,2;921,7;1017,8;921,7;920,6;2,2;20;18,6;17,5;18,7;18,6;17,5;17,3;12,6;93;92;93;292;3,7;2,6;
2023-04-12;1100;8,8;921,6;1017,7;922,2;921,6;17,2;20;18,6;17,5;18,6;18,5;17,5;17,4;12,6;93;93;93;101;3,9;,9;
2023-04-12;1200;4,8;921,3;1017;921,7;920,6;179,9;20;19,5;18;19,5;18,5;18,1;17,5;13,2;94;91;91;17;4,4;1,6;
2023-04-12;1300;0;921,8;1017;921,8;921,3;982,2;21;21,1;18;21,1;19,5;18,8;17,6;13,6;91;81;83;94;4,6;1;
2023-04-12;1400;0;921,9;1017;921,9;921,8;929,5;22;21,7;17,8;21,9;21;19;17,2;13,8;85;77;78;5;3,6;2;
2023-04-12;1500;0;921;1015,8;921,9;921;1982,8;24;22,2;17,1;23,1;21,7;18,7;16,8;13,6;79;70;73;32;4,9;2,2;
2023-04-12;1600;1;920,3;1015,5;921;920,3;723;24;20,9;17,2;22,5;20,8;18,3;16,5;13,6;82;73;80;303;3,9;1,2;
2023-04-12;1700;0;919,4;1013,8;920,3;919,4;2011,2;24;22,8;18,3;23;20,9;19,5;16,7;13,9;83;75;76;131;3,3;1,5;
2023-04-12;1800;0;918,8;1012,9;919,4;918,8;1808,7;26;23,5;18,7;23,6;22,6;19;18;13,8;79;73;75;85;3,3;1,4;
2023-04-12;1900;0;918,2;1012,4;918,8;918,1;1413;27;23,1;18;24,4;23,1;19,2;18;13,2;76;69;73;127;2,8;1,5;
2023-04-12;2000;0;918,1;1012,4;918,2;918;419,9;25;22,7;18,8;23,1;22,6;19,3;18,2;13,2;81;74;79;77;3,2;,8;
2023-04-12;2100;0;918,3;1013,3;918,5;918;181,4;24;20,7;17,9;22,7;20,7;18,7;17,9;12,9;85;77;84;155;3,6;,8;
2023-04-12;2200;0;918,5;1013,7;918,5;918,2;-3,4;22;20,2;17,6;20,7;20,1;18,1;17,4;12,8;86;82;85;138;3;1,3;
2023-04-12;2300;0;919;1014,4;919;918,5;-3,5;21;19,7;17,4;20,2;19,5;17,6;17,3;12,8;87;85;87;144;2,5;1,2;
2023-04-13;0000;0;919,7;1015,3;919,7;919;-3,5;21;19,5;17,2;20;19,5;17,4;17,1;12,8;87;84;86;147;3,1;1,4;
2023-04-13;0100;0;919,9;1015,6;920;919,7;-3,5;20;19,2;17,2;19,5;19,2;17,4;17,1;12,8;88;86;88;142;2,8;1,1;
2023-04-13;0200;0;919,8;1015,5;920;919,7;-3,5;20;19,3;17,3;19,5;19,1;17,4;17,1;12,8;89;88;88;138;2,8;1,4;
2023-04-13;0300;0;919,7;1015,4;920;919,7;-3,5;20;19,2;17,4;19,6;19,1;17,6;17,2;12,7;89;87;89;143;2,8;1,4;
2023-04-13;0400;0;919,2;1014,9;919,7;919,2;-3,5;20;18,9;17,3;19,3;18,9;17,5;17,2;12,7;90;89;90;147;3,2;1,4;
2023-04-13;0500;0;918,7;1014,6;919,2;918,7;-3,5;19;18,3;17;18,9;18,1;17,3;16,8;12,7;92;90;92;164;2,8;1;
2023-04-13;0600;0;918,4;1014,5;918,7;918,4;-3,3;19;17,7;16,7;18,4;17,5;17,1;16,3;12,7;93;92;93;159;3;1,5;
2023-04-13;0700;0;918,2;1014,3;918,5;918,2;-3,3;19;17,5;16,3;18,1;17,5;17;16,3;12,7;93;93;93;149;3;1,1;
2023-04-13;0800;0;918,2;1014,4;918,3;918,1;-3,4;18;17,3;16,2;17,5;16,8;16,4;15,7;12,7;93;93;93;154;2,1;1;
2023-04-13;0900;0;917,8;1014;918,2;917,7;-2,8;18;17,1;16;17,3;16,6;16,2;15,6;12,6;94;93;94;153;3;1,6;
2023-04-13;1000;0;918,3;1014,3;918,3;917,8;46,1;18;17,9;16,7;17,9;17;16,7;15,9;12,8;94;93;93;149;3,3;1,6;
2023-04-13;1100;0;918,5;1013,6;918,6;918,3;769,9;20;20,5;17,9;20,5;17,9;18;16,7;13,7;93;84;85;144;3,4;1,7;
2023-04-13;1200;0;918,9;1013,4;918,9;918,5;1601,4;22;22,5;18,3;22,9;20,5;19,1;17,7;13,8;85;76;77;132;3,8;1,9;
2023-04-13;1300;0;918,9;1012,8;919,1;918,8;2329,9;25;24,3;18,2;24,9;22,5;19,7;18,2;13,8;81;68;69;76;3,9;1,7;
2023-04-13;1400;0;918,2;1011,6;918,9;918,2;2570,9;27;25,4;17,8;26,1;24,3;19,9;17,5;13,8;72;62;63;65;4;1,2;
2023-04-13;1500;,2;917,9;1011,2;918,2;917,9;2564,4;29;25,8;17,9;26,9;24,8;20;17,6;13,3;69;59;62;357;3,5;1,4;
2023-04-13;1600;0;917,2;1010,1;917,9;917,2;2495,9;30;26,8;18,3;27,9;25,8;19,2;17,4;13,5;64;54;60;89;3,8;1,8;
2023-04-13;1700;0;916,6;1009,2;917,2;916,6;2088,2;31;27,6;18,7;28,2;26,4;18,7;16,8;13,5;63;52;58;268;3,9;1,3;
2023-04-13;1800;0;916;1009,4;916,6;916;1083,5;30;24,8;18,7;28,1;24,8;19,7;17,6;13,1;69;54;69;49;5,2;2,3;
2023-04-13;1900;2,4;916,1;1010,3;916,3;916;430;27;22,5;20,2;24,8;22,5;20,4;18,8;13,1;87;69;87;139;5,2;1;
2023-04-13;2000;0;916,3;1010,6;916,3;916;262,3;25;22,1;19,5;23;22,1;20,4;18,9;13;88;79;85;126;2,6;1,2;
2023-04-13;2100;,4;916,2;1010,7;916,5;916,2;100,3;24;21,7;19,7;22,6;21,5;20,2;19,1;12,9;90;81;88;140;2,5;1,3;
2023-04-13;2200;0;916,7;1011,6;916,7;916,2;-2,6;23;20,7;19;21,7;20,7;19,9;19;12,8;92;88;90;143;2,8;1,5;
2023-04-13;2300;0;917,6;1012,8;917,6;916,8;-3,4;22;20,1;18;20,7;19,8;19;18;12,8;91;87;88;143;2,8;1,6;
2023-04-14;0000;0;917,7;1013,1;917,8;917,6;-3,5;21;19,3;17,4;20,2;19,3;18,2;17,4;12,8;91;87;89;157;3;1,6;
2023-04-14;0100;0;918;1013,5;918;917,7;-3,5;20;19,3;17,2;19,5;18,8;17,6;17,1;12,8;91;87;88;151;3,3;1,9;
2023-04-14;0200;0;918;1013,7;918;917,8;-3,5;20;18,5;16,8;19,5;18,5;17,2;16,6;12,8;90;86;90;157;3,4;1,4;
2023-04-14;0300;0;917,8;1013,7;918;917,8;-3,5;19;17,9;16,6;18,7;17,9;16,9;16,5;12,7;92;89;92;154;2,3;1,3;
2023-04-14;0400;0;917,6;1013,6;917,8;917,6;-3,2;19;17,5;16,2;17,9;17,5;16,7;16,2;12,7;92;92;92;158;2,2;1,1;
2023-04-14;0500;0;916,9;1013;917,6;916,9;-3,5;18;17,2;16,2;17,5;17,1;16,3;16;12,7;93;92;93;142;2,1;,8;
2023-04-14;0600;0;916,8;1012,9;916,9;916,7;-3,3;18;17,2;16,1;17,3;17;16,2;16;12,7;94;93;94;160;1,9;1,5;
2023-04-14;0700;0;916,8;1012,9;916,9;916,6;-2,5;18;17,1;16;17,2;16,6;16,1;15,6;12,7;94;93;94;171;2,2;1;
2023-04-14;0800;0;916,8;1013;916,9;916,7;-2,3;18;16,9;15,8;17,1;16,7;16,1;15,6;12,6;94;93;93;152;2,5;1,4;
2023-04-14;0900;0;917,5;1013,5;917,5;916,8;-1,3;18;17,6;16,5;17,6;16,9;16,5;15,8;12,6;94;93;93;149;2,5;1,5;
2023-04-14;1000;0;918,2;1014,1;918,2;917,5;71;18;18;16,8;18;17,4;16,8;16,1;12,8;93;92;93;147;2,2;1;
2023-04-14;1100;,2;918,8;1014,1;918,8;918,2;306,2;19;19,9;17,9;20;18;17,9;16,8;13,1;93;86;88;153;2,5;1,3;
2023-04-14;1200;0;919,2;1014,1;919,3;918,8;489,2;21;21,4;18,8;21,4;19,9;18,8;17,7;13,3;88;83;85;153;2,5;1,2;
2023-04-14;1300;,8;920,5;1016,4;920,5;919,2;237,3;22;18,7;16,1;21,6;18,7;18,9;16;13;86;81;85;218;10,9;5,2;
2023-04-14;1400;3;920,2;1016;920,7;920,2;388,5;20;19;17,5;19;18;17,5;16,2;13,8;91;85;91;163;10,9;1,5;
2023-04-14;1500;0;919,4;1014,5;920,2;919,4;1736,9;21;20,9;17,5;21,2;19;18,2;17,1;13,7;91;80;81;214;6,2;3,8;
2023-04-14;1600;0;918,4;1012,5;919,4;918,4;2297,5;24;23,5;18,5;23,5;20,7;18,7;17,3;13,8;84;71;73;183;6,2;1,7;
2023-04-14;1700;0;918;1012;918,4;917,8;1485,8;26;23,6;17,8;24,1;23;18,5;17,3;13,4;74;68;70;284;3,4;1,3;
2023-04-14;1800;0;918;1012,4;918;917,8;576,3;25;22,4;18,3;23,6;22,4;18,5;17,6;13,1;77;69;77;218;3,7;2,3;
2023-04-14;1900;3,8;917,9;1012,7;918,2;917,9;288,1;23;21,2;19,2;22,4;20,4;19,6;18,2;13,4;91;78;88;144;3,7;,9;
2023-04-14;2000;0;918;1012,7;918;917,7;739,2;23;21,6;18,8;21,9;21,2;19,5;18,7;13,1;89;84;84;90;2,3;,8;
2023-04-14;2100;0;918,6;1013,6;918,6;918;84,8;23;20,8;19,2;21,6;20,7;19,3;18,8;12,8;90;84;90;186;1,7;,6;
2023-04-14;2200;0;919;1014,2;919;918,6;-2,1;22;20,4;19;20,9;20,4;19,2;18,8;12,8;92;90;92;169;2;,8;
2023-04-14;2300;,6;920;1015,3;920;918,9;-1,7;22;20,4;19,1;20,6;20,3;19,3;19;12,8;92;92;92;219;1,2;,5;
2023-04-15;0000;1,6;920,3;1015,8;920,4;920;-1,5;21;20;18,9;20,4;20;19,2;18,8;12,8;93;92;93;57;1,4;,6;
2023-04-15;0100;,2;920,2;1015,6;920,3;920,2;-1,9;21;20,1;19;20,1;20;19;18,9;12,8;93;93;93;133;1,6;,4;
2023-04-15;0200;0;919,9;1015,3;920,2;919,9;-,8;21;20;19;20,1;20;19;19;12,8;93;93;93;156;1,7;1,1;
2023-04-15;0300;0;920;1015,5;920;919,6;-1;21;19,9;18,8;20,1;19,9;19;18,8;12,7;93;93;93;151;2,7;,9;
2023-04-15;0400;0;919,4;1014,8;920;919,4;-1,2;21;19,8;18,7;19,9;19,8;18,8;18,7;12,7;93;93;93;131;2;,4;
2023-04-15;0500;0;918,9;1014,5;919,4;918,9;-2,6;20;19,3;18,1;19,8;19,3;18,7;18,1;12,7;93;93;93;185;1,7;,8;
2023-04-15;0600;0;918,3;1013,8;918,9;918,2;-1,4;20;19,3;18,2;19,3;19;18,2;17,9;12,7;93;93;93;160;1,2;,5;
2023-04-15;0700;0;918,2;1013,8;918,3;918,1;-,8;20;19;18;19,3;18,9;18,2;17,8;12,6;94;93;94;50;1;,5;
2023-04-15;0800;0;918,4;1013,9;918,4;918,2;-,8;20;19,3;18,2;19,3;19;18,2;17,9;12,6;94;94;94;154;1,1;,4;
2023-04-15;0900;0;919,2;1014,8;919,2;918,4;-1,6;20;19,3;18,2;19,4;19,1;18,3;18,1;12,6;94;94;94;125;1,7;,9;
2023-04-15;1000;0;919,9;1015,6;919,9;919,2;40,4;20;19,3;18,2;19,4;19,3;18,3;18,2;12,7;94;93;93;99;1,7;,6;
2023-04-15;1100;0;920,7;1016,2;920,7;919,9;366,6;21;20,1;18,5;20,1;19,2;18,6;18,1;13,4;93;90;91;335;1,5;,7;
2023-04-15;1200;0;921,2;1016,3;921,2;920,7;826,4;22;21,3;18,5;21,4;20,2;19,4;17,7;13,4;91;81;84;322;1,7;,7;
2023-04-15;1300;0;921,5;1016,3;921,5;921,2;1456,3;23;22,3;17,7;22,8;21,2;19;17,2;13,8;85;72;75;167;2,6;1,2;
2023-04-15;1400;0;921,4;1015,6;921,6;921,4;2653,1;26;24,1;16,1;25,2;22,3;18,7;16,1;13,7;75;59;61;243;5;2,7;
2023-04-15;1500;0;920,5;1014,1;921,4;920,5;2768,1;27;25,5;16,6;25,8;23,5;17,9;16,1;13,7;69;58;58;265;5,2;2;
2023-04-15;1600;0;920;1013,7;920,5;920;2239,8;28;25,2;17;26,2;23,9;18,1;16,4;13,8;66;56;61;193;5,5;2,6;
2023-04-15;1700;0;919,6;1013,1;920;919,5;2472,9;28;25,8;16,7;26,2;24,9;17,8;15,6;13,7;63;54;57;213;6;2,7;
2023-04-15;1800;0;919,2;1012,5;919,6;919,2;2039,2;28;26,1;16,2;26,3;24,9;17,1;15,1;13,4;58;50;55;202;6,2;3,1;
2023-04-15;1900;0;919,1;1012,5;919,2;919;1834,9;29;25,8;15,8;26,4;25,6;17,1;15,4;13,3;58;51;54;233;6,9;3;
2023-04-15;2000;0;919,2;1012,8;919,2;919;988,2;28;25,1;17,4;26;25,1;17,7;16,2;13,2;63;54;62;183;5,5;1,7;
2023-04-15;2100;0;919,2;1014;919,3;919,2;272,7;27;21,6;18,1;25,2;21,6;18,1;17,2;12,9;80;61;80;218;3,4;2,4;
2023-04-15;2200;0;919,7;1015;919,7;919,2;-3,4;23;20,3;17,5;21,6;20,3;18,1;17,4;12,8;84;79;84;135;2,8;,7;
2023-04-15;2300;0;920,4;1016;920,4;919,7;-3,5;21;19,5;16,9;20,6;19,5;17,6;16,8;12,8;85;83;85;161;2,1;,8;
2023-04-16;0000;0;920,7;1016,8;920,8;920,4;-3,5;20;18,3;16,2;19,6;18,3;17,5;16,1;12,8;89;85;87;46;1,8;1,3;
2023-04-16;0100;0;921;1017,1;921;920,7;-3,5;19;18,5;16,3;18,8;17,7;17,1;15,9;12,8;92;87;87;62;2,8;1,4;
2023-04-16;0200;0;920,7;1017,1;921;920,6;-3,5;19;17,4;16;18,5;17,3;16,6;15,7;12,8;92;87;92;167;2,7;1,3;
2023-04-16;0300;0;920,8;1017,4;920,8;920,4;-3,5;18;16,8;15,7;17,6;16,8;16,3;15,6;12,7;93;92;93;143;1,9;1,1;
2023-04-16;0400;0;920,4;1017,1;920,8;920,4;-3,5;18;16,4;15,4;16,9;16,2;15,8;15,2;12,7;94;93;94;191;1,9;,9;
2023-04-16;0500;0;919,9;1016,6;920,4;919,8;-3,3;17;16,4;15,4;16,7;16,2;15,6;15,2;12,7;94;94;94;177;1,6;,4;
2023-04-16;0600;,2;919,4;1016,1;919,9;919,4;-3,5;17;16,1;15,1;16,7;15,8;15,7;14,9;12,7;94;94;94;134;1,5;,9;
2023-04-16;0700;0;919,6;1016,5;919,6;919,3;-3,4;17;15,6;14,7;16,7;15,5;15,7;14,6;12,7;94;94;94;126;2,4;,6;
2023-04-16;0800;0;919,5;1016,2;919,6;919,4;-3,3;17;16,2;15,2;16,2;15,5;15,2;14,5;12,6;94;94;94;153;2,6;1,4;
2023-04-16;0900;0;919,9;1016,5;919,9;919,5;-2,9;17;16,7;15,8;16,9;16,1;15,9;15,1;12,6;94;94;94;151;3,2;1,2;
2023-04-16;1000;0;920,6;1017,1;920,6;919,9;57,9;17;17;15,8;17;16,4;15,8;15,4;12,8;94;93;93;149;3;1,3;
2023-04-16;1100;0;920,9;1016,7;921;920,6;560,4;18;19,3;16,6;19,3;17;16,6;15,8;13,7;93;84;84;120;5,6;2,5;
2023-04-16;1200;0;921,5;1016,5;921,5;920,9;1498,9;21;21,6;17,1;21,7;19,3;18;16,6;13,9;85;75;76;109;5,8;2,5;
2023-04-16;1300;0;921,5;1016;921,6;921,4;2276,4;24;23,3;17,5;23,6;21,6;18;16,6;13,8;77;67;70;108;5,5;2,2;
2023-04-16;1400;0;921,3;1015,2;921,5;921,3;2820,3;26;25,1;18;25,2;23,3;18,3;17;13,7;72;62;65;97;5,8;1,9;
2023-04-16;1500;0;920,4;1014;921,3;920,4;3050;28;25,7;17,3;26,1;24,6;18,7;16,6;13,8;66;58;60;91;6;1,8;
2023-04-16;1600;0;919,5;1012,5;920,4;919,5;3203,4;29;27,3;17,9;27,3;25,3;19,1;15,5;13,7;65;53;56;48;4,6;1,6;
2023-04-16;1700;0;918,7;1011,6;919,6;918,7;3123,9;30;27,1;16,9;27,3;25,9;17,8;15,9;13,5;60;51;54;50;5,4;1,1;
2023-04-16;1800;0;917,9;1010,7;918,7;917,9;2514,9;31;27,2;15,6;27,9;26,5;17,6;15,1;13,7;56;48;49;93;4,3;,8;
2023-04-16;1900;0;917,5;1010,2;917,9;917,5;1807,1;32;27,5;15,8;28,1;26,9;17,4;14,4;13,6;54;45;49;64;3,3;1,1;
2023-04-16;2000;0;917,4;1010,8;917,5;917,4;795,9;31;25,3;18;27,5;24,9;18,4;15,4;13,2;67;49;64;111;3,3;,6;
2023-04-16;2100;0;917,5;1011,7;917,5;917,4;220,5;28;22,9;17,6;25,7;22,9;18,7;17,4;12,9;73;61;72;188;2,2;,7;
2023-04-16;2200;0;917,4;1012;917,5;917,3;-3,5;25;21,7;17,1;23,4;21,7;17,9;16,9;12,8;75;67;75;135;2,2;1;
2023-04-16;2300;0;917,7;1013,2;917,7;917,3;-3,5;22;19,2;17;21,7;19,2;17,4;17;12,8;87;75;87;147;2,7;1,1;
2023-04-17;0000;0;918,1;1013,9;918,1;917,7;-3,5;21;18,4;16,6;19,2;18,4;17;16,6;12,8;89;87;89;148;2,8;1,6;
2023-04-17;0100;0;918,1;1013,9;918,2;918,1;-3,5;20;18,3;16,5;18,6;18;16,8;16,3;12,8;90;89;89;149;3,1;2;
2023-04-17;0200;0;917,8;1013,6;918,1;917,7;-3,5;19;18,2;16;18,7;17,8;16,6;15,9;12,8;90;86;87;150;3,1;2;
2023-04-17;0300;0;917,5;1013,2;917,8;917,5;-3,5;19;18,6;16;18,6;17,2;16,3;15,6;12,7;91;85;85;150;3,1;1,7;
2023-04-17;0400;0;917,3;1013;917,5;917,3;-3,5;19;18,5;15,5;19,2;18,4;16;15,5;12,7;85;81;82;156;3;1,4;
2023-04-17;0500;0;916,6;1012,8;917,5;916,6;-3,5;19;16,7;15,1;18,5;16,7;15,6;15,1;12,7;90;82;90;146;2,5;1,4;
2023-04-17;0600;0;916,3;1012,5;916,6;916,3;-3,5;18;16,7;15,3;17,1;16,6;15,6;15,1;12,7;91;90;91;155;3;1,7;
2023-04-17;0700;0;915,9;1011,6;916,3;915,8;-3,4;18;18,1;15,6;18,4;16,7;15,9;15,1;12,7;91;84;86;146;3,1;1,7;
2023-04-17;0800;0;916,3;1011,9;916,4;915,9;-3,5;18;18,5;15,8;18,8;18;15,8;15,5;12,6;86;83;84;144;3,4;1,6;
2023-04-17;0900;0;916,6;1012,2;916,6;916,3;-3,5;19;18,4;16;18,5;17,5;16;15,3;12,6;88;84;86;144;3,5;1,7;
2023-04-17;1000;0;917;1012,6;917;916,6;46,3;19;18,5;16;18,8;18,3;16;15,8;12,7;86;83;85;145;3,5;1,8;
2023-04-17;1100;0;917,4;1012,7;917,5;917;417,4;19;19,7;16,6;19,7;18,5;16,7;16;13,4;85;82;82;127;3,5;1,4;
2023-04-17;1200;0;917,7;1012,3;917,7;917,4;1196;22;21,9;17,4;21,9;19,7;18;16,6;13,8;84;76;76;131;3,2;1,5;
2023-04-17;1300;0;917,4;1011,3;917,8;917,1;1440,6;24;23,9;18,7;23,9;21,7;18,7;17,3;13,9;78;71;72;122;3,8;1,4;
2023-04-17;1400;0;916,8;1010,3;917,4;916,8;2114,6;26;24,7;18,6;25,7;23,7;19,3;17,8;13,5;74;64;69;137;4;1,3;
2023-04-17;1500;0;916,1;1008,8;916,8;916,1;2158,3;28;26,9;17,5;27;24,7;19,6;17;13,6;71;56;56;324;5,9;2,6;
2023-04-17;1600;0;915,3;1007,9;916,1;915,3;2795,9;29;27,2;18,1;27,7;26,2;18,3;16,5;13,6;59;52;58;319;7,2;2,4;
2023-04-17;1700;0;914,5;1007,2;915,3;914,5;1423;29;26,4;17,5;27,4;26,3;18,8;16,7;13,3;62;53;58;316;5;2,4;
2023-04-17;1800;0;913,9;1006,4;914,5;913,9;1186,8;29;26,9;17,2;27,2;26,4;18,6;16,6;13,6;62;54;56;299;5;2,3;
2023-04-17;1900;0;913,3;1005,9;913,9;913,3;1091,6;29;26,5;16,9;27,4;26,2;18,8;16,3;13,1;60;53;56;288;5,2;3,3;
2023-04-17;2000;0;913,4;1006,4;913,4;913,2;387,7;28;25,2;17,9;26,5;25,1;18;16,4;13;65;54;64;278;5,5;2,3;
2023-04-17;2100;0;913,6;1007,2;913,7;913,4;82,1;26;23,6;18,9;25,2;23,6;18,9;17,8;12,8;75;63;75;290;3,6;,5;
2023-04-17;2200;0;914,1;1008,6;914,1;913,6;-3,5;24;20,9;18,2;23,6;20,9;19;17,9;12,8;84;75;84;77;1;,3;
2023-04-17;2300;0;914,3;1009,1;914,4;914,1;-3,5;22;20,1;18,1;21;20,1;18,6;18,1;12,8;89;84;88;161;1,7;,9;
2023-04-18;0000;0;915,1;1010,3;915,1;914,3;-3,5;21;19,1;17,6;20,1;19,1;18,2;17,6;12,8;91;87;91;148;2;,9;
2023-04-18;0100;0;914,9;1010,2;915,4;914,9;-2,8;20;18,7;17,4;19,1;18,6;17,7;17,3;12,8;92;91;92;148;2,4;1;
2023-04-18;0200;0;914,7;1010;915;914,7;-2,9;20;18,8;17,4;19,2;18,6;17,7;17,2;12,8;92;91;92;156;2,1;1,1;
2023-04-18;0300;0;914,1;1009,5;914,7;914,1;-2,9;20;18,4;17,2;18,8;18,3;17,5;17,1;12,7;93;92;93;148;1,8;1,1;
2023-04-18;0400;0;913,3;1008,4;914,1;913,3;-1,9;20;18,8;17,3;18,9;18,4;17,5;17,2;12,7;93;91;91;158;2,4;1,5;
2023-04-18;0500;0;913;1008,2;913,3;913;-2,9;20;18,7;17,2;19,1;18,7;17,5;17,2;12,7;91;90;91;180;2,4;1,1;
2023-04-18;0600;0;913;1008,2;913,1;912,8;-3,2;20;18,5;17,2;18,8;18,5;17,5;17,1;12,7;92;91;92;154;1,5;1;
2023-04-18;0700;0;912,8;1008,1;913,1;912,7;-3,1;19;18,1;16,9;18,8;18,1;17,5;16,9;12,7;93;92;93;156;1,8;1,1;
2023-04-18;0800;0;913,2;1008,5;913,2;912,8;-3;19;18,2;17;18,7;17,9;17,5;16,7;12,6;93;92;93;151;2,6;1,8;
2023-04-18;0900;0;913,4;1008,7;913,4;913;-1,4;19;18,5;17,3;18,5;18;17,3;16,9;12,6;93;93;93;166;2,6;,8;
2023-04-18;1000;0;914,2;1009,4;914,2;913,4;66,6;19;18,9;17,5;18,9;18,2;17,6;17;12,8;93;92;92;169;2,2;1,2;
2023-04-18;1100;3,2;915,2;1010,5;915,7;914,2;62,1;20;19;17,7;20,1;18,9;18,7;17,5;12,7;92;90;92;15;7,7;,9;
2023-04-18;1200;,4;915,2;1009,8;915,4;915,1;606,8;21;20,9;18,9;20,9;19;18,9;17,7;13,6;93;88;88;105;2;,6;
2023-04-18;1300;0;915;1008,5;915,4;915;1533,6;23;24,1;19,3;24,2;20,9;19,8;18,6;13,8;89;75;75;355;1,9;,6;
2023-04-18;1400;0;914,6;1007,7;915;914,6;2664,8;26;25,4;19,3;26,1;23,6;20,6;18,8;13,8;78;67;69;314;8,5;3,6;
2023-04-18;1500;0;913,6;1006,3;914,6;913,6;2134,2;28;26,3;19,8;26,5;25,3;20,9;19,2;13,8;73;66;68;297;8,5;4,4;
2023-04-18;1600;0;912,6;1005,4;913,6;912,6;2011,6;28;25,6;20;27;25,4;20,5;19,3;13,5;72;65;71;303;9,6;3,4;
2023-04-18;1700;0;911,5;1003,8;912,6;911,5;2380,9;28;26,8;19,5;27,4;25,5;20,8;19;13,5;73;63;64;287;10,2;5,9;
2023-04-18;1800;10,6;911,3;1004,7;911,7;911,2;1130,7;26;23,4;20,4;26,8;20,9;22;18,7;13,4;92;64;83;335;10,7;2,4;
2023-04-18;1900;0;911,4;1005;911,5;911,2;738;25;22,9;20;24,7;22,9;21,7;19,7;13,1;86;78;84;268;6,7;3,4;
2023-04-18;2000;0;912,1;1005,7;912,1;911,4;434,7;25;23,1;20,4;23,3;22,7;20,4;19,8;13;85;81;85;303;6,3;,6;
2023-04-18;2100;0;912;1006;912,2;912;82,4;24;21,9;20,4;23,2;21,9;20,8;20,2;12,8;91;84;91;132;1,5;,6;
2023-04-18;2200;0;912,6;1006,8;912,6;911,9;-2,2;23;21,3;20;22;21,3;20,5;20;12,8;92;91;92;158;1,3;,8;
2023-04-18;2300;0;913;1007,3;913,1;912,5;-2,3;23;21,2;20;21,4;21,1;20,2;20;12,8;93;92;93;122;1,8;,4;
2023-04-19;0000;0;913,4;1007,8;913,4;913;-2,5;22;21,1;19,9;21,2;21,1;20;19,8;12,8;93;92;92;221;1,3;,3;
2023-04-19;0100;0;913,1;1007,6;913,4;913,1;-2,9;22;20,7;19,4;21,2;20,4;20;19,1;12,8;93;92;92;210;1,2;,5;
2023-04-19;0200;0;913,2;1007,5;913,2;913;-3,4;21;21,2;18,7;21,6;20,4;19,5;18,7;12,8;92;85;86;335;2,7;,8;
2023-04-19;0300;0;912,7;1007,1;913,4;912,7;-2,5;21;20,8;19,4;21,2;20,3;19,4;18,6;12,7;92;86;92;256;2;,3;
2023-04-19;0400;,2;912,4;1006,6;912,7;912,3;-2,6;22;21,4;19,3;21,7;20,7;19,9;19,2;12,7;92;86;88;305;3,3;1,3;
2023-04-19;0500;,8;912,7;1007;912,7;912,2;-2,8;22;21,2;19,7;21,5;21;19,8;19,3;12,7;91;88;91;308;3,6;1,7;
2023-04-19;0600;12,4;912,7;1007,2;912,8;912,4;-1,3;22;20,6;19,2;21,4;20,5;19,8;19,2;12,7;92;90;92;304;10,7;3,8;
2023-04-19;0700;6;913,4;1008,1;913,4;912,4;-1,3;21;20,1;18,5;20,6;20,1;19,3;18,5;12,7;92;90;91;299;15,5;8,7;
2023-04-19;0800;1,8;913,7;1008,8;913,7;913,2;-,9;21;19,1;17,7;20,1;19,1;18,5;17,6;12,6;92;90;91;288;15,5;2,9;
2023-04-19;0900;0;914,1;1009,5;914,1;913,6;-,5;20;18,3;16,9;19,1;18,3;17,7;16,3;12,6;92;87;91;301;5,3;2,4;
2023-04-19;1000;0;915;1010,6;915;914,1;31;19;18,1;16,8;18,4;18,1;16,9;16,5;12,7;92;89;92;320;4,8;1,4;
2023-04-19;1100;0;916,1;1011,6;916,1;914,9;190,4;19;18,6;17;18,6;18,1;17;16,7;13;92;90;90;291;3,8;2,1;
2023-04-19;1200;0;917,1;1012,5;917,2;916,1;433,8;20;19,3;17,6;19,3;18,6;17,8;16,9;13,2;91;89;90;294;4,9;3;
2023-04-19;1300;,6;917,2;1012,2;917,5;917,1;890,1;21;20,5;18,1;20,5;19,1;18,1;17,3;13,9;90;85;86;287;6,1;3;
2023-04-19;1400;0;917,1;1011,9;917,3;916,9;1218,2;22;20,9;17,5;21,4;20,3;18,5;17,3;13,7;86;79;81;255;6,2;3,9;
2023-04-19;1500;0;916,6;1010,9;917,1;916,6;1999,8;23;22,4;17;23,1;20,9;18,6;16,7;13,6;82;69;71;271;7,3;4,1;
2023-04-19;1600;0;916,3;1010,4;916,6;916,2;1359,1;24;22,7;17,8;22,9;21,3;18,4;16,5;13,8;80;71;74;297;7,3;4;
2023-04-19;1700;0;915,7;1009,7;916,3;915,7;1417,7;25;23;17,5;23,1;22,5;18,2;16,7;13,8;75;69;71;317;7,1;3,3;
2023-04-19;1800;0;915;1008,4;915,7;915;2610,7;26;24,5;16,7;24,8;23;18,1;16,7;13,8;73;61;62;282;6,7;3,9;
2023-04-19;1900;0;915,1;1008,6;915,2;914,9;1877,4;27;24,3;16,7;24,7;23,8;17,7;15,8;13,8;66;59;63;298;7,4;3,1;
2023-04-19;2000;0;915,5;1009,4;915,5;915,1;946,1;26;23,2;16,5;24,3;23,1;17,4;15,5;13,1;70;59;66;294;8;3,2;
2023-04-19;2100;0;916,3;1010,9;916,3;915,5;146,6;24;21,2;16,1;23,2;21,1;16,8;16;12,9;73;66;73;292;5,1;2,1;
2023-04-19;2200;0;916,9;1012,1;916,9;916,3;-3,4;22;19,7;17,1;21,2;19,7;17,2;16,1;12,8;85;73;85;261;3,5;1,3;
2023-04-19;2300;0;918,3;1013,6;918,3;916,9;-2,8;21;19,8;17,1;20,4;19,7;17,4;17;12,8;85;82;84;270;4;2,2;
2023-04-20;0000;0;918,9;1014,7;919;918,3;-3,5;21;18,5;16,7;19,8;18,5;17,1;16,7;12,8;89;84;89;279;3,6;1,6;
2023-04-20;0100;0;919,3;1015,1;919,3;918,9;-3,5;20;18,7;17,1;18,7;18,4;17,2;16,7;12,8;91;89;91;282;3;2,2;
2023-04-20;0200;0;919,4;1015,7;919,5;919,3;-3,5;19;17,4;15,4;18,8;17,4;17,2;15,4;12,8;92;88;88;287;3;1,9;
2023-04-20;0300;0;919,1;1015,5;919,4;919,1;-3,5;18;16,9;15;17,5;16,8;15,4;14,7;12,7;91;86;88;310;3,5;2,2;
2023-04-20;0400;0;919;1015,3;919,1;919;-3,5;17;17,2;11,9;17,3;16,2;15,1;11,9;12,7;91;71;71;247;5;2,8;
2023-04-20;0500;0;919;1015,7;919;918,9;-3,5;16;16,1;10,5;17,2;15,8;12,3;10,3;12,7;79;69;69;257;4,9;2,5;
2023-04-20;0600;0;918,8;1015,7;919;918,8;-3,5;16;15,4;10,8;16,1;15,1;11;10,3;12,7;76;69;74;245;4,9;2,8;
2023-04-20;0700;0;919;1016;919;918,7;-3,5;15;15,1;10,3;15,4;14,4;10,9;10,3;12,7;78;73;73;250;4,1;2,5;
2023-04-20;0800;0;919,1;1016,6;919,1;918,8;-3,5;15;13,7;10,1;15,2;13,6;10,5;9,8;12,6;80;71;79;299;4,4;1,5;
2023-04-20;0900;0;919,7;1017,2;919,7;919,1;-3,5;14;14,1;9,6;14,7;13,7;10,2;9,6;12,6;79;72;74;220;3,8;1,8;
2023-04-20;1000;0;920,5;1018,5;920,5;919,7;52,5;14;12,9;10,1;14,3;12,8;10,4;9,4;12,8;83;73;83;342;3,5;1,2;
2023-04-20;1100;0;921,3;1018,5;921,3;920,5;725,5;15;15,3;10,4;15,3;12,9;11,3;10;13,9;85;73;73;10;2,3;1,5;
2023-04-20;1200;0;921,8;1017,9;921,8;921,3;1554,5;18;18,5;9,1;18,6;15,3;12,7;8,4;14;77;52;54;228;5,8;3,3;
2023-04-20;1300;0;922,2;1018;922,3;921,8;2273,9;20;19,5;8,3;19,8;18,5;10;8,1;13,9;56;48;48;231;8,1;4,6;
2023-04-20;1400;0;922,1;1017,6;922,3;922;2880,1;22;20,4;9,4;20,8;19,4;10,8;8,8;13,8;55;49;49;218;8,6;4,6;
2023-04-20;1500;0;921,6;1016,8;922,1;921,6;3076;23;21,1;10,3;21,5;20,3;10,8;8,9;13,8;53;47;50;217;7,9;3,7;
2023-04-20;1600;0;920,9;1015,8;921,6;920,9;2970,3;24;21,7;10,2;22,1;20,6;11;8,9;13,8;51;45;48;212;6,5;3,3;
2023-04-20;1700;0;920,2;1014,8;920,9;920,2;2935,8;25;22,4;9,9;22,7;21;11,4;8,8;13,8;50;42;45;245;6,5;2,5;
2023-04-20;1800;0;919,6;1014,3;920,2;919,6;2389,2;25;22,1;8,6;22,9;21,5;10,9;8,1;13,8;49;41;42;254;6,5;2,7;
2023-04-20;1900;0;919,6;1014,2;919,7;919,4;1697,4;25;22,2;10,7;22,8;21,7;11,1;8,6;13,9;50;42;48;232;8,2;1,8;
2023-04-20;2000;0;919,9;1014,8;919,9;919,6;981,8;24;21,4;9,6;22,4;21,4;10,3;8,4;13,2;49;42;47;211;3,9;2;
2023-04-20;2100;0;920,1;1016,4;920,1;919,9;144,4;22;17,5;11,9;21,4;17,5;12;9,4;12,9;70;46;70;219;3,4;2,6;
2023-04-20;2200;0;920,5;1017,6;920,5;920,1;-2,3;19;15,5;12,2;17,5;15,3;12,3;11,3;12,8;81;70;81;69;3,3;,8;
2023-04-20;2300;0;921;1018,6;921;920,5;-3,5;16;14;11,3;15,5;13,9;12,1;11,3;12,8;86;80;84;275;2,5;,2;
2023-04-21;0000;0;921,7;1019,6;921,7;921;-3,5;15;13,5;10,5;14,3;13,5;11,8;10,5;12,8;86;82;82;68;2,1;1,1;
2023-04-21;0100;0;922,1;1020,4;922,1;921,7;-3,5;14;12,4;10,2;13,8;12,3;11;10;12,7;87;82;86;205;1,9;,3;
2023-04-21;0200;0;922,4;1020,6;922,6;922,1;-3,5;13;12,8;10,4;13,2;11,7;10,4;9,6;12,7;88;82;85;195;2;1;
2023-04-21;0300;0;922,1;1020,8;922,6;922,1;-3,5;12;11,5;9,8;13;10,9;10,4;9,1;12,7;90;83;89;286;1,7;,5;
2023-04-21;0400;0;921,5;1020,2;922,1;921,5;-3,5;12;11,2;9,5;11,6;10,3;9,8;8,8;12,7;91;87;89;207;2,3;1;
2023-04-21;0500;0;921,3;1020,2;921,5;921,2;-3,5;11;10,5;8,8;11,6;10,2;9,8;8,5;12,7;90;87;89;53;3;,9;
2023-04-21;0600;0;921;1019,9;921,3;921;-3,5;11;10,4;8,3;11,4;10,2;9,4;8,3;12,7;90;85;87;169;3;,3;
2023-04-21;0700;0;920,6;1019,7;921,1;920,6;-3,5;10;9,8;8,6;10,5;9,6;9;8,3;12,6;92;87;92;151;1,8;,7;
2023-04-21;0800;0;920,2;1019,6;920,6;920,2;-3,5;10;9;8;9,9;9;8,7;8;12,6;93;92;93;159;1,8;1,1;
2023-04-21;0900;0;920,3;1019,8;920,3;920,2;-3,5;10;8,8;7,7;9,3;8,8;8,3;7,7;12,5;94;93;93;153;2,3;1,2;
2023-04-21;1000;,2;920,6;1020;920,6;920,3;45,5;9;9,1;8;9,1;8,5;8;7,4;12,8;93;93;93;157;2,7;1,5;
2023-04-21;1100;0;921,1;1018,6;921,1;920,6;757,9;11;14,4;10,1;14,4;9,1;10,3;8;14;93;75;75;130;4,9;1,8;
2023-04-21;1200;0;921,5;1017,8;921,5;921,1;1617,3;15;17,8;11,3;18,2;14,4;12,5;10,1;14,1;76;64;66;92;6,2;2,3;
2023-04-21;1300;0;922,1;1017,7;922,1;921,4;2331;19;20,2;12,6;20,3;17,8;13,5;11,2;13,9;68;61;62;70;6,2;2,2;
2023-04-21;1400;0;922;1017,1;922,2;922;2860,8;22;21,7;13;21,8;19,9;14;12,1;13,8;65;56;58;73;6,6;2,2;
2023-04-21;1500;0;921,2;1015,5;922,1;921,2;3148,6;24;23,7;12,5;23,7;21,5;14,1;11,6;13,8;61;50;50;98;7,1;2,1;
2023-04-21;1600;0;920,9;1015;921,2;920,8;3197,2;25;24,3;12,9;24,5;22,9;14;11;13,8;55;45;49;53;8,1;3,1;
2023-04-21;1700;0;920,3;1014,3;920,9;920,3;2969,9;27;24,5;11,7;25,2;24,1;13,3;10;13,8;51;39;45;86;8,1;2;
2023-04-21;1800;0;919,9;1013,6;920,3;919,9;2500,3;27;25,2;10,4;25,5;24,3;13,3;8,4;13,7;48;35;39;44;5,9;2,2;
2023-04-21;1900;0;919,8;1013,5;919,9;919,8;1799,2;28;25;13;25,7;24,4;13;9,1;13,8;48;35;47;58;5;1,6;
2023-04-21;2000;0;920,1;1014,4;920,2;919,8;958,9;27;23,5;13,7;25,3;23,5;13,7;11;13,2;54;42;54;104;5,2;,9;
2023-04-21;2100;0;920;1015,8;920,2;920;180,8;25;19;14,1;23,5;19;14,1;12,3;12,9;73;50;73;196;3;,8;
2023-04-21;2200;0;920,3;1016,5;920,3;920;-3,5;21;18;13,1;20,1;17,9;13,9;13;12,8;74;64;73;155;2,9;1,7;
2023-04-21;2300;0;920,7;1017;920,7;920,3;-3,5;19;17,6;12,7;18,1;17,5;13,1;12,6;12,8;73;71;73;144;3,3;1,4;
2023-04-22;0000;0;921;1017,4;921;920,7;-3,5;18;17,5;13,1;17,8;17,2;13,1;12,7;12,8;76;73;75;149;3,3;1,2;
2023-04-22;0100;0;921,1;1017,4;921,1;921;-3,5;18;17,7;13,1;18,1;17,3;13,3;13,1;12,8;76;74;75;134;4,1;1,5;
2023-04-22;0200;0;921;1017,4;921,1;921;-3,5;18;17,5;13,3;18,1;17,3;13,4;13,2;12,8;77;73;76;138;4,1;1,7;
2023-04-22;0300;0;921,1;1017,5;921,2;921;-3,5;18;17,5;13,7;17,8;17,1;13,7;13,3;12,7;79;76;78;134;6,1;2,2;
2023-04-22;0400;0;920,9;1017,3;921,2;920,9;-3,5;18;17,5;14;17,9;17,3;14,1;13,6;12,7;80;78;80;130;6,4;2,4;
2023-04-22;0500;0;920,4;1016,7;920,9;920,4;-3,5;18;17,6;14,2;17,7;17,4;14,2;14;12,7;81;79;80;129;7,1;2,9;
2023-04-22;0600;0;920,1;1016,5;920,4;920,1;-3,5;18;17,2;14;17,6;17;14,1;13,9;12,7;82;80;81;130;7,1;3,3;
2023-04-22;0700;0;920,1;1016,6;920,2;920;-3,5;18;17;14;17,2;16,8;14;13,9;12,7;83;81;83;114;8,6;3,2;
2023-04-22;0800;0;920,2;1016,9;920,2;920;-3,5;17;16,5;13,9;17;16,4;14;13,8;12,6;85;83;85;110;7,2;2,4;
2023-04-22;0900;0;920,9;1017,9;920,9;920,2;-3,5;17;15,9;13,7;16,6;15,9;13,9;13,7;12,6;87;84;87;132;6,3;1,8;
2023-04-22;1000;0;921,7;1018,6;921,7;920,9;42,6;16;16,3;13,8;16,3;15,5;13,9;13,5;12,8;88;85;85;131;4,9;2,1;
2023-04-22;1100;0;922,4;1018,5;922,4;921,7;713;18;18,8;14,8;18,8;16,3;14,9;13,8;13,8;85;77;78;116;4,9;1,9;
2023-04-22;1200;0;922,8;1018,4;922,9;922,4;1545,2;20;20,4;15;20,4;18,8;15,3;14,3;13,9;78;70;71;107;8;3,3;
2023-04-22;1300;0;923,2;1018,2;923,2;922,8;2252,6;23;22,2;15,2;22,7;20,4;16,2;14,8;13,9;73;64;65;114;8;2,4;
2023-04-22;1400;0;923,2;1017,7;923,3;923,2;2758,3;25;23,7;15,8;23,7;22;16,5;15;13,8;68;60;61;91;7,3;2,3;
2023-04-22;1500;0;922,3;1016,6;923,2;922,3;2674,2;26;24;16,4;24;22,3;16,9;15;13,8;66;60;63;93;7;2,1;
2023-04-22;1600;0;921,8;1015,9;922,4;921,8;2828,9;26;24,5;16,1;24,6;23,1;16,9;15,3;13,7;65;59;60;115;7,8;2,2;
2023-04-22;1700;0;921,3;1015,5;921,9;921,3;2524,2;27;24;15,8;24,9;23,3;17;15,2;13,7;65;57;60;75;6,7;2,5;
2023-04-22;1800;0;921,1;1015,5;921,3;921,1;2017,1;27;23,3;15,5;24,9;23,3;16,9;15,1;13,7;65;57;61;82;7;2,2;
2023-04-22;1900;0;920,5;1014,7;921,2;920,5;1688,2;27;23,7;16;24,4;23,4;16,6;15,3;13,8;64;58;62;94;7;2;
2023-04-22;2000;0;920,8;1015,5;920,8;920,4;934,9;26;22,4;15,5;23,8;22,4;16,4;15,2;13,2;66;60;65;94;6,7;1,8;
2023-04-22;2100;0;921,1;1016,5;921,1;920,8;173,1;24;20,4;15,3;22,4;20,3;15,8;15,2;12,9;73;64;72;104;4,9;1,2;
2023-04-22;2200;0;921,2;1016,9;921,2;920,9;-3,5;22;19,6;15,2;20,4;19,4;15,4;15,2;12,8;77;72;76;124;4,4;1,5;
2023-04-22;2300;0;921,5;1017,5;921,5;921,2;-3,5;20;18,9;15,1;19,6;18,9;15,3;15,1;12,8;79;76;79;137;5;1,8;
2023-04-23;0000;0;921,8;1017,9;921,8;921,5;-3,5;20;18,5;15,2;19;18,5;15,2;15,1;12,8;81;78;81;136;4,5;1,7;
2023-04-23;0100;0;921,8;1018,4;922;921,8;-3,5;19;17,2;14,8;18,7;17,2;15,2;14,8;12,8;86;80;86;146;4,1;1,4;
2023-04-23;0200;0;921,8;1018,6;921,8;921,7;-3,5;18;16,7;14,6;17,2;16,7;14,9;14,6;12,7;88;86;87;151;3;1,2;
2023-04-23;0300;0;922;1018,9;922;921,8;-3,5;17;16,3;14,5;16,7;16,3;14,8;14,4;12,7;89;87;89;145;2,8;1,4;
2023-04-23;0400;0;921,9;1019;922,1;921,9;-3,5;17;15,9;14,4;16,3;15,9;14,7;14,3;12,7;91;89;91;146;2,7;1,4;
2023-04-23;0500;0;921,7;1018,7;922;921,7;-3,5;16;15,9;14,4;16,2;15,7;14,7;14,2;12,7;92;90;90;146;2,5;1,2;
2023-04-23;0600;0;921,6;1018,5;921,8;921,5;-3,5;16;16,2;14,3;16,3;15,5;14,5;14,1;12,7;91;89;89;143;3,1;1,4;
2023-04-23;0700;0;921,5;1018,4;921,6;921,5;-3,5;16;16,1;14,2;16,4;16;14,5;14,1;12,7;89;88;88;135;4;1,7;
2023-04-23;0800;0;921,8;1018,8;921,8;921,5;-3,5;16;16;14,2;16,2;15,9;14,4;14;12,6;89;88;89;134;4;1,5;
2023-04-23;0900;0;922,2;1019,3;922,2;921,8;-3,5;16;15,9;14,2;16,1;15,8;14,3;14;12,6;90;89;90;133;3,6;1,5;
2023-04-23;1000;,2;923,1;1020,3;923,1;922,2;44,8;16;15,8;14,2;16,1;15,6;14,4;13,9;12,8;91;89;90;123;3,7;1,5;
2023-04-23;1100;0;923,4;1019,6;923,4;923,1;736,6;17;18,9;15,4;18,9;15,8;15,5;14,2;13,8;90;80;80;114;6,6;2,1;
2023-04-23;1200;0;923,9;1019,4;923,9;923,4;1550,8;20;20,9;15,7;20,9;18,9;15,9;14,9;13,8;81;72;72;101;7;2,4;
2023-04-23;1300;0;924,2;1019,5;924,2;923,9;1979,8;22;21,7;15,2;22;20;16,3;14,7;13,9;77;65;66;105;6,5;2,8;
2023-04-23;1400;0;923,8;1018,6;924,2;923,8;2315;24;23;15,4;23;21,4;16;14,6;13,8;70;62;63;108;7,2;2,9;
2023-04-23;1500;0;923;1017,4;923,8;923;3049,7;25;23,9;14,9;24,2;22,3;15,8;14;13,8;63;53;57;90;7,2;2,2;
2023-04-23;1600;0;922,4;1016,3;923,1;922,4;3109;27;25,2;14,3;25,5;24;16;13,5;13,8;58;48;51;70;6,5;1,7;
2023-04-23;1700;0;921,8;1015,8;922,4;921,8;2945,2;28;24,9;12,1;25,5;24;15,7;12,1;13,8;56;45;45;138;4,8;1,8;
2023-04-23;1800;0;921,3;1015;921,8;921,3;2394,7;29;25,7;13,3;26;24,5;14,4;11,1;13,7;51;40;46;57;3,6;1,2;
2023-04-23;1900;0;921,3;1014,9;921,3;921,2;1837,3;29;25,9;13,1;26,4;25,3;14,2;10,9;13,7;48;39;45;92;3,1;,8;
2023-04-23;2000;0;921,7;1015,8;921,7;921,3;988,3;29;24,6;14,9;25,9;24,6;14,9;11,5;13,1;55;43;55;63;2,5;,7;
2023-04-23;2100;0;921,9;1017,1;921,9;921,7;144,2;27;21,3;13,9;24,6;21,3;16,2;13,5;12,9;64;51;63;156;4,7;1,9;
2023-04-23;2200;0;922,1;1018;922,1;921,8;-3,5;23;19,3;13,5;21,3;19,3;14,3;13,5;12,8;70;63;69;157;4,7;1,3;
2023-04-23;2300;0;922,6;1018,9;922,6;922,1;-3,5;20;18,4;12;19,4;18,4;13,5;12;12,8;69;66;66;155;3,2;1,4;
2023-04-24;0000;0;923,2;1019,9;923,2;922,6;-3,5;19;17,3;11,7;18,5;16,8;12,2;11,6;12,8;71;66;70;156;2,7;1,7;
2023-04-24;0100;0;923,1;1020,6;923,3;923,1;-3,5;18;15;11,5;17,5;15;11,8;11,2;12,8;80;67;80;154;3,1;2;
2023-04-24;0200;0;923,3;1021;923,3;923;-3,5;16;14,5;11,2;16,1;13,7;11,5;10,9;12,7;85;72;81;147;2,9;1,8;
2023-04-24;0300;0;923,5;1021,7;923,5;923,2;-3,5;15;13,2;10,6;14,6;13;11,2;10,4;12,7;86;80;84;127;2,8;1;
2023-04-24;0400;0;923,2;1021,6;923,5;923,2;-3,5;14;12,6;10,1;14;12,4;10,6;10,1;12,7;86;80;84;156;2,9;1,4;
2023-04-24;0500;0;922,8;1021,2;923,2;922,8;-3,5;13;12,4;9,7;12,8;11,7;10,2;9,6;12,7;88;83;84;153;3,7;1,5;
2023-04-24;0600;0;922,5;1020,3;922,8;922,5;-3,5;13;14;10,5;14;11,7;10,5;9,5;12,7;87;79;80;141;4,1;1,2;
2023-04-24;0700;0;922,3;1020;922,5;922,3;-3,5;14;14,1;11,4;14,5;13,5;11,4;10,4;12,6;84;80;84;140;3,1;1,6;
2023-04-24;0800;0;922,8;1020,5;922,8;922,2;-3,5;14;14,3;11,9;14,3;13,7;12;11,4;12,6;86;84;86;147;3,1;1,3;
2023-04-24;0900;0;923,5;1021,4;923,5;922,8;-3,5;14;14;12,1;14,6;13,7;12,3;11,6;12,6;89;85;88;134;3;1,2;
2023-04-24;1000;0;924;1021,7;924;923,5;39,1;14;14,7;12,6;14,7;13,9;12,6;12;12,7;89;87;88;136;3,3;1,3;
2023-04-24;1100;0;924,4;1021,1;924,4;924;680;16;17,7;13,9;17,7;14,6;14,2;12,6;13,8;88;78;79;124;4,1;1,5;
2023-04-24;1200;0;924,9;1021;924,9;924,4;1550,2;19;19,6;14;19,6;17,7;14,8;13,8;13,9;79;70;70;114;6,9;2,7;
2023-04-24;1300;0;925,1;1020,3;925,1;924,9;2261,3;22;22,2;15,3;22,2;19,5;15,4;14;13,8;73;63;65;114;6,5;1,8;
2023-04-24;1400;0;924,4;1019,3;925,1;924,4;2766,3;24;22,8;14,9;23,4;22,2;15,9;14,5;13,8;65;59;61;48;6,7;3,2;
2023-04-24;1500;0;923,7;1018,1;924,4;923,7;3051,6;26;24,2;15,1;24,5;22,8;15,9;14;13,7;63;54;57;38;7,5;4,1;
2023-04-24;1600;0;923,2;1017,3;923,7;923,2;3131,1;27;25;14,3;25;23,8;15,1;13;13,8;57;48;52;39;7,5;2,1;
2023-04-24;1700;0;922,6;1016,6;923,2;922,5;2922,3;28;25,2;12,6;25,4;24,3;14,3;11,1;13,7;52;41;46;16;5,9;2,4;
2023-04-24;1800;0;922,2;1015,9;922,6;922,2;2314,3;29;25,7;13,6;26,3;24,9;14,1;11,6;13,7;49;40;47;77;4,2;1,2;
2023-04-24;1900;0;922,1;1016,1;922,2;922;1710,1;29;25;11,8;25,8;25;13,7;11,6;13,7;49;41;44;25;3,9;2;
2023-04-24;2000;0;922,1;1016,4;922,1;922;908,6;28;24;13,4;25,3;24;14,2;11,8;13,2;54;44;51;37;3,9;1,4;
2023-04-24;2100;0;922;1017,2;922,1;922;108,2;25;21,2;14,4;24;20,8;14,7;13,1;12,9;68;51;65;157;3,2;,9;
2023-04-24;2200;0;922,6;1018,8;922,6;922;-3,4;22;18,5;14,6;21,5;18,5;14,9;13,2;12,8;78;59;78;151;2,1;1,3;
2023-04-24;2300;0;923,1;1019,8;923,1;922,6;-3,5;20;17,3;14,2;18,5;17,2;14,7;14,1;12,8;83;78;82;154;2,7;1,7;
2023-04-25;0000;0;923,3;1020,5;923,4;923,1;-3,5;18;15,9;13,7;17,3;15,9;14,2;13,6;12,8;87;82;86;150;2,7;1,2;
2023-04-25;0100;0;923,3;1020,6;923,4;923,3;-3,5;17;15,5;13,1;16,4;15,5;13,8;13,1;12,8;87;84;86;152;2,2;1,6;
2023-04-25;0200;0;923,5;1020,9;923,6;923,3;-3,5;17;15,5;12,6;16,2;15;13,2;12,5;12,7;88;81;83;136;2,2;1,1;
2023-04-25;0300;0;923,1;1020,6;923,6;923,1;-3,5;16;15;12,5;15,5;14,9;12,8;12,4;12,7;87;83;85;160;2,6;1,2;
2023-04-25;0400;0;922,7;1020,3;923,1;922,7;-3,5;15;14,6;12,4;15,1;13,9;12,6;11,9;12,7;89;85;86;164;2,4;1;
2023-04-25;0500;0;922,5;1020,3;922,8;922,5;-3,5;15;14;12,2;15,3;14;12,7;12;12,7;89;83;89;159;2,2;1,2;
2023-04-25;0600;0;922,5;1020,3;922,6;922,5;-3,5;15;14;12,1;15,3;14;12,7;12;12,7;89;83;88;138;2,1;1,1;
2023-04-25;0700;0;922,1;1020;922,5;922,1;-3,5;15;13,5;12,1;14,5;13,3;12,5;11,8;12,6;91;87;91;143;2,8;1,6;
2023-04-25;0800;0;922,4;1020,3;922,4;922,1;-3,5;14;13,7;11,9;14,3;13,4;12,3;11,7;12,6;91;87;89;142;3;1,1;
2023-04-25;0900;0;923,2;1021,1;923,2;922,4;-3,5;14;13,9;12,2;14;13,3;12,3;11,7;12,6;91;88;90;148;2,7;1,7;
2023-04-25;1000;0;923,9;1021,8;923,9;923,2;37,3;14;14;12,3;14,1;13;12,7;11,5;12,7;92;88;90;155;2,6;1,1;
2023-04-25;1100;0;924,4;1021,2;924,5;923,9;694,8;16;17,5;13,9;17,5;14;13,9;12,3;13,8;90;77;79;142;2,1;1,3;
2023-04-25;1200;0;925;1021;925,1;924,4;1233,9;19;20;15,2;20;17,5;15,2;13,5;13,8;81;71;74;122;3,5;1,3;
2023-04-25;1300;0;925,3;1020,7;925,3;925;1330,2;22;21,7;14,7;22;20;16,3;13,8;13,9;74;61;64;66;4;1,4;
2023-04-25;1400;0;924,8;1019,5;925,3;924,8;2772;24;23,5;14,4;24;21,7;16,2;14,3;13,9;65;57;57;61;5,1;2,1;
2023-04-25;1500;0;923,7;1017,9;924,8;923,7;2915,7;27;24,9;14,9;25,3;23,2;16,8;14,4;13,7;62;52;54;59;5,5;2,2;
2023-04-25;1600;0;923,1;1017,1;923,8;923,1;2619,5;28;25,3;14,3;25,8;24,1;16,8;14,1;13,7;59;50;51;88;5,5;1,2;
2023-04-25;1700;0;922,3;1015,3;923,1;922,3;2579,2;29;28;14,6;28;25,1;15,7;11,6;13,6;55;40;44;271;3,1;,6;
2023-04-25;1800;0;922;1015,9;922,3;922;990,3;29;25,2;14,9;28,1;25,1;15,9;12,6;13,2;55;41;53;54;2,7;1,2;
2023-04-25;1900;0;921,9;1015,8;922;921,9;1046;28;25;16,1;25,3;24,2;16,9;15;13,2;61;53;58;73;4,9;,8;
2023-04-25;2000;0;921,9;1016;921,9;921,8;884,3;28;24,6;15,8;25,4;24,5;16,6;15,1;13,2;59;53;58;75;3,4;1,3;
2023-04-25;2100;0;921,9;1017,2;922;921,8;126,2;26;20,9;16,3;24,7;20,8;16,8;15,4;12,9;76;56;75;160;3;,3;
2023-04-25;2200;0;921,9;1017,7;922;921,8;-3,5;23;19,4;16,1;20,9;19,4;16,7;15,8;12,8;81;74;81;125;1,4;,9;
2023-04-25;2300;0;922,1;1018,5;922,1;921,9;-3,5;20;17,9;15,8;19,4;17,9;16,3;15,8;12,8;87;81;87;149;2,4;1,7;
2023-04-26;0000;0;922,6;1019,3;922,6;922,1;-3,5;19;17,1;15,3;17,9;17,1;15,7;15,3;12,8;89;87;89;147;2,2;1,6;
2023-04-26;0100;0;922,4;1019,2;922,7;922,4;-3,5;18;16,7;14,9;17,1;16,3;15,3;14,6;12,8;91;89;89;148;2,6;2;
2023-04-26;0200;0;921,8;1018,4;922,4;921,7;-3,5;18;17,2;14,9;17,2;16,1;15,3;14,5;12,7;91;87;87;156;2,9;1,3;
2023-04-26;0300;0;922,2;1018,7;922,2;921,8;-3,5;18;17,7;14,7;18,5;17,2;15,1;14,4;12,7;87;80;83;158;2,7;1,3;
2023-04-26;0400;0;921,9;1018,9;922,3;921,9;-3,5;18;16,1;14,4;18,5;15,9;14,9;14;12,7;90;79;90;123;2;1;
2023-04-26;0500;0;921,6;1018,6;922;921,5;-3,4;17;16,1;14,7;16,3;15,6;14,9;14,1;12,7;92;90;91;196;1,7;1,2;
2023-04-26;0600;0;921,3;1018,4;921,7;921,2;-3,1;17;15,7;14,5;16,5;15,2;15,1;13,8;12,7;93;90;93;146;1,7;,3;
2023-04-26;0700;0;920,9;1018;921,4;920,9;-3,4;16;15,6;14,3;15,8;15,5;14,6;14,2;12,7;93;92;92;136;1,8;1;
2023-04-26;0800;0;920,6;1017,9;921;920,6;-3,5;16;14,9;13,9;15,6;14,7;14,2;13,6;12,6;93;92;93;114;2,6;1,4;
2023-04-26;0900;0;921,1;1018,5;921,1;920,6;-3,4;16;14,8;13,6;16;14,8;14,9;13,6;12,6;94;92;92;144;2,6;,7;
2023-04-26;1000;0;921,4;1018,2;921,4;921;70,6;16;16,6;14,5;16,6;14,8;14,6;13,5;12,9;93;88;88;130;3;1,2;
2023-04-26;1100;0;922,1;1018,1;922,1;921,4;620,6;18;19;15,7;19,1;16,4;15,8;14,4;13,5;88;79;81;119;4,2;1,6;
2023-04-26;1200;0;922,3;1017,6;922,4;922;936,2;20;21,1;16,8;21,1;19;17;15,7;13,7;83;75;76;88;5;1,8;
2023-04-26;1300;0;922,7;1017,6;922,7;922,3;1215,3;22;22,4;16,3;22,6;21;17,1;15,9;13,7;77;68;68;125;4,9;1,2;
2023-04-26;1400;0;922,3;1016,4;922,7;922,3;1901,1;25;24,7;16,3;25,2;22,3;17,6;16,2;13,9;70;59;60;105;3,7;1,4;
2023-04-26;1500;0;921,9;1015,8;922,3;921,9;1849,4;27;25,2;16;26,1;24,6;17,3;15,1;13,4;62;52;57;326;6,3;1,4;
2023-04-26;1600;,2;922,5;1018,6;922,6;921,5;353,7;24;18,9;17;25,2;18,7;17;16,2;13,2;89;57;89;241;12;4,6;
2023-04-26;1700;1,2;921,8;1017,8;922,5;921,8;649,7;21;19;16,9;19,3;18,6;17,4;16,7;13,2;89;86;87;219;8,9;3,6;
2023-04-26;1800;0;921,1;1016,6;921,8;921,1;800,5;22;20;17,4;20;19;17,7;16,9;13,1;89;83;85;287;5,8;2,1;
2023-04-26;1900;0;920,3;1015,8;921,1;920,3;417;22;19,9;17,5;20;19,5;17,8;17;13,1;87;84;86;49;3,7;,7;
2023-04-26;2000;0;920,7;1016,2;920,7;920,3;325,8;22;19,9;17,7;20,2;19,9;17,9;17,1;13;87;83;87;123;2;,6;
2023-04-26;2100;0;920,4;1016,1;920,7;920,3;48,9;21;19,3;17,6;20;19,3;17,6;17,3;12,8;90;84;90;129;2,6;1,1;
2023-04-26;2200;0;920,5;1016,5;920,6;920,3;-3,4;20;18,6;17,3;19,3;18,6;17,6;17,3;12,8;92;90;92;156;2,5;,9;
2023-04-26;2300;0;921,1;1017,2;921,1;920,5;-2,9;20;18,3;17,1;18,7;18,2;17,4;17;12,8;93;92;93;134;2,3;1;
2023-04-27;0000;0;921,2;1017,4;921,2;921;-2,9;19;18;16,8;18,3;17,9;17,1;16,7;12,8;93;93;93;146;2,3;1;
2023-04-27;0100;0;921,2;1017,7;921,4;921,2;-3,5;18;17,2;16,1;18;17,1;16,8;16,1;12,8;93;93;93;123;2,2;,9;
2023-04-27;0200;0;921;1017,9;921,2;921;-3,5;18;16,2;15,2;17,2;16,2;16,1;15,2;12,7;94;93;94;146;2,1;1,1;
2023-04-27;0300;0;920,8;1017,6;921;920,7;-3,2;17;16,2;15,3;16,4;15,6;15,4;14,7;12,7;94;94;94;151;2,5;1,6;
2023-04-27;0400;,2;920,1;1016,8;920,8;920,1;-1;17;16,5;15,5;16,7;16,2;15,7;15,2;12,7;94;94;94;148;2,5;1,4;
2023-04-27;0500;0;919,7;1016,2;920,1;919,7;-1,3;18;16,7;15,8;16,9;16,4;15,9;15,5;12,7;94;94;94;143;2,6;1,4;
2023-04-27;0600;0;919,3;1015,8;919,7;919,3;-2,9;18;16,6;15,6;16,8;16,3;15,8;15,4;12,7;94;94;94;148;2,9;1,5;
2023-04-27;0700;0;919,2;1015,8;919,5;919,2;-2,3;18;16,5;15,5;16,7;16,4;15,8;15,5;12,6;94;94;94;117;2,9;1,2;
2023-04-27;0800;0;919,4;1016,1;919,4;919,2;-2,8;17;16,3;15,4;16,5;16,1;15,5;15,1;12,6;94;94;94;141;2,7;1,3;
2023-04-27;0900;0;919,8;1016,5;919,8;919,4;-1,5;17;16,3;15,4;16,5;16,3;15,6;15,4;12,6;94;94;94;108;2,7;1;
2023-04-27;1000;0;920,2;1016,9;920,2;919,8;31,6;17;16,4;15,5;16,4;15,9;15,5;15;12,6;94;94;94;117;2,5;,9;
2023-04-27;1100;0;920,6;1017,1;920,6;920,2;432,4;18;17,2;16,2;17,2;16,4;16,2;15,4;13,6;94;94;94;149;2,9;1,6;
2023-04-27;1200;0;920,8;1016,4;920,8;920,6;1385,5;19;19,7;16,5;19,9;17,1;17,6;16,2;14;94;82;82;152;3,3;1,4;
2023-04-27;1300;0;920,8;1015,7;920,9;920,8;2031,6;22;21,9;17;22,2;19,5;17,5;16,2;13,8;83;71;74;157;3,1;1,3;
2023-04-27;1400;0;920,2;1014;920,8;920,2;2638,1;25;24,8;17,9;24,9;21,9;18,5;16,6;13,8;75;63;65;170;3;1,1;
2023-04-27;1500;,2;919,7;1013,1;920,2;919,7;2970,4;27;25,9;16,4;26,2;24,3;17,9;14,9;13,7;66;52;56;301;6,3;3;
2023-04-27;1600;0;918,8;1012;919,7;918,8;3087,6;28;26,4;16,1;27;25,5;17,2;15,2;13,7;58;50;53;295;7,4;3;
2023-04-27;1700;0;917,9;1010,9;918,8;917,9;2719,1;29;26,8;16,1;26,9;25,6;16,8;15,1;13,7;56;50;52;269;7;4,2;
2023-04-27;1800;0;917,6;1010,6;917,9;917,6;1952,2;28;26,5;15,3;27;26,1;16,8;14,6;13,6;55;48;50;256;8,4;4,2;
2023-04-27;1900;0;917,6;1011;917,6;917,5;997,9;28;25,3;16,9;26,4;25,2;17,5;15,1;13,1;61;50;60;206;7,4;2,9;
2023-04-27;2000;0;917,7;1011,6;917,9;917,6;399,4;27;24;17,2;25,4;24;17,3;16,2;13;66;57;66;209;5;2,7;
2023-04-27;2100;0;918,3;1012,7;918,3;917,7;74,3;25;22,6;17,2;24;22,5;17,4;17,1;12,9;72;66;71;216;4,4;2,6;
2023-04-27;2200;0;918,8;1013,5;918,8;918,3;-3,3;24;21,8;16,9;22,7;21,7;17,3;16,8;12,8;75;71;74;196;3,9;1,1;
2023-04-27;2300;0;919,4;1014,6;919,4;918,8;-3,3;23;20,6;17,1;21,8;20,6;17,3;16,6;12,8;80;73;80;53;2;,4;
2023-04-28;0000;0;919,6;1015,2;919,7;919,4;-3,5;22;19,4;17,2;20,6;19,4;17,6;17,1;12,8;87;80;87;142;1,3;,6;
2023-04-28;0100;0;919,9;1015,7;919,9;919,6;-2,7;21;18,9;17,2;19,7;18,9;17,6;17,2;12,8;90;87;90;36;1,4;,5;
2023-04-28;0200;0;920;1015,8;920,1;919,9;-2,5;20;19;17,4;19,1;18,7;17,5;17,2;12,8;91;90;90;251;1,5;,9;
2023-04-28;0300;0;919,6;1015,8;920;919,6;-3,5;19;17,7;16,6;19;17,7;17,3;16,6;12,7;93;89;93;3;1,5;,3;
2023-04-28;0400;0;919,2;1015,7;919,6;919,1;-3,5;18;16,7;15,7;17,7;16,6;16,6;15,6;12,7;94;93;94;132;1,3;,6;
2023-04-28;0500;0;919,1;1015,8;919,2;919;-3,4;18;16,1;15,1;17;16,1;16;15,1;12,7;94;94;94;156;1,4;,5;
2023-04-28;0600;0;919;1015,7;919,1;919;-3,2;17;16;15,1;16,5;15,9;15,6;15;12,7;94;94;94;156;1,7;1,1;
2023-04-28;0700;0;919,2;1016,1;919,2;918,9;-3;17;15,5;14,6;16,1;15,4;15,1;14,4;12,7;94;94;94;197;1,7;1,1;
2023-04-28;0800;0;919,4;1016,5;919,5;919,1;-3,2;16;15;14,1;15,5;15;14,6;14,1;12,6;94;94;94;166;1,4;,8;
2023-04-28;0900;,2;919,9;1017,1;919,9;919,5;-2,9;16;15;14,1;15,2;14,8;14,3;13,9;12,6;94;94;94;167;1,9;1,4;
2023-04-28;1000;0;920,4;1017,6;920,4;919,9;33,4;16;15,1;14,2;15,1;14,9;14,2;14;12,6;94;94;94;176;2;,8;
2023-04-28;1100;0;920,8;1017;920,8;920,4;531,2;17;18,1;17,1;18,4;15;17,4;14,1;13,7;94;94;94;115;1,4;,7;
2023-04-28;1200;0;921,2;1016;921,2;920,8;1484,9;20;22,1;17,8;22,2;18;18,3;17;13,9;94;76;76;195;1,7;,8;
2023-04-28;1300;0;921,6;1015,9;921,6;921,2;2092,6;24;23,9;15,3;24,3;22,2;18,6;15,3;13,8;77;59;59;301;3,4;1,5;
2023-04-28;1400;0;921,2;1015,1;921,6;921,2;2701,2;26;24,9;15,6;25,5;23,6;17,3;15,2;13,7;65;55;56;283;5,8;2,4;
2023-04-28;1500;0;920,5;1013,9;921,2;920,5;3059,3;28;26,3;17,4;26,3;24,8;17,4;15,2;13,7;60;53;58;246;6,3;3,2;
2023-04-28;1600;0;919,9;1013,2;920,5;919,9;2216,9;28;26,5;16,3;26,8;25,1;17,4;14,6;13,7;60;49;53;270;6,7;4,3;
2023-04-28;1700;0;919,2;1012,1;919,9;919,2;2245,2;28;27,5;16,3;27,5;25,5;16,8;14,9;13,7;56;48;51;276;7,2;3,5;
2023-04-28;1800;0;919,1;1012,5;919,2;918,8;2327,1;29;25,8;16,9;27,6;25,8;17,4;15,1;13,3;58;47;58;225;14,5;5,7;
2023-04-28;1900;0;919,4;1013,2;919,4;919;950,9;27;24,8;16,5;25,9;24,3;17,4;16,3;13,1;63;58;60;227;14,5;4,3;
2023-04-28;2000;0;919,8;1013,9;919,8;919,4;772,8;27;24;16,1;25,4;24;17;15,7;13,1;62;57;61;213;8;3,5;
2023-04-28;2100;0;920,2;1015;920,2;919,8;135,1;25;21,8;16,3;24;21,8;16,3;15,8;12,9;71;61;71;201;5,6;1,9;
2023-04-28;2200;0;920,5;1015,7;920,5;920,2;-3,5;23;20,7;15,8;21,8;20,4;16,3;15,8;12,8;77;70;74;195;3,2;1,9;
2023-04-28;2300;0;921,1;1016,7;921,2;920,5;-3,5;21;19,8;15,5;20,7;19,8;15,8;15,5;12,8;77;73;76;211;3,2;1,6;
2023-04-29;0000;0;922;1018,5;922;921,1;-3,5;20;17,5;15,5;19,8;17,4;15,7;14,9;12,8;88;76;88;78;2,3;1,1;
2023-04-29;0100;0;921,9;1018,4;922;921,8;-3,5;19;17,5;15,4;18,6;17,5;16;15,4;12,8;88;84;88;128;3;,8;
2023-04-29;0200;0;921,6;1018,5;922;921,6;-3,5;18;16,3;14,9;17,6;16,3;15,6;14,7;12,8;91;87;91;137;1,9;,4;
2023-04-29;0300;0;921,1;1018,2;921,6;921,1;-3,5;17;15,6;14,5;16,6;15,6;15,3;14,5;12,7;93;91;93;123;1,7;,7;
2023-04-29;0400;0;921;1018,3;921,1;921;-3,5;16;15;14;15,6;14,9;14,5;13,9;12,7;94;93;94;158;1,6;1;
2023-04-29;0500;0;920,5;1017,9;921;920,5;-3,5;16;14,5;13,6;15,1;14,5;14,1;13,5;12,7;94;94;94;155;1,5;,8;
2023-04-29;0600;0;920,3;1017,9;920,5;920,3;-3,5;15;13,9;13;14,9;13,8;13,9;12,9;12,7;94;94;94;146;1,9;,9;
2023-04-29;0700;0;920,5;1018,2;920,5;920,2;-3,5;15;13,7;12,8;14,1;13,4;13,2;12,5;12,7;94;94;94;152;2,3;1,4;
2023-04-29;0800;,2;920,7;1018,5;920,7;920,5;-3,5;15;13,4;12,5;14,1;13,1;13,1;12,2;12,6;94;94;94;173;2,3;1,1;
2023-04-29;0900;0;921,1;1019,1;921,1;920,7;-3,5;14;13,1;12,3;13,7;13,1;12,8;12,2;12,6;94;94;94;164;2,1;1,2;
2023-04-29;1000;0;921,6;1019;921,6;921,1;38,9;15;14,8;13,9;14,8;13,1;13,9;12,3;12,7;94;94;94;152;2,9;1,8;
2023-04-29;1100;0;922,1;1018,3;922,1;921,6;684,9;17;18,3;15,8;18,3;14,8;16,3;14,1;13,8;94;85;86;147;3,5;2;
2023-04-29;1200;0;922,5;1017,6;922,5;922,1;1491,4;20;21,6;17;21,6;18,3;17,2;15,7;13,9;86;73;75;125;3,7;1,6;
2023-04-29;1300;0;922,7;1017,1;922,7;922,4;2187,2;23;23,8;17,2;23,8;21,6;17,7;16,3;13,8;76;65;66;50;3,9;1,7;
2023-04-29;1400;0;922,2;1016,3;922,7;922,2;2711;26;24,6;16,1;25;23,4;18;15,9;13,7;69;58;59;91;4,5;1,7;
2023-04-29;1500;0;921,6;1015,7;922,2;921,6;2752,2;28;24,4;16,3;26,1;24,3;17,9;15,5;13,4;64;55;61;38;5;2,1;
2023-04-29;1600;0;920,8;1013,9;921,6;920,8;2786,7;28;27,1;14,3;27,2;24,3;16,8;13;13,5;62;42;45;287;5,9;1,4;
2023-04-29;1700;0;920;1013,1;920,8;920;2634,4;30;26,9;14,8;27,6;25,8;15,8;13,3;13,6;51;43;47;345;4,2;1,6;
2023-04-29;1800;0;919,6;1013,1;920;919,6;1989,6;30;25,8;14,5;27,5;25,7;15,9;13,6;13,3;52;44;50;259;5,3;2,8;
2023-04-29;1900;0;919,6;1013,1;919,6;919,5;892,6;28;25,7;14,2;27,3;25,2;15,4;13,3;13,2;54;44;49;266;5,3;2,1;
2023-04-29;2000;0;919,7;1013,2;919,7;919,5;871,4;28;25,7;14,3;26,6;25,5;15,4;13,1;13,1;51;45;49;256;5,4;3,3;
2023-04-29;2100;0;920,3;1015,3;920,3;919,7;144,4;26;21,4;15,2;25,7;21,4;15,3;14,6;12,9;68;49;68;207;5,2;2,4;
2023-04-29;2200;0;920,7;1016,4;920,7;920,3;-3,5;22;19,4;15,3;21,4;19,4;15,4;14,9;12,8;77;68;77;65;3;,7;
2023-04-29;2300;0;921,4;1017,8;921,4;920,7;-3,5;20;17,5;14,6;19,4;17,5;15,6;14,4;12,8;83;76;83;102;2,4;,9;
2023-04-30;0000;0;921,7;1018,4;921,7;921,4;-3,5;19;16,9;14,7;17,9;16,8;15,1;14,4;12,8;87;83;87;125;2,3;,3;
2023-04-30;0100;0;921,8;1018,8;921,8;921,7;-3,5;18;15,9;14,4;16,9;15,8;14,8;14,1;12,8;91;86;91;153;1,8;1,3;
2023-04-30;0200;0;921,8;1018,9;921,9;921,8;-3,5;17;15,7;14,3;16,6;15,6;15;14;12,7;92;89;91;137;1,8;1;
2023-04-30;0300;0;921,7;1019;921,9;921,7;-3,5;16;15,2;13,9;15,7;15,2;14,3;13,9;12,7;92;91;92;154;1,8;,8;
2023-04-30;0400;0;921,3;1018,6;921,8;921,3;-3,5;16;15,1;13,9;15,6;15;14,2;13,7;12,7;93;91;92;146;2,1;1,3;
2023-04-30;0500;0;920,7;1017,9;921,3;920,7;-3,5;16;15;13,8;15,3;14,8;14,2;13,6;12,7;93;92;93;150;2,1;1,2;
2023-04-30;0600;0;920,4;1017,8;920,7;920,4;-3,5;16;14,5;13,4;15;14,5;14;13,4;12,7;94;93;94;165;2;,9;
2023-04-30;0700;0;920,2;1017,5;920,4;920,2;-3,5;15;14,8;13,8;15,2;14,3;14,2;13,4;12,7;94;94;94;144;2,6;1,2;
2023-04-30;0800;,2;920,3;1017,3;920,3;920,1;-3,5;16;15,6;14,3;15,7;14,5;14,5;13,6;12,6;94;92;92;161;2,6;1,4;
2023-04-30;0900;0;920,8;1017,7;920,8;920,2;-3,5;16;16,1;14,6;16,4;15,4;15;13,8;12,6;92;90;91;152;3;1,7;
2023-04-30;1000;0;921,6;1018,3;921,6;920,8;37;16;16,7;15,2;16,7;15,2;15,3;13,7;12,7;92;90;91;134;3;1,8;
2023-04-30;1100;0;922,2;1018,3;922,3;921,6;673,5;18;18,7;16;18,8;16,6;16,1;15,1;13,7;91;84;84;137;3,3;1,8;
2023-04-30;1200;0;922,8;1018,1;922,8;922,2;1448,2;20;21,1;16,9;21,3;18,7;17,1;16,1;14;85;75;77;121;4,7;1,9;
2023-04-30;1300;0;923,1;1017,8;923,2;922,8;2108,4;23;23,1;16,9;23,1;21,1;17,6;16,4;13,9;78;68;68;100;4,9;2;
2023-04-30;1400;0;922,5;1016,7;923,1;922,5;2627,3;25;24,3;17,3;24,6;22,4;17,9;15,9;13,5;71;61;65;134;4,7;1,7;
2023-04-30;1500;0;921,8;1015,8;922,5;921,8;2115,2;27;24,8;16,5;25,5;23,8;18;15,7;13,4;67;58;60;92;4,7;1,9;
2023-04-30;1600;0;920,8;1014;921,9;920,8;2445;28;26,8;17,3;26,8;24,5;18,3;16;13,6;65;55;56;86;5,9;1,9;
2023-04-30;1700;0;920,1;1013,5;920,9;920,1;1533,8;28;26,1;16,8;27,2;24,8;18,3;16,3;13,4;62;55;57;99;4,3;1,2;
2023-04-30;1800;0;919,4;1013,1;920,1;919,4;1088,2;28;25;17,4;26,4;24,9;17,9;16;13,8;64;54;63;94;3,5;1;
2023-04-30;1900;0;919,3;1013,1;919,4;919,2;1031,1;28;24,7;17,5;26,3;24,7;17,8;16,4;13,1;64;54;64;135;3,7;1,6;
2023-04-30;2000;0;919,2;1013;919,3;919;409,9;27;24,7;17,4;24,7;24,1;17,9;16,9;13,2;68;62;64;128;3,5;,7;
2023-04-30;2100;0;919,3;1013,7;919,4;919,2;301,8;27;22,8;16,8;25,2;22,8;18,2;16,1;12,9;70;61;69;142;3,9;1,3;
2023-04-30;2200;0;919,7;1015,2;919,8;919,2;-3,5;23;19,6;14,5;22,8;19,6;17,1;13,9;12,8;76;67;73;147;4,4;1,3;
2023-04-30;2300;0;920,8;1016,9;920,8;919,7;-3,5;21;18,2;16;19,8;17,6;16,2;14,2;12,8;89;71;87;167;2,5;1;
2023-05-01;0000;0;921,2;1017,8;921,2;920,8;-3,5;19;17,1;14,9;18,5;17,1;15,9;14,9;12,8;90;83;87;164;2,3;1,5;
2023-05-01;0100;0;921,3;1018;921,3;921,1;-3,5;18;16,6;14,7;17,1;16;15,2;14,4;12,8;91;87;88;153;2,4;1,4;
2023-05-01;0200;0;921,5;1018,4;921,5;921,1;-3,5;17;16,3;14,3;16,8;15,8;14,9;14;12,7;91;86;88;147;2,2;1,4;
2023-05-01;0300;0;921,1;1018,2;921,6;921,1;-3,5;17;15,6;14,2;16,3;15,4;14,4;14;12,7;92;88;91;148;2,6;1,8;
2023-05-01;0400;0;920,8;1018;921,1;920,8;-3,5;16;15,2;14;15,6;15;14,2;13,6;12,7;93;91;92;152;2,9;2,2;
2023-05-01;0500;0;920,4;1017,6;920,8;920,4;-3,5;16;15,1;13,9;15,4;15;14,2;13,8;12,7;93;92;93;163;2,9;1,4;
2023-05-01;0600;0;920,2;1017,4;920,5;920,2;-3,5;16;14,9;13,9;15,1;14,5;14;13,5;12,7;94;93;94;155;1,8;1;
2023-05-01;0700;0;920,3;1017,8;920,3;920,1;-3,5;15;14,3;13,3;15,1;14,2;14,1;13,2;12,7;94;94;94;163;2,3;1,4;
2023-05-01;0800;,2;920,6;1018,1;920,6;920,3;-3,3;15;14,3;13,3;14,8;14,2;13,9;13,2;12,6;94;94;94;145;2,4;1,4;
2023-05-01;0900;0;921,3;1019;921,3;920,6;-3,5;15;13,9;13;14,3;13,7;13,4;12,8;12,6;94;94;94;145;2,3;1,4;
2023-05-01;1000;0;922,2;1019,9;922,2;921,3;40,2;15;14,1;13,2;14,4;13,6;13,5;12,7;12,7;94;94;94;150;2,6;1,5;
2023-05-01;1100;0;922,3;1018,8;922,5;922,2;491,5;16;17,7;16,7;17,7;14,1;16,7;13,2;13,8;94;94;94;187;2,5;,7;
2023-05-01;1200;0;922,6;1018;922,7;922,1;1494,5;19;20,8;17;20,9;17,7;17,8;16,3;13,9;94;78;79;158;2,3;1,2;
2023-05-01;1300;0;922,7;1017,7;922,8;922,6;1686,9;23;22;16,5;23,1;20,8;17,8;16,3;13,4;80;68;71;128;3,1;1,2;
2023-05-01;1400;0;922,2;1016,4;922,8;922,2;1506,7;24;24,2;16,1;24,2;21,8;17,5;15,8;13,8;76;60;61;292;2,6;,8;
2023-05-01;1500;0;921,4;1015,3;922,2;921,4;2608,7;26;25,1;15;25,4;24;17,2;13,9;13,7;64;51;54;308;4,8;1,6;
2023-05-01;1600;0;920,3;1013,8;921,5;920,3;2670,1;28;26;15,3;26,2;24,5;16;13,9;13,8;57;47;52;269;6,5;3,4;
2023-05-01;1700;0;919,4;1012,4;920,3;919,4;2344;28;27;15,9;27;24,8;16,3;13,9;13,7;55;47;51;283;6,7;2,2;
2023-05-01;1800;0;918,6;1011,9;919,4;918,6;2451,1;28;26,1;12,8;27;25,8;15,3;12,6;13,3;51;43;44;260;7;4;
2023-05-01;1900;0;918,4;1011,7;918,6;918,3;1652,4;28;25,8;12,4;26,8;25,4;14,4;11,9;13,8;48;42;44;279;7;3,5;
2023-05-01;2000;0;918,3;1012;918,5;918,3;840,8;27;24,5;12,3;25,9;24,5;13,2;11,5;13,2;47;41;47;267;5,9;2,6;
2023-05-01;2100;0;918,3;1013,4;918,3;918,2;133,5;25;20,6;12,5;24,5;20,6;12,8;11,8;12,9;60;46;60;274;4,1;2,2;
2023-05-01;2200;0;918,6;1014,7;918,7;918,2;-3,5;21;17,7;13,6;20,9;17,6;13,9;12,2;12,8;78;59;77;167;2,6;,5;
2023-05-01;2300;0;919,2;1016;919,2;918,6;-3,5;18;15,7;13,3;17,8;15,6;13,9;13;12,8;86;77;86;181;2,1;,6;
2023-05-02;0000;0;919,9;1017;919,9;919,2;-3,5;17;15,1;13,2;16,3;14,9;13,5;12,8;12,8;89;83;89;149;1,9;1;
2023-05-02;0100;0;920,2;1017,5;920,3;919,9;-3,5;16;14,6;13,1;15,1;14,4;13,2;12,6;12,8;91;88;91;173;2,2;,7;
2023-05-02;0200;0;919,9;1017,4;920,2;919,9;-3,5;15;14;12,7;14,9;13,8;13,2;12,5;12,7;92;89;92;172;1,6;,6;
2023-05-02;0300;0;920;1017,7;920;919,8;-3,5;15;13,5;12,2;14,2;13,5;13;12,2;12,7;93;91;92;170;1,5;1;
2023-05-02;0400;0;919,9;1017,6;920;919,9;-3,5;15;13,4;12,3;13,7;13,3;12,5;12,2;12,7;93;92;93;168;1,7;1,1;
2023-05-02;0500;0;919,5;1017,2;919,9;919,5;-3,3;14;13,3;12,1;13,8;13,3;12,7;12,1;12,7;93;92;92;160;1,7;1,2;
2023-05-02;0600;0;919,2;1017;919,5;919,2;-3,5;14;12,9;11,8;13,3;12,8;12,3;11,8;12,7;93;92;93;152;2,3;1,1;
2023-05-02;0700;0;919,1;1017;919,2;919;-3,5;14;12,8;11,8;13;12,5;11,9;11,5;12,6;94;93;94;170;2,1;,5;
2023-05-02;0800;,2;919,2;1017,2;919,2;919;-3,5;13;12,4;11,5;12,8;12,2;11,9;11,2;12,6;94;94;94;155;2,1;1,4;
2023-05-02;0900;0;919,5;1017,6;919,5;919,1;-3,5;13;12,4;11,5;12,5;12;11,5;11,1;12,6;94;94;94;169;2,1;1,5;
2023-05-02;1000;0;919,8;1017,5;919,8;919,5;42,1;13;13,6;12,5;13,6;12,3;12,5;11,4;12,7;94;93;93;146;2,7;1,8;
2023-05-02;1100;0;920,2;1016,6;920,2;919,8;649,8;15;17,4;14,2;17,4;13,6;14,4;12,4;13,8;93;81;81;141;3,6;2;
2023-05-02;1200;0;920,8;1015,7;920,8;920,2;1461,1;19;21,8;15,9;21,8;17,4;16,4;14,2;13,9;82;69;69;95;4,9;1,3;
2023-05-02;1300;0;921;1015,4;921;920,8;2161,8;23;23,4;15,8;23,6;21,8;16,4;15,2;13,8;69;62;63;44;5,7;3;
2023-05-02;1400;0;920,5;1014,3;921;920,5;2561,8;25;24,9;15,2;25,5;23,3;16,7;14,3;13,6;63;51;55;46;5,3;2;
2023-05-02;1500;0;919,7;1013,2;920,5;919,7;2960;27;25,8;13,7;26,1;24,3;15,7;12,4;13,7;58;43;47;2;6,4;2,9;
2023-05-02;1600;0;918,9;1012,1;919,7;918,8;2700,4;28;26,2;11,5;27,1;25;15,3;11,5;13,3;53;38;40;340;6,4;2,6;
2023-05-02;1700;0;918,2;1011,2;918,9;918,2;2284,1;29;26,8;10,6;27,1;25,4;13,4;8,7;13,7;46;32;36;307;8,3;3,6;
2023-05-02;1800;0;917,8;1010,7;918,2;917,8;2225,5;29;26,8;10,8;27,6;25,9;12,1;8,5;13,7;40;31;37;339;6,6;1,5;
2023-05-02;1900;0;917,9;1010,9;917,9;917,7;1660,1;29;26,8;8,2;27,1;26,4;12,3;6,8;13,7;41;28;31;338;6,8;2,4;
2023-05-02;2000;0;918,3;1012;918,3;917,9;832,3;28;24,7;9,4;27;24,7;9,7;6,9;13,1;38;28;38;292;4,5;2,5;
2023-05-02;2100;0;918,5;1013,7;918,5;918,3;126,6;25;20,2;9,3;24,7;20,2;10;8,5;12,9;51;37;50;267;3,9;2,1;
2023-05-02;2200;0;919;1015,2;919;918,5;-3,5;21;17,4;11,6;20,5;16,9;12;9,1;12,8;72;48;69;167;2,6;,8;
2023-05-02;2300;0;919,5;1016,6;919,5;919;-3,5;18;15,2;11,8;17,4;15,2;11,9;11,2;12,8;80;68;80;167;2,3;1,5;
2023-05-03;0000;0;920;1017,5;920;919,5;-3,5;16;14,1;11,3;15,3;14;11,8;11,2;12,8;84;80;83;157;2,6;1,8;
2023-05-03;0100;0;919,9;1017,7;920,1;919,9;-3,5;15;13,1;11;14,1;12,9;11,3;10,8;12,8;88;83;87;146;2,6;,9;
2023-05-03;0200;0;920,4;1018,5;920,4;919,9;-3,5;14;12,4;10,4;13,4;12,1;10,9;10,2;12,7;89;84;88;173;2;,8;
2023-05-03;0300;0;920,1;1018,5;920,4;920,1;-3,5;13;11,7;9,9;12,4;11,7;10,5;9,9;12,7;89;87;89;166;2,4;1,2;
2023-05-03;0400;0;919,8;1018,1;920,1;919,8;-3,5;13;11,7;9,9;12,2;11,4;10,2;9,6;12,7;90;87;89;161;2,3;1,3;
2023-05-03;0500;0;919,5;1018;919,8;919,5;-3,5;12;11,1;9,7;11,7;11,1;10;9,5;12,7;91;89;91;143;2,6;1,7;
2023-05-03;0600;0;919,3;1017,8;919,6;919,2;-3,5;12;11,1;9,8;11,1;10,8;9,9;9,5;12,7;92;91;92;149;2,6;1,9;
2023-05-03;0700;0;919,4;1017,9;919,4;919,2;-3,5;12;11;9,4;11,6;10,6;10,3;9,3;12,6;92;90;90;168;2,9;1,2;
2023-05-03;0800;0;919,3;1017,9;919,4;919,2;-3,5;12;10,8;9,6;11,1;10,7;9,8;9,4;12,6;92;90;92;183;2,9;,5;
2023-05-03;0900;0;920,1;1018,7;920,1;919,3;-3,5;11;11,1;9,6;11,2;10,7;10;9,4;12,6;92;90;90;154;1,5;1;
2023-05-03;1000;0;920,9;1019,6;920,9;920,1;38,1;11;11;9,9;11,1;10,3;9,9;9;12,7;93;90;93;171;1,7;1;
2023-05-03;1100;0;921,7;1019,2;921,7;920,9;647,5;13;14,5;10,9;14,6;11;11,5;10;13,9;93;78;79;135;1,6;,9;
2023-05-03;1200;0;922;1017,9;922;921,7;1433,3;17;19,3;11,8;19,3;14,5;12,8;10,7;14;81;62;62;147;1,9;1;
2023-05-03;1300;0;922,1;1016,7;922,2;922;2132;21;23;12,8;23;19,3;13,3;9,5;13,8;65;44;53;159;2,1;,9;
2023-05-03;1400;0;921,7;1015,5;922,2;921,7;2634,4;25;25,3;11,3;25,4;23;13;10,4;13,8;52;40;41;134;3;1,2;
2023-05-03;1500;0;920,8;1014,2;921,7;920,8;2911,4;27;26,2;10,6;26,5;24,9;12,7;9,9;13,7;45;37;38;196;3,8;1,5;
2023-05-03;1600;0;919,7;1013,1;920,8;919,7;2903,6;28;26;12,9;26,8;25,4;13,7;10,5;13,6;46;37;44;187;4,4;2,5;
2023-05-03;1700;0;919;1012,1;919,7;919;1890,6;28;26,6;11,9;27;25,4;13,2;10,6;13,7;46;38;40;74;4,4;1,5;
2023-05-03;1800;0;918,5;1011,5;919;918,5;2270;29;26,7;11,4;27,2;26,4;12,8;10,6;13,7;42;36;38;71;4,2;1,5;
2023-05-03;1900;0;918,6;1011,8;918,6;918,5;1472,1;29;26,2;12,2;27,2;25,4;13,9;11;13,7;49;37;42;129;4,5;1,4;
2023-05-03;2000;0;919;1012,7;919;918,6;810,4;29;25;13,4;26,2;25;14,2;11,8;13,1;51;41;49;141;3,1;1,1;
2023-05-03;2100;0;919,4;1014,3;919,4;919;109,5;26;21,5;13,5;25;21,5;13,8;13;12,9;60;48;60;144;2,3;1;
2023-05-03;2200;0;919,9;1015,9;919,9;919,4;-3,5;22;18,4;14,6;21,5;18,4;14,9;13,6;12,8;79;60;79;146;2,4;1;
2023-05-03;2300;0;920,6;1017,2;920,6;919,9;-3,5;20;16,8;13,5;18,8;16,8;14,6;13,3;12,8;81;75;81;153;2,5;,9;
2023-05-04;0000;0;920,9;1018;921;920,6;-3,5;18;15,5;13,4;16,8;15,5;14,3;13,4;12,8;87;81;87;150;2,3;1,4;
2023-05-04;0100;0;921;1018,4;921;920,9;-3,5;17;14,7;12,9;15,5;14,7;13,5;12,9;12,8;89;87;89;161;2,3;1,4;
2023-05-04;0200;0;920,8;1018,5;921;920,8;-3,5;16;13,8;12,2;14,7;13,8;13;12,1;12,7;91;89;90;168;2,2;,7;
2023-05-04;0300;0;920,7;1018,5;920,8;920,7;-3,5;15;13,4;11,9;14,1;13,4;12,5;11,9;12,7;91;89;91;161;2,5;1,2;
2023-05-04;0400;0;920,8;1018,8;920,9;920,7;-3,5;14;13;11,6;13,4;12,9;12,1;11,5;12,7;92;91;91;151;2,4;1,3;
2023-05-04;0500;0;920,5;1018,4;920,8;920,4;-3,5;14;13;11,6;13,2;12,8;11,8;11,4;12,7;92;91;91;149;2,3;1,1;
2023-05-04;0600;0;920,2;1018,1;920,5;920,2;-3,5;14;12,9;11,5;13,1;12,5;11,9;11,2;12,7;93;91;91;165;2;1,3;
2023-05-04;0700;0;920,5;1018,7;920,5;920,2;-3,5;13;12,3;11,1;12,9;12,3;11,5;11,1;12,6;92;91;92;173;2,3;,9;
2023-05-04;0800;0;920,7;1018,9;920,7;920,5;-3,5;13;12,3;11,2;12,4;12;11,3;10,8;12,6;93;92;93;147;2,3;1,5;
2023-05-04;0900;,2;921,2;1019,6;921,2;920,7;-3,5;13;12;10,9;12,5;12;11,4;10,8;12,6;93;93;93;169;2,3;1,1;
2023-05-04;1000;0;921,8;1020,1;921,8;921,2;39,1;13;12,3;11,2;12,4;12;11,3;10,9;12,7;93;93;93;147;2,4;1,7;
2023-05-04;1100;0;922,5;1019;922,5;921,8;623,1;14;17,6;13,4;17,6;12,3;13,5;11,2;13,8;93;76;77;155;3,8;2,1;
2023-05-04;1200;0;923,1;1018,4;923,1;922,5;1426,5;19;21,3;14,5;21,3;17,6;14,7;13,2;13,9;77;65;65;132;4,1;2;
2023-05-04;1300;0;923,3;1017,8;923,4;923,1;2109,7;23;23,7;15,2;23,7;21,3;15,9;14,2;13,9;67;57;59;121;3,9;1,5;
2023-05-04;1400;0;922,8;1016,5;923,3;922,8;2607,1;26;26;15,2;26,3;23,4;16,1;14,3;13,7;62;49;51;145;4;1,8;
2023-05-04;1500;0;922,2;1015,4;922,8;922,2;2877,4;28;27,4;14,7;27,4;25,6;15,4;13,1;13,7;51;43;46;48;5,3;2,5;
2023-05-04;1600;0;921,3;1014,3;922,2;921,3;2840,9;29;27,7;12,5;27,9;26,5;15,4;12,5;13,7;48;39;39;43;5,4;1,2;
2023-05-04;1700;0;920,5;1013,3;921,3;920,5;2645,7;30;28,2;11,6;28,7;27,5;12,9;10,3;13,6;40;33;36;356;4,7;1,7;
2023-05-04;1800;0;920,1;1012,7;920,5;920,1;2243,2;31;28,7;10,3;29,4;27,7;12,6;8,8;13,5;38;29;32;300;5,3;1,8;
2023-05-04;1900;0;920,2;1013,2;920,2;920,1;1599,6;31;27,5;13,9;29;27,5;14,6;7,6;13,7;45;27;43;53;4,4;1,4;
2023-05-04;2000;0;920,6;1014,2;920,6;920,2;767,6;31;25,8;15,2;28;25,8;16,3;13,4;13,1;54;42;52;71;3,1;,7;
2023-05-04;2100;0;920,9;1015,5;920,9;920,6;80,2;27;22,7;15;25,7;22,7;16,7;14,8;12,9;63;52;62;132;2,9;1,2;
2023-05-04;2200;0;921,4;1017,2;921,4;920,9;-3,5;23;19,4;15,5;22,7;19,4;16,1;14,9;12,8;78;62;78;154;2,7;1,3;
2023-05-04;2300;0;922,3;1018,6;922,3;921,4;-3,5;21;18,3;15,3;19,5;18;15,8;15,1;12,8;84;78;83;112;2,1;,5;
2023-05-05;0000;0;922,8;1019,6;922,9;922,3;-3,5;19;17;14,9;18,2;16,8;15,4;14,7;12,8;88;83;88;147;2,3;1,5;
2023-05-05;0100;0;923,1;1020,2;923,1;922,8;-3,5;18;16;14,3;16,9;16;14,8;14,2;12,8;89;87;89;153;2,5;1;
2023-05-05;0200;0;923,2;1020,5;923,2;923,1;-3,5;17;15,7;14,1;16,1;15,7;14,4;14;12,7;90;89;90;172;2,1;1;
2023-05-05;0300;0;923;1020,4;923,3;923;-3,5;17;15,3;13,8;15,9;15,1;14,3;13,6;12,7;91;89;91;149;3;1,4;
2023-05-05;0400;0;922,6;1020;923;922,6;-3,2;16;15,1;13,8;15,3;14,8;13,8;13,2;12,7;92;90;91;141;2,3;1,5;
2023-05-05;0500;0;922,2;1019,8;922,6;922,2;-3,3;16;14,5;13;15,2;14,5;13,8;13;12,7;91;90;91;149;2,5;1,7;
2023-05-05;0600;0;922,2;1019,7;922,2;922;-3,4;16;14,6;13;14,8;14,4;13,2;12,8;12,7;92;90;90;147;2,7;1,8;
2023-05-05;0700;0;922,3;1020;922,3;922,1;-3,5;15;14,3;12,9;14,7;14;13,2;12,6;12,6;92;90;91;143;3;1,8;
2023-05-05;0800;0;922,5;1020,3;922,5;922,3;-3,5;15;14;12,8;14,3;13,9;13;12,5;12,6;92;91;92;160;2,5;1,6;
2023-05-05;0900;0;923;1020,7;923;922,5;-3,3;15;14,5;13,1;14,5;13,8;13,3;12,6;12,6;93;91;91;154;3,1;2;
2023-05-05;1000;0;923,6;1021;923,6;923;40,5;15;15,4;13,2;15,7;14,3;13,7;12,9;12,7;92;86;87;152;2,6;1,8;
2023-05-05;1100;0;924,2;1020,6;924,2;923,6;480,8;16;18,4;14,5;18,4;15,4;14,8;13,3;13,6;87;78;78;156;2,7;1,3;
2023-05-05;1200;0;925;1020,3;925;924,2;1280;20;21,9;15,2;21,9;18,4;16;14,6;13,9;79;65;66;123;4,4;1,9;
2023-05-05;1300;0;925,4;1020,1;925,4;925;1683,4;23;23,9;15,8;23,9;22;16,3;15;13,9;68;61;61;128;4,4;1,5;
2023-05-05;1400;0;924,7;1018,4;925,4;924,7;2663;26;26,7;15;26,9;23,9;16,4;13,9;13,7;60;45;49;79;4,8;1,7;
2023-05-05;1500;0;923,7;1017,1;924,7;923,7;2870,1;28;27,3;13,3;27,7;26,7;15,5;12,9;13,6;49;40;42;88;5,5;1,9;
2023-05-05;1600;0;922,8;1015,9;923,7;922,8;2884,8;30;27,8;13,7;28,3;27;15,3;12,6;13,5;46;40;42;53;5,6;2,1;
2023-05-05;1700;0;921,8;1014,9;922,8;921,8;2652,9;30;27,6;13,7;28,5;27,3;15,5;12,6;13,5;46;40;42;71;5;1,7;
2023-05-05;1800;0;921,2;1014,2;921,8;921,2;2193;31;27,7;13,5;28,3;27,4;15,4;12,8;13,5;47;40;42;85;5;1,6;
2023-05-05;1900;0;921,1;1014,3;921,2;921,1;1552,3;31;27;12,8;27,8;27;14,3;12,4;13,7;44;39;41;38;5,4;2,6;
2023-05-05;2000;0;921,5;1015,2;921,5;921,1;772,9;30;25,7;14,3;27,2;25,5;14,5;12,8;13,1;50;41;49;46;4,6;,8;
2023-05-05;2100;0;922;1016,9;922;921,5;106;27;22,2;14,1;25,7;21,9;15,1;13,7;12,9;62;49;60;167;2,6;,5;
2023-05-05;2200;0;922,4;1018,4;922,4;922;-3,5;23;19;14,9;22,3;19;15,1;14;12,8;77;60;77;136;2,6;1,5;
2023-05-05;2300;0;923,1;1019,9;923,1;922,4;-3,5;20;17;13,9;19;17;14,9;13,9;12,8;82;77;82;158;2,3;1,4;
2023-05-06;0000;0;923,8;1020,8;923,8;923,1;-3,5;19;16,7;13,6;17,3;16,7;14,2;13,6;12,8;84;81;82;145;2,7;1,6;
2023-05-06;0100;0;923,8;1021;923,8;923,7;-3,5;18;16;13,5;16,8;16;13,7;13,5;12,8;85;82;85;148;2,8;1,1;
2023-05-06;0200;0;923,8;1021;923,8;923,8;-3,5;17;16,2;13,6;16,8;15,7;13,8;13,3;12,7;86;82;85;150;3,4;1,6;
2023-05-06;0300;0;923,7;1020,8;923,8;923,6;-3,5;17;16,4;13,5;16,6;16;13,7;13,3;12,7;85;83;83;144;2,5;1,8;
2023-05-06;0400;0;923,4;1020,6;923,7;923,4;-3,5;17;15,9;13,3;16,4;15,4;13,7;13;12,7;87;83;85;150;2,6;1,9;
2023-05-06;0500;0;923;1020,5;923,4;923;-3,5;16;14,9;13,2;15,9;14,7;13,4;12,9;12,7;89;84;89;142;2,6;1,8;
2023-05-06;0600;0;922,4;1020,2;923,1;922,4;-3,5;16;14;12,6;15;14;13,2;12,6;12,7;91;88;91;144;2,5;1,3;
2023-05-06;0700;0;922,2;1020;922,4;922,2;-3,5;15;14;12,7;14,2;13,8;12,9;12,4;12,7;92;91;92;149;2,9;1,9;
2023-05-06;0800;0;922,5;1020,2;922,5;922,2;-3,5;15;14,3;12,7;15,3;13,9;13,2;12,2;12,6;92;85;90;153;3,4;1,7;
2023-05-06;0900;0;922,8;1020,5;922,8;922,4;-3,5;15;14,4;12,4;15,1;14,2;13,2;12,4;12,6;91;87;88;149;3;2,3;
2023-05-06;1000;0;923,5;1021;923,5;922,8;36,8;15;15,2;12,9;15,8;14,2;13,5;12,4;12,7;91;85;86;145;3,3;1,4;
2023-05-06;1100;0;923,8;1019,9;923,9;923,5;628,5;17;19,3;14,9;19,3;15;14,9;12,8;13,8;87;75;76;133;2,7;1,2;
2023-05-06;1200;0;924,4;1019,5;924,4;923,8;1396,1;21;22,4;14,9;22,9;19,3;15,8;14,6;13,9;77;61;63;92;3,2;1,4;
2023-05-06;1300;0;924,7;1019,2;924,7;924,4;2043;24;24,3;15,7;24,4;22,4;16,1;14,6;13,8;65;57;59;45;5,6;2,6;
2023-05-06;1400;0;924;1018,1;924,7;924;2568,2;26;25,3;15,5;25,5;24,3;16,2;14,2;13,7;59;51;55;49;6,5;2,8;
2023-05-06;1500;0;923,3;1017;924;923,3;2837,8;27;26,1;15,1;26,6;24,9;16,3;13,8;13,6;55;48;51;62;6,5;2,6;
2023-05-06;1600;0;922,2;1015,7;923,3;922,2;2750,5;29;26,5;15,5;27;25,8;16,4;14,2;13,7;55;47;51;31;6,5;3,4;
2023-05-06;1700;0;921,4;1014,6;922,2;921,4;2509,9;29;27,2;16,5;27,5;26,1;16,9;14,1;13,7;54;46;52;44;6,3;2,4;
2023-05-06;1800;0;920,9;1013,8;921,4;920,8;2183;30;28;15,6;28;26,9;16,6;14,1;13,6;52;44;47;62;5,4;1,4;
2023-05-06;1900;0;920,5;1013,6;920,9;920,5;1441;30;27,3;15,3;28;26,8;16;13,4;13,8;50;43;48;86;4,6;,8;
2023-05-06;2000;0;920,8;1014,5;920,8;920,5;687,5;30;25,5;15,8;27,6;25,5;15,8;13,8;13;55;44;55;57;2,8;,8;
2023-05-06;2100;0;921,4;1016,2;921,4;920,8;91,1;26;22,3;15,8;25,5;22;17,1;15,6;12,9;70;55;67;138;2,4;1;
2023-05-06;2200;0;921,8;1017,4;921,8;921,4;-3,5;23;20,2;15,9;22,3;20,1;16,2;15,5;12,8;78;67;76;155;3,2;1,3;
2023-05-06;2300;0;922,3;1018,4;922,3;921,8;-3,5;21;18,7;15,7;20,5;18,6;16;15,3;12,8;83;74;82;149;2,2;1,4;
2023-05-07;0000;0;922,6;1019,1;922,8;922,2;-3,5;20;17,6;15,4;18,7;17,5;15,7;15,1;12,8;87;82;87;129;2,1;,9;
2023-05-07;0100;0;922,6;1019,4;922,7;922,5;-3,5;18;16,7;14,9;17,6;16,4;15,3;14,6;12,8;90;86;89;150;2,5;1,1;
2023-05-07;0200;0;922,6;1019,6;922,8;922,6;-3,5;18;16,4;14,3;17,1;16,3;14,9;14,2;12,7;89;86;87;143;2,2;1,6;
2023-05-07;0300;0;922,4;1019,5;922,7;922,4;-3,5;17;16;14,4;16,5;15,8;14,6;13,9;12,7;90;87;90;146;2;1;
2023-05-07;0400;0;922;1019,1;922,4;922;-3,5;17;15,7;14,1;16,1;15,5;14,5;13,9;12,7;91;89;90;149;2,1;1,4;
2023-05-07;0500;0;921,4;1018,7;922;921,4;-3,5;16;15,1;13,7;15,9;15,1;14,4;13,7;12,7;91;90;91;149;2,4;1,9;
2023-05-07;0600;0;921,2;1018,5;921,4;921,2;-3,5;16;15;13,7;15,2;14,7;13,9;13,3;12,7;92;91;92;164;3;1,5;
2023-05-07;0700;0;921,1;1018,5;921,2;921,1;-3,5;16;14,6;13,4;15,1;14,5;13,8;13,2;12,7;92;91;92;162;2,5;1,6;
2023-05-07;0800;0;921,4;1018,9;921,4;921,1;-3,5;15;14,5;13,3;14,9;14,5;13,6;13,1;12,6;92;91;92;151;2,7;1,8;
2023-05-07;0900;,2;921,6;1018,9;921,6;921,4;-3,5;15;15;13,3;15,1;14,5;13,6;13;12,6;92;90;90;145;2,8;1,5;
2023-05-07;1000;0;922,2;1019,4;922,2;921,6;37,1;15;15,5;13,1;16;15;13,7;12,9;12,7;90;85;86;87;2,5;,5;
2023-05-07;1100;0;922,5;1018,5;922,5;922,2;652,2;17;19,2;14,6;19,2;15,5;14,7;13,2;13,8;86;75;75;85;3,8;1;
2023-05-07;1200;0;923,1;1018,4;923,1;922,5;1344,4;20;21,4;15,2;21,5;19,2;15,7;14,3;13,9;76;65;68;63;5,5;1,8;
2023-05-07;1300;0;923,5;1018,2;923,6;923,1;2056,6;23;23,1;14,6;23,3;21,4;15,7;14,2;13,8;67;59;59;78;5,5;1,8;
2023-05-07;1400;0;923,2;1017,4;923,5;923,2;2610,2;25;24,6;15,4;24,9;23,1;15,5;14,2;13,8;61;54;57;51;6,1;2,6;
2023-05-07;1500;0;922,5;1016,4;923,2;922,5;2464,2;27;25,3;15,7;25,4;23,8;16;14,1;13,8;59;52;55;51;5;2,1;
2023-05-07;1600;0;921,8;1015,5;922,5;921,8;2792,4;28;25,6;14,6;26,1;24,4;16,4;14;13,7;57;49;51;57;5,6;2,2;
2023-05-07;1700;0;921,2;1014,7;921,8;921,2;2747,7;29;26,2;14,3;26,5;25,2;15,8;13,2;13,7;54;45;48;42;6,1;2,6;
2023-05-07;1800;0;920,8;1014,6;921,2;920,8;1678,7;29;25,1;14;26,5;24,8;15;12,5;13,3;52;43;50;103;5;,9;
2023-05-07;1900;0;920,9;1014,6;920,9;920,8;1368,9;29;25,5;14,5;26,1;25,2;14,7;13,4;13,7;51;46;50;43;4,9;2,3;
2023-05-07;2000;0;920,9;1015,1;921;920,8;696,8;28;23,8;14,9;25,6;23,8;15,2;13,6;13,1;57;48;57;63;4,7;,7;
2023-05-07;2100;0;921,2;1016,4;921,2;920,9;74,2;25;21;14,9;23,8;20,3;16,1;14,8;12,9;73;57;68;145;2,1;1;
2023-05-07;2200;0;921,7;1017,8;921,7;921,2;-3,5;22;18,6;15,3;21,2;18,3;15,3;14,8;12,8;82;68;81;150;2,4;1,8;
2023-05-07;2300;0;921,9;1018,4;921,9;921,7;-3,5;20;17,4;14,6;18,6;17,4;15,3;14,6;12,8;83;81;83;144;2,5;1,7;
2023-05-08;0000;0;922;1018,6;922;921,9;-3,5;19;17,3;14,2;17,4;16,8;14,5;14,1;12,8;85;82;82;145;2,7;1,5;
2023-05-08;0100;0;921,9;1018,1;922;921,8;-3,5;18;18,3;13,8;18,6;16,8;14,2;13,8;12,8;83;75;75;142;3;1,5;
2023-05-08;0200;0;921,9;1018,1;922;921,9;-3,5;19;18,3;13,9;18,9;18,2;14;13,8;12,7;76;73;76;149;3,5;1,8;
2023-05-08;0300;0;922,2;1018,6;922,2;921,8;-3,5;18;17,8;14;18,3;17,5;14,1;13,8;12,7;79;76;79;165;3,3;1,1;
2023-05-08;0400;0;922;1019;922,2;922;-3,5;18;16;13,8;17,9;15,9;14,1;13,3;12,7;87;78;87;150;2,2;1,7;
2023-05-08;0500;0;922,1;1019,5;922,1;921,9;-3,5;17;15,1;13,6;16;14,9;14,1;13,1;12,7;91;87;90;144;2,2;1,3;
2023-05-08;0600;0;922,3;1019,8;922,3;922,1;-3,5;16;14,8;13,5;15,5;14,4;13,9;13;12,7;92;89;92;150;2,1;1,6;
2023-05-08;0700;0;922,3;1020,1;922,4;922,3;-3,5;15;14;12,9;14,9;14;13,6;12,9;12,7;93;92;93;131;2,3;1,2;
2023-05-08;0800;0;922,7;1020,1;922,7;922,2;-3,5;15;15,1;14;15,1;14;14;12,9;12,6;93;93;93;144;2,7;1,8;
2023-05-08;0900;0;922,8;1020,3;922,9;922,7;-3,5;15;15;13,5;15,2;14;14;12,6;12,6;93;90;90;155;3,5;1,9;
2023-05-08;1000;0;923,2;1020,3;923,2;922,7;32;15;16,2;13,9;16,2;14,4;14;12,7;12,7;91;86;86;136;3,4;1,7;
2023-05-08;1100;0;923,4;1019,7;923,4;923,1;586,9;17;18,5;14,8;18,5;16,2;14,8;13,8;13,7;86;78;79;136;4,3;2,2;
2023-05-08;1200;0;924,1;1019,3;924,1;923,4;1381,7;20;21,9;14,8;22;18,5;15,6;14,6;13,9;79;64;64;68;3,9;1,6;
2023-05-08;1300;0;924,4;1019;924,5;924,1;2055,8;23;23,9;14,7;23,9;21,7;15,5;14,3;13,8;65;56;56;63;5,3;2;
2023-05-08;1400;0;923,9;1018;924,4;923,8;2555,1;26;25,1;13,8;25,3;23,5;15,6;13,8;13,7;59;49;49;93;5,1;1,8;
2023-05-08;1500;0;923;1016,7;923,9;923;2798,8;27;26;13,5;26;24,8;14,7;12,7;13,8;52;45;46;330;4,7;1,3;
2023-05-08;1600;0;922,5;1016,2;923;922,5;2812,1;29;25,8;12,6;26,5;25,1;14,8;12,3;13,7;49;43;44;72;4,6;1,6;
2023-05-08;1700;0;921,7;1015,1;922,5;921,7;2603,2;29;26,5;13,3;27;25,6;14,5;12,3;13,7;49;42;44;152;3,9;1,7;
2023-05-08;1800;0;921,2;1014,7;921,7;921,1;2129,7;30;26,1;12,6;27,1;26;14,6;12,2;13,7;49;40;43;118;3,9;1,7;
2023-05-08;1900;0;920,8;1014,4;921,2;920,7;1476,5;30;25,7;13,5;27;25,7;14,7;12,2;13,8;48;41;47;123;3,3;1,3;
2023-05-08;2000;0;920,9;1015;920,9;920,7;762,2;29;24,1;15,1;26,4;24,1;15,6;13,8;13,1;58;46;57;46;3,5;1,3;
2023-05-08;2100;0;921,3;1016,5;921,3;920,9;98,9;26;21,1;15;24,1;21,1;15,4;14,5;12,9;68;57;68;159;3,3;,4;
2023-05-08;2200;0;921,9;1017,7;921,9;921,3;-3,5;22;19,4;14,8;21,1;19,4;15,4;14,7;12,8;75;68;75;185;2,1;,7;
2023-05-08;2300;0;921,8;1018,5;922;921,8;-3,5;20;16,8;14,7;19,3;16,8;15,2;14,5;12,8;88;75;88;146;2,4;1,3;
2023-05-09;0000;0;922,1;1019,1;922,1;921,8;-3,5;18;16,2;14,3;16,8;16,2;14,8;14,2;12,8;88;87;88;153;3,3;2;
2023-05-09;0100;0;922,3;1019,4;922,3;922,1;-3,5;17;15,9;14,1;16,4;15,6;14,4;13,7;12,8;90;87;89;148;3,3;1,2;
2023-05-09;0200;0;922,5;1019,8;922,6;922,3;-3,5;17;15,4;13,8;16,1;15,2;14,2;13,6;12,7;92;88;91;153;2;1,5;
2023-05-09;0300;0;922,6;1020,1;922,6;922,4;-3,5;16;14,8;13,5;15,5;14,6;14;13,2;12,7;92;89;92;146;2,4;1,2;
2023-05-09;0400;0;922,6;1020,3;922,8;922,6;-3,5;16;14,3;13;14,9;14,3;13,6;13;12,7;92;91;92;152;1,7;,8;
2023-05-09;0500;0;922,4;1020,1;922,7;922,4;-3,5;15;14,2;12,9;14,7;14,2;13,5;12,9;12,7;93;91;92;163;1,2;,9;
2023-05-09;0600;0;921,9;1019,7;922,4;921,9;-3,4;15;13,7;12,6;14,4;13,7;13,2;12,5;12,7;93;92;93;151;2,2;1,6;
2023-05-09;0700;0;921,7;1019,6;921,9;921,7;-3,5;15;13,5;12,5;13,9;13,4;12,8;12,3;12,6;94;93;94;156;2,2;,9;
2023-05-09;0800;0;921,6;1019,6;921,8;921,6;-3,4;14;13,1;12,1;13,7;12,8;12,7;11,8;12,6;94;94;94;164;1,6;1,2;
2023-05-09;0900;0;922;1019,9;922,1;921,6;-3,2;14;13,5;12,5;13,5;13,1;12,6;12,2;12,6;94;94;94;148;1,8;1,1;
2023-05-09;1000;0;922,7;1020,6;922,7;922;35,9;14;13,8;12,7;13,8;13,2;12,7;12,3;12,7;94;94;94;156;2,2;,9;
2023-05-09;1100;,2;923,3;1020,7;923,3;922,7;363,4;15;15,4;13,8;15,4;13,8;13,9;12,7;13,5;94;90;90;147;2,1;,8;
2023-05-09;1200;0;923,6;1019,5;923,6;923,3;1020;17;19,6;15,7;19,6;15,3;15,7;13,4;13,9;90;77;79;157;2,3;1,2;
2023-05-09;1300;0;923,8;1018,6;923,8;923,6;1656,7;21;22,9;16,2;22,9;19,6;16,7;15,3;13,9;79;66;66;130;2,4;1,2;
2023-05-09;1400;0;923,4;1017,9;923,8;923,4;1669,6;24;23,8;15,7;23,9;22,9;16,7;15;13,8;68;58;61;115;3,3;1,4;
2023-05-09;1500;0;923,1;1017,3;923,4;923,1;1995,1;26;24,7;15,4;25,5;23,5;16,4;14;13,7;62;52;56;24;3,2;1,5;
2023-05-09;1600;0;922,3;1016;923,1;922,3;2783,1;28;26;13,1;26,3;24,6;15,8;12,6;13,7;57;43;45;113;3,9;1;
2023-05-09;1700;0;921,5;1015,2;922,4;921,5;2104;29;25,5;14;26,7;25,4;14,7;12,3;13,5;52;43;49;59;3,5;1,2;
2023-05-09;1800;0;921;1015;921,5;921;1134,4;28;24,7;14,8;26;24,7;14,9;13,3;13,2;54;46;54;22;2,6;1,1;
2023-05-09;1900;0;921;1014,7;921;920,9;1184,6;28;25,5;14,5;26,9;24,5;15,8;13,4;13,8;58;46;51;31;2,3;1,5;
2023-05-09;2000;0;921,1;1015;921,2;920,9;706,2;28;24,8;16,4;25,9;24,8;16,4;13,8;13,1;59;48;59;107;2,3;,4;
2023-05-09;2100;0;921;1016,4;921,2;921;89,1;26;20,5;15,6;24,9;20,5;17;15,5;12,9;74;57;74;169;1;,5;
2023-05-09;2200;0;921,6;1017,4;921,6;921;-3,5;22;19,4;16,2;20,6;19;16,6;15,7;12,8;83;74;82;127;2,7;1;
2023-05-09;2300;0;922;1018,5;922;921,6;-3,5;20;17,6;15,3;19,7;17,6;16,4;15,3;12,8;87;81;86;144;1,8;,9;
2023-05-10;0000;0;922,4;1019,2;922,4;922;-3,5;19;16,7;14,8;17,6;16,7;15,5;14,7;12,8;89;86;88;155;1,8;1,2;
2023-05-10;0100;0;922,6;1019,7;922,7;922,4;-3,5;18;15,9;14,3;16,7;15,8;14,8;14,2;12,8;90;88;90;153;2,4;1,3;
2023-05-10;0200;0;922,2;1019,4;922,6;922,2;-3,5;17;15,6;14;15,9;15,3;14,3;13,8;12,8;91;90;90;148;2,7;1,6;
2023-05-10;0300;0;922;1019,4;922,2;922;-3,5;17;15,1;13,6;15,6;15,1;14;13,6;12,7;91;90;91;153;2,6;1,4;
2023-05-10;0400;0;921,6;1019;922;921,6;-3,5;16;14,9;13,6;15,1;14,7;13,8;13,4;12,7;92;91;92;158;2,3;1,7;
2023-05-10;0500;0;920,9;1018,4;921,6;920,9;-3,5;16;14,4;13,2;15,1;14,4;13,8;13,1;12,7;93;91;92;157;2,2;1,1;
2023-05-10;0600;0;920,1;1017,6;920,9;920,1;-3,5;15;14,2;13,1;14,5;14,1;13,4;13;12,7;93;92;93;161;2,5;1,7;
2023-05-10;0700;0;920;1017,3;920,2;920;-3,5;15;14,6;13,4;14,6;14;13,5;12,8;12,6;93;93;93;138;2,6;1,6;
2023-05-10;0800;0;920,5;1018;920,5;920;-3,4;15;14,3;13,2;14,6;14,1;13,4;12,9;12,6;93;92;93;163;2,5;,8;
2023-05-10;0900;0;921,4;1019,2;921,4;920,5;-3,5;15;13,8;12,8;14,3;13,3;13,2;12,1;12,6;94;93;94;190;1,3;,2;
2023-05-10;1000;0;921,9;1019,7;921,9;921,4;27,8;14;13,9;12,9;14,1;13,4;13,1;12,4;12,6;94;93;94;157;2,4;1,6;
2023-05-10;1100;0;922,6;1019,2;922,7;921,9;461;16;17,4;15,3;17,4;13,9;15,3;12,9;13,5;94;87;87;159;2,4;1,2;
2023-05-10;1200;0;922,7;1018,1;922,9;922,5;1137;19;20,8;16,2;20,8;17,4;16,3;15;13,9;87;75;75;141;2,3;1,1;
2023-05-10;1300;0;923;1017,4;923;922,5;1761,1;22;23,9;15,8;23,9;20,8;16,6;14,9;13,9;75;58;61;60;4,1;1,8;
2023-05-10;1400;0;922,5;1017,1;923;922,5;1349,5;24;23,2;15,8;24,4;22,8;16,3;14,9;13,7;66;56;63;77;4;1,5;
2023-05-10;1500;0;921,7;1016;922,5;921,7;1390,8;25;23,8;16,6;23,8;22,8;16,6;15,3;13,8;66;61;64;55;4,9;1,4;
2023-05-10;1600;0;921,3;1015,4;921,7;921,3;1596,7;26;24,3;16,7;24,4;23,6;16,9;15,1;13,9;64;57;63;90;3,5;1;
2023-05-10;1700;0;920,9;1014,9;921,3;920,9;1516,2;27;24,4;15,1;24,7;23,8;16,4;14,7;13,8;63;55;56;149;3,3;,9;
2023-05-10;1800;0;920,1;1014,1;920,9;920,1;1144,5;27;24,2;14,4;25;24,1;16,1;14,1;13,2;59;53;55;53;2,9;,9;
2023-05-10;1900;0;919,8;1013,9;920,2;919,7;732,9;26;23,8;15,7;24,6;23,8;16;14,3;13,2;61;53;60;129;1,7;,9;
2023-05-10;2000;0;919,5;1013,9;919,8;919,4;426,1;26;22,8;16,6;23,9;22,8;17,1;14,8;13,1;69;56;68;142;1,5;,7;
2023-05-10;2100;0;920,1;1015,4;920,1;919,5;66,5;24;20,5;16;22,8;20,5;17,5;16;12,9;76;68;76;162;1,7;,9;
2023-05-10;2200;0;919,9;1015,9;920,2;919,9;-3,5;21;18,4;16,2;20,4;18,4;17,1;15,9;12,8;87;76;87;128;2,4;,2;
2023-05-10;2300;0;920,3;1016,7;920,4;919,8;-3,5;20;17,4;15,9;18,4;17,2;16,3;15,5;12,8;91;86;91;52;2,3;,4;
2023-05-11;0000;0;920,6;1017,4;920,8;920,3;-3,5;18;16,1;14,6;17,5;16,1;15,9;14,6;12,8;91;89;91;156;1,7;,6;
2023-05-11;0100;0;920,5;1017,5;920,6;920,3;-3,5;17;15,6;14,2;16,5;15,6;15,1;14,2;12,8;92;91;91;122;1,9;,8;
2023-05-11;0200;0;920,4;1017,5;920,5;920,4;-3,5;17;15,3;14,1;15,7;15,2;14,5;14;12,7;93;91;92;150;2,4;,8;
2023-05-11;0300;0;919,7;1016,8;920,4;919,7;-3,5;16;15,2;13,9;15,5;14,9;14,2;13,7;12,7;93;92;92;153;1,6;1,2;
2023-05-11;0400;0;919,5;1016,8;919,8;919,4;-3,5;16;14,5;13,5;15,2;14,5;13,8;13,3;12,7;93;91;93;134;2,6;,6;
2023-05-11;0500;0;919,1;1016,4;919,6;919,1;-3,5;15;14,5;13,4;14,9;14,2;13,9;13,1;12,7;94;93;93;178;1,2;,6;
2023-05-11;0600;0;918,7;1016,1;919,1;918,7;-3,5;15;14,1;13,1;14,5;14,1;13,5;13,1;12,7;94;93;94;148;1,1;,8;
2023-05-11;0700;,2;918,4;1015,8;918,7;918,3;-3,5;15;14;13;14,1;13,4;13;12,4;12,6;94;94;94;182;1,9;,9;
2023-05-11;0800;0;918,6;1016,1;918,6;918,3;-3,5;15;13,8;12,9;14;13,6;13,1;12,7;12,6;94;94;94;173;1,6;,6;
2023-05-11;0900;0;918,9;1016,5;918,9;918,5;-3,5;14;13,4;12,5;14,1;13,4;13,2;12,5;12,6;94;94;94;163;1,3;,9;
2023-05-11;1000;0;919,5;1017,3;919,5;918,9;28,7;14;13,1;12,3;13,6;13,1;12,7;12,2;12,6;94;94;94;158;1,9;1,2;
2023-05-11;1100;0;919,5;1016,3;919,6;919,5;516,5;15;15,8;14,9;15,8;13,1;14,9;12,3;13,7;94;94;94;147;1,9;,9;
2023-05-11;1200;0;919,8;1014,9;919,8;919,5;1327,8;18;21;16,7;21;15,8;16,8;14,9;13,9;94;75;77;30;2;,6;
2023-05-11;1300;0;920,1;1014,6;920,2;919,8;2008,2;22;22,9;17,2;22,9;20,8;17,2;15,8;13,8;76;68;70;324;3,3;1,2;
2023-05-11;1400;0;919,8;1013,5;920,2;919,8;2063,9;25;25,1;17;25,1;22,8;17,4;15,6;13,7;70;59;61;256;5,4;2;
2023-05-11;1500;0;919,4;1013,2;919,9;919,3;1942,7;26;24,6;14,3;25,8;23,5;16,8;14,3;13,6;62;52;53;211;5,6;3,4;
2023-05-11;1600;0;918,9;1012,6;919,4;918,9;2123,9;27;24,9;12,5;26,1;24,5;15,4;12,1;13,4;55;43;46;244;7,9;4,6;
2023-05-11;1700;0;918,2;1011,5;918,9;918,2;2388,7;27;25,8;12,9;27,1;24,8;14,1;12,1;13,2;49;41;45;257;8;4,6;
2023-05-11;1800;0;918,1;1011,4;918,3;918,1;1786,1;28;25,9;12,9;27;25,1;15,1;12,3;13,8;51;41;45;241;8;3,9;
2023-05-11;1900;0;918;1011,7;918,2;917,9;1237;27;24,7;12,9;26,2;24,6;13,7;12,2;13,5;48;42;48;248;7,6;3,5;
2023-05-11;2000;0;918,3;1012,4;918,3;918;462,1;26;23,3;13,6;25,3;23,3;13,6;12;13;54;44;54;229;6,1;2,1;
2023-05-11;2100;0;918,7;1014,1;918,7;918,3;26,6;24;19,8;14;23,3;19,8;14;13,5;12,8;69;54;69;206;3,6;2,1;
2023-05-11;2200;0;919,1;1015;919,1;918,7;-3,5;21;18,4;14,1;20;18,4;14,3;13,8;12,8;76;69;76;49;2,9;,8;
2023-05-11;2300;0;919,8;1016,1;919,8;919,1;-3,5;19;17,3;14,1;18,4;16,8;14,5;13,7;12,8;84;76;82;209;1,7;,4;
2023-05-12;0000;0;920,2;1017;920,2;919,8;-3,5;18;16,2;13,7;18;16,2;14,6;13,4;12,8;86;77;85;62;1,6;,4;
2023-05-12;0100;0;920,4;1017,7;920,4;920,1;-3,5;17;14,9;13,6;16;14,8;14,3;13,2;12,7;92;85;92;195;2;1,6;
2023-05-12;0200;0;920,5;1018;920,5;920,3;-3,5;16;14,1;13;15,5;14;14,3;12,9;12,7;93;92;93;161;2,3;,8;
2023-05-12;0300;0;920,1;1017,7;920,5;920,1;-3,5;15;13,9;12,9;14,6;13,7;13,6;12,7;12,7;94;93;94;183;1,5;,9;
2023-05-12;0400;0;919,9;1017,8;920,1;919,9;-3,5;15;13;12,1;14,2;12,9;13,2;12;12,7;94;94;94;143;1,9;1,2;
2023-05-12;0500;0;919,6;1017,7;919,9;919,6;-3,5;14;12,4;11,5;13;12,2;12,1;11,3;12,7;94;94;94;143;2,1;1,5;
2023-05-12;0600;,2;919,5;1017,7;919,7;919,5;-3,5;13;12;11,1;12,5;11,5;11,7;10,7;12,7;94;94;94;159;2,1;1;
2023-05-12;0700;0;919,2;1017,4;919,6;919,1;-3,5;13;12;11,1;12,3;11,5;11,4;10,7;12,6;95;94;95;173;2,8;1,6;
2023-05-12;0800;0;919,1;1017,7;919,2;919;-3,5;12;10,9;10,1;12;10,8;11,2;10;12,6;95;95;95;167;2,7;,9;
2023-05-12;0900;0;919,4;1018,2;919,4;919,1;-3,5;12;10,3;9,5;11;10,3;10,1;9,5;12,6;95;95;95;156;2,4;1,6;
2023-05-12;1000;0;920;1018,9;920;919,4;25,6;11;10,1;9,3;10,5;9,9;9,7;9,1;12,6;95;95;95;158;2,2;1,1;
2023-05-12;1100;0;920,4;1018,4;920,5;920;558,5;12;12,8;11,1;12,8;10,1;11,4;9,4;13,8;95;90;90;145;2,4;1,1;
2023-05-12;1200;0;920,8;1016,9;920,8;920,4;1338,3;16;18,4;13;18,4;12,8;13,1;11,1;14,1;90;70;71;140;2,4;1,2;
2023-05-12;1300;0;921,2;1015,9;921,2;920,8;2042,7;20;22,4;14,4;22,4;18,4;14,5;12,8;13,9;72;59;60;156;2,8;1;
2023-05-12;1400;0;920,9;1015,2;921,2;920,9;2502,9;24;23,7;12,9;23,7;21,8;14,5;12;13,8;61;50;51;309;2,9;,7;
2023-05-12;1500;0;920,1;1014;920,9;920,1;2813,9;26;24,7;4,8;25,1;23,3;12,7;4,5;13,7;52;27;28;314;5,1;2,1;
2023-05-12;1600;0;919,4;1013,2;920,1;919,4;2754,4;27;24,8;7,9;25,4;24,4;8,7;3,7;13,8;36;24;34;286;5,9;2,9;
2023-05-12;1700;0;919,3;1012,8;919,4;919,2;2622,1;27;25,5;9,9;25,9;24,8;10,8;7,9;13,8;40;33;37;228;7;3,8;
2023-05-12;1800;0;919,2;1013;919,3;919,1;2000,7;27;24,6;5,4;25,5;24,5;9,8;1,8;13,7;38;22;29;211;9,1;4,3;
2023-05-12;1900;0;919,7;1014;919,7;919,2;1297,2;26;23,4;7,4;24,9;23,2;8,2;3,6;13,3;38;25;36;213;7,5;4,6;
2023-05-12;2000;0;919,9;1014,7;920,1;919,7;643,6;25;21,7;9,9;23,4;21,7;9,9;6,8;13,1;47;35;47;238;7,4;1,5;
2023-05-12;2100;0;920,2;1016,6;920,2;919,8;58,2;22;17,3;10,9;21,7;17,3;11,9;9,8;12,9;66;46;66;205;2,4;1,6;
2023-05-12;2200;0;920,3;1017,8;920,5;920,2;-3,5;18;14,1;10,9;17,6;14,1;11,5;10,7;12,8;82;65;82;26;2,5;1,1;
2023-05-12;2300;0;921,3;1019,1;921,3;920,3;-3,5;16;13,5;11;15;13,5;11,6;10,5;12,8;85;79;85;138;1,9;,7;
2023-05-13;0000;0;921,7;1019,7;921,7;921,3;-3,5;14;13,2;10,9;13,8;12,9;11,5;10,4;12,8;88;84;86;191;1,3;,3;
2023-05-13;0100;0;921,6;1020,1;921,7;921,4;-3,5;13;11,9;9,9;14;11,6;11,4;9,3;12,7;89;82;88;241;2,1;,5;
2023-05-13;0200;0;921,8;1020,1;922,1;921,6;-3,5;13;12,3;9,8;13,8;11,8;10,9;9,3;12,7;89;81;85;58;2,7;1,1;
2023-05-13;0300;0;921,8;1020,3;921,8;921,7;-3,5;12;11,9;9,7;12,9;11;10,3;9;12,7;89;82;86;60;2,7;1;
2023-05-13;0400;0;921,5;1020,1;921,8;921,5;-3,5;12;11,4;9;12,4;11,4;10,3;9;12,7;89;84;85;94;2;,5;
2023-05-13;0500;0;921,2;1020,2;921,5;921,2;-3,5;11;10,3;9,1;11,4;10,2;9,5;8,6;12,7;93;85;93;139;1,6;,4;
2023-05-13;0600;0;920,8;1020;921,2;920,8;-3,5;11;9,6;8,6;10,5;9,5;9,3;8,4;12,7;93;92;93;159;1,6;1;
2023-05-13;0700;,2;920,9;1020,2;920,9;920,7;-3,5;10;9,4;8,5;9,7;9,1;8,7;8,2;12,6;94;93;94;189;1,6;,6;
2023-05-13;0800;0;921,1;1020,8;921,1;920,9;-3,5;10;8,4;7,5;10;8,3;9,1;7,4;12,6;94;94;94;159;2,1;1,3;
2023-05-13;0900;0;921,4;1021,2;921,4;921;-3,5;9;8,3;7,4;8,8;8;7,9;7,2;12,5;94;94;94;146;2,1;1,4;
2023-05-13;1000;0;922,1;1022,1;922,1;921,4;29,9;9;7,9;7,1;8,6;7,7;7,7;6,9;12,6;95;94;95;141;2,2;1,1;
2023-05-13;1100;0;922,4;1021,1;922,4;922,1;583,4;10;11,6;10;11,6;7,9;10,1;7,1;13,9;95;90;90;151;2,3;1,1;
2023-05-13;1200;0;922,9;1019,7;922,9;922,4;1350;14;17;11,8;17;11,6;12,2;10;14,1;90;71;71;136;4,2;1,8;
2023-05-13;1300;0;923,1;1019,1;923,2;922,9;2028,4;18;19,4;11,3;19,9;16,9;12,3;11,1;13,9;72;59;60;124;4,7;2;
2023-05-13;1400;0;922,8;1018,3;923,1;922,8;2519,1;21;20,6;9,9;21,1;19,3;11,8;9,7;13,9;61;49;50;144;4,6;1,2;
2023-05-13;1500;0;922;1016,8;922,8;922;2790,7;23;22,6;10,2;22,9;20,5;11,5;9,4;13,9;53;45;45;276;3,9;2,4;
2023-05-13;1600;0;921,2;1015,5;922;921,2;2809,6;25;23,8;9,1;24,2;22,3;11;9;13,8;48;38;39;285;6;3,1;
2023-05-13;1700;0;920,6;1014,8;921,2;920,6;2606,3;26;23,8;6;24,5;23,7;9,4;5,3;13,8;40;30;32;221;6,8;3,7;
2023-05-13;1800;0;920,1;1014,3;920,6;920,1;2165,2;26;23,6;8,8;24,6;23,4;8,9;5,1;13,8;39;30;39;198;6,1;3,3;
2023-05-13;1900;0;920,3;1014,8;920,3;920;1525,8;26;23;6,2;23,9;23;9;5,1;13,9;39;30;34;211;5,9;3,4;
2023-05-13;2000;0;920,7;1015,8;920,7;920,3;745,1;25;21,2;7,9;23;21,2;7,9;5,7;13,2;43;33;42;222;5,7;2,7;
2023-05-13;2100;0;921,2;1017,7;921,2;920,7;82,2;21;17,2;8,6;21,2;17,2;8,6;7,8;12,9;57;42;57;218;4,2;2,8;
2023-05-13;2200;0;921,6;1019,2;921,6;921,2;-3,5;18;14,4;9,3;17,4;14,4;9,7;8,5;12,8;72;56;72;180;3,2;,5;
2023-05-13;2300;0;922,2;1020,1;922,2;921,6;-3,5;15;13,6;9,1;14,3;13,3;9,9;9,1;12,8;78;72;74;160;1,9;,9;
2023-05-14;0000;0;922,7;1021,2;922,7;922,2;-3,5;14;12,2;8,9;13,6;12,1;9,5;8,7;12,8;80;74;80;331;1,4;,3;
2023-05-14;0100;0;922,8;1021,8;922,9;922,7;-3,5;12;10,9;8,1;13;10,7;9,3;7,8;12,7;85;76;83;137;1,5;,2;
2023-05-14;0200;0;923,1;1022,2;923,1;922,8;-3,5;11;10,6;8,3;11,3;10,3;8,9;7,7;12,7;88;82;86;141;1,1;,2;
2023-05-14;0300;0;923,2;1022,6;923,2;923,1;-3,5;10;9,8;7,6;10,6;9,3;8,5;7;12,7;89;83;86;182;1,1;,8;
2023-05-14;0400;0;922,9;1022,7;923,2;922,9;-3,5;10;8,7;7,3;9,9;8,7;8,2;7,3;12,7;92;86;91;143;1,5;1;
2023-05-14;0500;0;922,7;1022,8;922,9;922,7;-3,5;9;7,8;6,7;8,7;7,8;7,5;6,7;12,7;93;91;92;146;2,3;1,3;
2023-05-14;0600;0;922,6;1022,8;922,7;922,5;-3,5;9;7,6;6,6;8,1;7,5;7,1;6,5;12,6;93;92;93;159;2;1,4;
2023-05-14;0700;0;922,4;1022,7;922,6;922,4;-3,5;8;7,1;6,2;7,8;7,1;6,8;6,1;12,6;94;93;94;150;2,2;1,6;
2023-05-14;0800;,2;922,7;1023,1;922,7;922,4;-3,5;8;7,1;6,2;7,2;6,7;6,3;5,9;12,6;94;94;94;155;2,3;1,9;
2023-05-14;0900;0;923,2;1023,8;923,2;922,7;-3,5;8;6,5;5,7;7,2;6,3;6,3;5,5;12,5;94;94;94;138;2,8;1,2;
2023-05-14;1000;0;924;1024,5;924;923,2;27;7;7;6,1;7;6,3;6,1;5,5;12,6;95;94;94;146;2,3;1,4;
2023-05-14;1100;0;924,8;1024,1;924,8;924;607,9;9;10,6;7,9;10,6;7;8,1;6,2;13,9;94;83;83;141;2,5;1,4;
2023-05-14;1200;0;925,2;1022,3;925,2;924,8;1381,6;13;16,8;10,8;16,8;10,6;11;8,1;14,1;85;68;68;156;2,7;1,5;
2023-05-14;1300;0;925,6;1021,3;925,6;925,2;2071,5;18;21;8,2;21,4;16,8;11,1;8,2;13,9;67;44;44;119;3;1,2;
2023-05-14;1400;0;924,8;1019,8;925,6;924,8;2551,9;22;22,6;8,8;22,6;20,8;9,8;7,3;13,8;47;39;41;343;3,5;1,8;
2023-05-14;1500;0;924;1018,7;924,8;924;2827,2;24;23,4;7,6;23,8;22,3;9,5;6,6;13,8;43;34;36;314;5,3;2,1;
2023-05-14;1600;0;923,2;1017,3;924;923,2;2838,2;25;24,8;8,5;24,9;23,3;9;6,6;13,8;39;33;35;313;5,3;1,8;
2023-05-14;1700;0;922,6;1016,6;923,2;922,6;2620,7;26;25,2;6,4;25,5;23,8;8,8;6,1;13,8;37;30;30;297;5,4;2;
2023-05-14;1800;0;922,4;1016,4;922,6;922,3;2169,2;27;25;4,4;25,4;24,5;7,7;3,5;13,7;34;25;26;294;6,3;2,9;
2023-05-14;1900;0;922,2;1016,1;922,4;922,2;1541,2;27;25,1;3,8;25,6;24,6;4,9;1,9;13,7;27;22;25;300;5,3;1,5;
2023-05-14;2000;0;922,5;1017,4;922,5;922,2;746,7;26;22,3;6,6;25;22,3;6,6;2,1;13,1;36;24;36;252;4,1;2,2;
2023-05-14;2100;0;923,1;1019,6;923,1;922,5;79,9;23;17,9;10;22,3;17,9;10,2;7,4;12,9;60;37;60;203;4,2;2,4;
2023-05-14;2200;0;923,6;1021,3;923,6;923,1;-3,5;19;14,6;10,2;17,9;14,6;10,5;9,7;12,8;75;60;75;191;3,8;,6;
2023-05-14;2300;0;924,1;1022,4;924,1;923,6;-3,5;16;13,2;9,6;15,5;13,2;10,3;9,5;12,8;79;70;79;130;3,5;,7;
2023-05-15;0000;0;924,4;1023,1;924,4;924,1;-3,5;14;12,1;9,8;13,2;12,1;10,3;9,2;12,8;86;79;86;161;2,1;1,1;
2023-05-15;0100;0;924,5;1023,6;924,5;924,3;-3,5;13;11;9,4;12,1;10,7;9,8;8,9;12,7;90;84;90;170;2,2;,9;
2023-05-15;0200;0;924,6;1023,4;924,6;924,5;-3,5;12;11,8;8,6;12,2;11;9,9;7,8;12,7;90;79;80;58;2,4;,7;
2023-05-15;0300;0;924,4;1024,1;924,6;924,4;-3,5;11;9,3;7,1;12,8;9,3;8,8;7,1;12,7;88;74;86;152;1,9;,4;
2023-05-15;0400;0;923,9;1023,6;924,4;923,9;-3,5;10;9,2;7,6;9,8;9,2;8,3;7,3;12,7;91;86;90;180;1,7;1;
2023-05-15;0500;0;923,6;1023,7;923,9;923,6;-3,5;10;8,1;7;9,6;8,1;8;6,9;12,7;93;89;93;152;2,2;1,2;
2023-05-15;0600;0;923,4;1023,5;923,6;923,4;-3,5;9;8;6,8;8,6;8;7,5;6,8;12,7;93;92;92;147;2,5;1,5;
2023-05-15;0700;0;923,4;1023,6;923,4;923,3;-3,5;9;7,6;6,6;8;7,6;6,9;6,5;12,6;93;92;93;152;2,2;1,5;
2023-05-15;0800;0;923,5;1023,9;923,5;923,4;-3,5;8;7,3;6,2;7,7;7,2;6,7;6,2;12,6;93;93;93;152;2,5;2;
2023-05-15;0900;,2;923,9;1024,4;923,9;923,4;-3,5;8;7;6;7,4;6,9;6,4;5,9;12,5;94;93;93;158;2,6;1,2;
2023-05-15;1000;0;924,5;1025,2;924,5;923,9;26,1;7;6,7;5,9;7;6,5;6;5,5;12,6;94;93;94;149;2,1;1,2;
2023-05-15;1100;0;924,8;1023,9;924,8;924,5;605,2;9;11,2;8,7;11,2;6,7;8,9;5,9;13,9;94;85;85;144;2,5;1,4;
2023-05-15;1200;0;925,4;1022,7;925,4;924,8;1371,8;13;16,2;10,1;16,2;11,2;10,3;8,4;14,1;85;67;67;144;2,1;1;
2023-05-15;1300;0;925,5;1021,3;925,6;925,4;2059;18;20,7;8,7;20,7;16,2;10,8;7,5;13,9;69;45;46;233;2;,6;
2023-05-15;1400;0;925;1020;925,5;925;2551,8;22;22,8;7,3;22,8;20,7;10,2;7,3;13,9;49;37;37;322;3,2;1,6;
2023-05-15;1500;0;924,1;1018,9;925;924,1;2814,8;24;23,2;7,8;23,7;22,3;8,9;5,9;13,8;41;32;37;358;4,6;2,2;
2023-05-15;1600;0;923,3;1017,6;924,1;923,2;2823,6;26;24,4;7,4;24,6;23;9,4;6,5;13,7;42;32;34;328;5,1;1,8;
2023-05-15;1700;0;922,6;1016,7;923,3;922,6;2603;26;24,9;6,9;25,3;24,2;8,3;5,8;13,8;36;29;32;238;5,4;2;
2023-05-15;1800;0;922,1;1016,2;922,6;922,1;2140;27;24,5;5,2;25,4;24,4;7,8;5,2;13,8;33;29;29;233;6,2;3,1;
2023-05-15;1900;0;922;1016,4;922,1;921,9;1516,4;26;23,8;3,9;24,8;23,7;6,6;3,9;13,9;31;27;27;215;6;3,5;
2023-05-15;2000;0;922,3;1017,4;922,3;921,9;748;25;21,6;4,4;23,9;21,6;4,7;3,4;13,1;32;27;32;225;5,2;3;
2023-05-15;2100;0;922,6;1019,5;922,6;922,3;81,8;22;16,5;6,1;21,6;16,5;6,1;4,3;12,9;50;32;50;215;4,5;2,4;
2023-05-15;2200;0;922,9;1021,2;922,9;922,6;-3,5;17;12,6;7,6;16,9;12,3;8,4;6;12,8;72;50;71;190;2,9;1,2;
2023-05-15;2300;0;923,3;1022,2;923,3;922,9;-3,5;14;11,1;7,7;13,4;11,1;8;7;12,8;80;68;80;172;1,8;1;
2023-05-16;0000;0;923,5;1022,5;923,5;923,3;-3,5;12;11;6,9;11,3;10,2;8;6,9;12,8;83;76;76;179;1,8;,9;
2023-05-16;0100;0;923,7;1023,1;923,8;923,5;-3,5;11;9,9;6,8;10,9;9;7,5;6,4;12,7;86;76;81;160;1,7;1;
2023-05-16;0200;0;923,9;1023,7;923,9;923,7;-3,5;10;8,8;5,9;9,9;8,7;6,9;5,1;12,7;84;76;82;172;1,5;,5;
2023-05-16;0300;0;923,6;1023,6;923,9;923,6;-3,5;9;8,3;5,5;9,3;7,5;6,4;4,7;12,7;86;79;82;220;1,5;,5;
2023-05-16;0400;0;923,1;1023,2;923,6;923,1;-3,5;8;7,9;3,9;10,6;7,6;6;3,8;12,7;82;68;76;204;1;,6;
2023-05-16;0500;0;922,6;1022,7;923,1;922,6;-3,5;8;7,7;4,2;9,2;7,4;4,9;3,8;12,7;82;73;79;151;1,4;,8;
2023-05-16;0600;0;922,2;1022,3;922,6;922,2;-3,5;7;7,6;4,7;7,8;6,9;5,7;4,4;12,6;88;79;82;213;1,3;,3;
2023-05-16;0700;0;922,2;1022,8;922,3;922,1;-3,5;7;6,2;4,1;8,2;6,2;5;4;12,6;89;78;86;180;1,3;,8;
2023-05-16;0800;0;922,2;1023,3;922,3;922,2;-3,5;6;5;4;6,8;4,9;5;3,5;12,6;93;87;93;145;2,1;1,3;
2023-05-16;0900;0;922,4;1023,4;922,4;922,2;-3,5;6;5,2;4,3;5,6;4,9;4,7;4;12,5;94;93;94;144;2,6;1,9;
2023-05-16;1000;0;922,9;1024;922,9;922,4;24,6;6;5,3;4,5;5,5;4,6;4,6;3,7;12,6;94;94;94;177;2,6;,9;
2023-05-16;1100;0;923,4;1023,1;923,4;922,9;586,1;7;9,1;6,1;9,1;5,3;6,3;4,5;14;94;81;81;143;2,3;1,3;
2023-05-16;1200;0;923,7;1021,3;923,7;923,4;1417,1;11;15;7,9;15;9,1;8,6;6;14,2;82;62;62;157;2,3;1,2;
2023-05-16;1300;0;923,8;1019,8;923,9;923,7;2095,9;16;19,5;6,7;20,1;15;8,5;6,3;14;64;42;43;126;4,2;1,8;
2023-05-16;1400;0;923,5;1018,7;923,8;923,5;2593,9;20;21,7;3,4;22,4;19,5;6,3;2,5;13,8;44;29;30;101;4,9;1,3;
2023-05-16;1500;0;922,6;1017,2;923,5;922,6;2846,7;23;23,2;4,3;23,5;21,5;6,1;3,2;13,8;34;27;29;64;4,2;1,2;
2023-05-16;1600;0;921,8;1015,9;922,6;921,8;2867,5;25;24,6;3,7;24,9;23,2;5,6;2,5;13,8;30;24;26;352;4,5;1,7;
2023-05-16;1700;0;921;1014,5;921,8;921;2640,3;27;26;2,1;26,3;24,2;4,3;1;13,8;27;20;21;35;4;1;
2023-05-16;1800;0;920,6;1014,3;921;920,6;2173,5;28;25,5;1,5;26,5;25,2;4,6;1,3;13,8;25;20;21;142;3,3;1;
2023-05-16;1900;0;920,4;1014,1;920,6;920,4;1500,6;28;25,2;5,4;26,8;25,2;5,6;,9;13,8;28;18;28;196;3,7;2;
2023-05-16;2000;0;920,8;1015,5;920,8;920,4;717,8;27;22,4;6;25,2;22,4;6;4,6;13,1;35;26;35;212;5,6;2,9;
2023-05-16;2100;0;921,5;1017,7;921,5;920,8;75,3;23;18,2;7,1;22,4;18,2;7,1;4,7;12,9;48;35;48;101;4,2;,8;
2023-05-16;2200;0;922,1;1019,5;922,1;921,5;-3,5;18;15;6;18,2;15;7,6;5,8;12,8;55;47;55;173;2;,6;
2023-05-16;2300;0;922,5;1020,4;922,5;922,1;-3,5;15;13,8;6,4;15,5;13,3;6,9;6;12,8;62;54;61;32;2,7;1,5;
2023-05-17;0000;0;922,7;1021,2;922,7;922,5;-3,5;14;12;6,2;14,6;11,9;6,8;5,7;12,8;67;58;67;45;3,9;2;
2023-05-17;0100;0;922,7;1021,2;922,8;922,6;-3,5;13;12,1;6,1;13,5;10,9;6,6;5,9;12,7;72;62;67;29;3,9;1,5;
2023-05-17;0200;0;922,7;1021,7;922,7;922,6;-3,5;12;10,7;6,3;12,9;10,7;6,5;5,8;12,7;75;64;74;25;3,2;2;
2023-05-17;0300;0;922,5;1021,2;922,7;922,5;-3,5;11;11,6;7,4;11,6;9,1;7,5;6,1;12,7;83;72;76;31;3,4;,8;
2023-05-17;0400;0;922,3;1021,9;922,5;922,3;-3,5;10;9;6;11,8;8,6;7,3;5,8;12,7;86;72;81;158;1,9;,9;
2023-05-17;0500;0;922,1;1021,9;922,3;922,1;-3,5;9;8,3;6,4;9;7,8;6,7;5,8;12,7;89;81;88;152;2,4;1,8;
2023-05-17;0600;0;921,8;1021,7;922,1;921,8;-3,5;8;8;6,6;8,3;7,2;6,6;5,4;12,6;91;87;91;106;2,4;,4;
2023-05-17;0700;0;921,6;1021,6;921,9;921,6;-3,5;8;7,8;6;8,2;6,8;6,6;5,2;12,6;91;87;88;143;2;1;
2023-05-17;0800;0;921,7;1022,1;921,7;921,5;-3,5;8;6,6;5,2;7,8;6,6;6,1;5;12,6;92;88;91;147;2,7;1,8;
2023-05-17;0900;0;922,3;1022,8;922,3;921,7;-3,5;7;6,5;5,4;7;6,4;5,9;5,1;12,5;93;91;93;157;2,7;1,2;
2023-05-17;1000;0;922,9;1022,6;922,9;922,3;23,3;7;8,8;6,6;8,8;6;6,6;4,9;12,6;93;86;86;151;2,8;1,9;
2023-05-17;1100;0;923,2;1021,5;923,2;922,9;578,9;9;12,8;7,3;12,8;8,8;7,5;6,2;13,9;86;69;69;138;3,6;2,1;
2023-05-17;1200;0;923,7;1020,6;923,7;923,2;1396,4;14;16,8;8,2;16,8;12,8;8,9;7,3;14,1;71;57;57;124;4,8;2;
2023-05-17;1300;0;923,8;1020;923,9;923,7;2072,2;18;19;7,8;19,4;16,6;8,8;7,5;14;58;47;48;118;5,3;2,4;
2023-05-17;1400;0;923,3;1018,5;923,8;923,3;2564,4;21;21,7;7,5;21,8;19;8,5;7;13,9;49;39;40;99;6,2;1,9;
2023-05-17;1500;0;922,5;1016,9;923,3;922,5;2828;23;23,8;7,1;23,8;21,4;9,2;6,1;13,9;42;33;34;72;4,4;1,6;
2023-05-17;1600;0;921,5;1015,6;922,5;921,5;2837,1;25;24,3;7,8;24,5;23,1;8,1;6,3;13,8;38;32;35;134;5,3;1,8;
2023-05-17;1700;0;920,7;1014,4;921,6;920,7;2595,5;27;25,5;6,8;25,9;23,5;9;6,2;13,7;36;30;30;73;5,3;1,4;
2023-05-17;1800;0;920,1;1013,6;920,7;920,1;2141,8;28;25,7;5,9;26,2;25;8,2;5,8;13,8;33;28;28;81;4,1;1,2;
2023-05-17;1900;0;920;1013,6;920,1;920;1480,1;28;25,5;7,6;26,7;25,5;8,4;5,6;13,8;34;27;32;43;3,3;1,6;
2023-05-17;2000;0;920,5;1015;920,5;920;692,3;28;22,9;10,5;25,7;22,8;11,3;7,7;13,1;48;32;46;145;3,4;,6;
2023-05-17;2100;0;921;1017,1;921;920,5;66,9;23;18,3;10,2;22,9;17,8;11,8;9,9;12,9;61;45;60;160;1,6;1;
2023-05-17;2200;0;921,6;1018,7;921,6;921;-3,5;19;15,7;11,1;18,3;15,4;11,6;10;12,8;75;60;74;151;3,1;2;
2023-05-17;2300;0;922,5;1020,6;922,5;921,6;-3,5;16;13,2;9,6;15,7;13,2;11;9,5;12,8;79;73;79;131;2,7;,8;
2023-05-18;0000;0;923,2;1021,5;923,2;922,5;-3,5;14;12,8;8,1;14,1;12,4;9,7;7,8;12,8;79;72;73;175;1,9;,9;
2023-05-18;0100;0;923,2;1022,2;923,3;923,1;-3,5;13;11;8;13;10,9;9;7,6;12,7;85;72;82;153;1,8;,9;
2023-05-18;0200;0;923,4;1022,9;923,4;923,2;-3,5;11;9,7;7,5;11;9,7;8,4;7,4;12,7;87;82;86;147;1,8;1,2;
2023-05-18;0300;0;923;1022,5;923,4;923;-3,5;10;9,4;7,5;10,1;9;7,9;6,9;12,7;89;85;88;151;2,9;1,9;
2023-05-18;0400;0;922,7;1022,5;923;922,7;-3,5;10;8,7;7,4;9,6;8,5;7,9;7;12,7;92;88;92;156;2,8;1,3;
2023-05-18;0500;0;922,4;1021,9;922,7;922,4;-3,5;10;9,3;7,5;9,4;8,7;7,9;7,3;12,7;92;88;89;151;3,4;1,8;
2023-05-18;0600;0;922,8;1022,3;922,8;922,4;-3,5;10;9,4;7,6;9,5;8,3;7,7;6,2;12,6;89;87;88;129;3,2;,8;
2023-05-18;0700;0;922,5;1021,5;922,9;922,5;-3,5;10;10,8;7,1;11,3;9,4;7,8;7;12,6;88;76;78;146;3,1;1,6;
2023-05-18;0800;0;922,7;1021,6;922,7;922,4;-3,5;10;10,9;7,9;11,1;10,4;8;7,1;12,6;83;78;82;144;4,1;2,3;
2023-05-18;0900;0;922,8;1021,6;922,8;922,6;-3,5;11;11,3;8,1;11,6;10,6;8,2;7,8;12,6;83;79;81;136;4,6;2,1;
2023-05-18;1000;,2;923,8;1022,6;923,8;922,8;21,7;11;11,5;8,4;11,7;11,2;8,4;8,1;12,6;81;80;81;140;4,8;2,1;
2023-05-18;1100;0;924,3;1022,1;924,3;923,8;573,4;12;14,4;9,8;14,4;11,4;9,9;8,4;13,9;82;74;74;136;4,4;2,1;
2023-05-18;1200;0;924,8;1021,7;924,8;924,3;1372,8;16;17,3;10;17,3;14,4;10,6;9,8;14;74;63;63;135;7;2,7;
2023-05-18;1300;0;924,9;1020,9;925;924,8;2045,6;19;19,7;10;19,9;17,2;10,7;9,8;13,9;64;53;54;124;6;2,3;
2023-05-18;1400;0;924,5;1019,8;925,1;924,5;2539,7;22;21,8;10;22,2;19,7;10,7;9,5;13,8;55;45;47;110;5,2;2,2;
2023-05-18;1500;0;924,2;1018,6;924,5;924,2;2810,8;24;24,3;7,6;24,3;21,5;10,6;7,2;13,8;48;33;34;120;5,8;1,4;
2023-05-18;1600;0;923,4;1017,4;924,2;923,4;2806,3;26;25,4;7,5;25,4;23,4;7,8;5,7;13,7;36;31;32;280;3,8;1,1;
2023-05-18;1700;0;922,5;1016,1;923,4;922,5;2560,8;27;26,1;8,4;26,2;24,8;8,7;6,3;13,8;35;30;33;197;3,3;1;
2023-05-18;1800;0;922,3;1016;922,5;922,3;2096,1;28;25,9;8,4;26,6;25,6;9,1;7,5;13,7;34;30;33;130;4,5;1,3;
2023-05-18;1900;0;922,2;1015,8;922,3;922,1;1456,4;29;26,3;6,6;27,7;25,9;9;6,3;13,7;34;27;28;293;3,5;1,5;
2023-05-18;2000;0;922,3;1016,8;922,3;922,2;691,4;28;23,5;11;26,5;23,5;11;5,9;13,1;45;28;45;211;4,7;2,9;
2023-05-18;2100;0;922,7;1018,8;922,7;922,3;69,7;24;18,9;9,2;23,5;18,9;10,9;9,2;12,9;55;44;53;174;4,3;1;
2023-05-18;2200;0;923,2;1019,9;923,2;922,7;-3,5;20;17,4;10,2;18,9;17,3;10,2;9,2;12,8;63;53;62;164;2,7;1,4;
2023-05-18;2300;0;923,8;1021,3;923,8;923,2;-3,5;18;15,2;10;17,5;15,2;10,4;10;12,8;71;62;71;168;2,1;,8;
2023-05-19;0000;0;924,1;1022,1;924,2;923,8;-3,5;15;13,8;10;15,2;13,3;10,4;9,9;12,8;82;71;78;168;1,6;,9;
2023-05-19;0100;0;924,1;1022,6;924,1;924;-3,5;14;12,4;9,1;13,8;12,4;10;8,9;12,8;80;76;80;160;1,3;,7;
2023-05-19;0200;0;923,9;1023,1;924,2;923,9;-3,5;13;10,6;8,9;12,6;10,6;9,9;8,7;12,7;89;80;89;134;1,8;,7;
2023-05-19;0300;0;923,4;1022,5;923,9;923,4;-3,5;12;10,6;9,1;10,7;10,1;9,3;8,5;12,7;92;89;91;150;2,8;1,9;
2023-05-19;0400;0;923;1022,5;923,5;923;-3,5;11;9,6;8,3;10,5;9,6;9;8,1;12,7;92;90;92;160;2,8;1,3;
2023-05-19;0500;0;922,8;1022,4;923;922,8;-3,5;10;9,2;8;9,7;9;8,4;7,8;12,7;93;92;93;162;1,9;1,4;
2023-05-19;0600;0;922,5;1022,5;922,9;922,5;-3,5;10;8,1;7;9,2;8,1;8,1;7;12,7;93;92;93;158;1,9;1;
2023-05-19;0700;0;922,2;1021,9;922,5;922,2;-3,5;9;8,8;7,8;8,9;8,1;7,9;7;12,6;94;93;94;154;2,5;1,9;
2023-05-19;0800;0;922,5;1022,2;922,5;922,2;-3,5;10;8,7;7,4;9,7;8,7;8,5;7,4;12,6;94;90;91;153;3,2;2,1;
2023-05-19;0900;0;922,7;1022,2;922,7;922,4;-3,5;10;9,5;7,7;9,7;8,7;8,3;7,4;12,6;92;88;89;154;3,2;1,9;
2023-05-19;1000;0;923,5;1023;923,5;922,7;22;10;9,5;7,8;9,7;9,2;8,1;7,4;12,6;90;88;89;158;3,3;2;
2023-05-19;1100;,2;924,2;1022,5;924,2;923,5;540,5;11;13,2;9,7;13,2;9,5;9,7;7,8;13,9;90;79;79;145;3,5;2;
2023-05-19;1200;0;924,7;1021,4;924,7;924,2;1357,1;15;17,7;12;17,7;13,2;12,1;9,7;14;80;69;69;139;4,5;2,2;
2023-05-19;1300;0;924,7;1020,5;924,8;924,7;2030,4;19;20,4;11,5;20,9;17,7;12,5;11,1;13,9;69;56;57;113;4,5;1,7;
2023-05-19;1400;0;924,4;1019,5;924,7;924,4;2516,4;22;22,4;11,5;22,4;20,4;12,4;11,1;13,8;58;49;50;116;4,8;1,7;
2023-05-19;1500;0;923,6;1018,2;924,4;923,6;2766,2;24;23,6;11,5;23,7;21,9;12,3;10,4;13,9;52;46;47;120;5,1;1,7;
2023-05-19;1600;0;922,7;1017;923,6;922,7;2795,6;25;24,2;10,4;24,2;23,1;11,5;8,9;13,9;47;39;42;139;4,5;1,6;
2023-05-19;1700;0;921,9;1015,9;922,8;921,8;2587,8;27;24,8;6,7;25,3;24,1;10,2;6,1;13,7;42;30;31;133;4,2;1,5;
2023-05-19;1800;0;921,2;1014,8;921,9;921,2;2139,1;28;25,8;7;26,1;24,7;7,7;3,6;13,7;32;24;30;124;3,2;1,2;
2023-05-19;1900;0;921,2;1014,9;921,3;921,2;1477,9;28;25,6;7,6;26,9;25,4;9;6;13,8;34;29;32;45;2,6;1,1;
2023-05-19;2000;0;921,5;1015,7;921,5;921,2;681,6;28;24;9,8;25,6;24;11,7;7;13,1;44;31;41;343;2,5;,3;
2023-05-19;2100;0;921,7;1017,4;921,7;921,5;64,8;24;19,6;10,5;24;19,6;11;9,6;12,9;56;40;56;135;2,4;1,3;
2023-05-19;2200;0;922,2;1019,2;922,2;921,7;-3,5;20;16,1;11,7;19,6;16,1;11,9;10,4;12,8;75;56;75;146;2,8;2;
2023-05-19;2300;0;922,2;1019,8;922,2;922,1;-3,5;17;14,5;11,5;16,1;14,5;11,9;11,5;12,8;82;75;82;147;3;2;
2023-05-20;0000;0;922,4;1020,5;922,5;922,2;-3,5;16;13;10,7;14,5;13;11,4;10,7;12,8;85;82;85;152;3,6;1,9;
2023-05-20;0100;0;922,8;1021,1;922,8;922,4;-3,5;14;12,8;10,7;13,4;12,6;11;10,5;12,8;87;85;87;152;3,1;1,9;
2023-05-20;0200;0;922,9;1021,4;922,9;922,8;-3,5;13;12,3;10,1;12,8;11,8;10,6;10;12,7;89;86;86;140;3,1;1,7;
2023-05-20;0300;0;922,8;1021,3;922,9;922,7;-3,5;13;12,1;9,7;12,9;11,9;10,5;9,6;12,7;87;84;85;135;2,7;1,2;
2023-05-20;0400;0;922,7;1021,6;922,9;922,7;-3,5;12;11,1;9;12,3;11;9,9;8,9;12,7;87;84;87;153;3,2;1,8;
2023-05-20;0500;0;922,3;1021,1;922,7;922,3;-3,5;12;11,3;8,4;12,1;11,1;9,6;8,4;12,7;87;81;83;154;2,9;1,6;
2023-05-20;0600;0;922;1020,9;922,3;922;-3,5;11;10,7;8,4;11,3;10,2;8,8;7,8;12,7;87;83;85;149;2,6;1,4;
2023-05-20;0700;0;921,9;1020,9;922,2;921,9;-3,5;11;10,4;8,5;11,5;9,9;9,1;8,1;12,6;90;84;88;116;2,9;1,6;
2023-05-20;0800;0;922,3;1021,4;922,3;921,9;-3,5;10;10,4;8,5;10,7;9,1;9;7,4;12,6;91;87;88;153;2,8;1,7;
2023-05-20;0900;0;923;1022;923;922,3;-3,5;11;10,7;8,4;11,5;10,4;9,1;8,4;12,6;89;84;86;173;2,6;,9;
2023-05-20;1000;,2;923,5;1022,6;923,5;923;23,5;10;10,6;8,6;10,7;10,1;8,7;8,2;12,6;89;86;87;144;3,5;1,2;
2023-05-20;1100;0;923,8;1021,9;923,8;923,5;608,5;12;13,6;9,8;13,6;10,5;9,9;8,5;13,9;88;78;78;131;5,1;2,3;
2023-05-20;1200;0;924,5;1021,4;924,5;923,8;1339,7;15;17,1;10,5;17,1;13,6;10,5;9,6;14,1;78;63;65;112;6,2;2,6;
2023-05-20;1300;0;924,7;1020,7;924,7;924,5;2035,9;19;19,8;10;19,8;17;11,3;9,7;14;66;53;53;94;6,3;2;
2023-05-20;1400;0;924,2;1019,6;924,7;924,2;2523,2;21;21,5;10,7;21,9;19,4;10,9;9,3;13,9;55;47;50;56;6,3;2,2;
2023-05-20;1500;0;923,5;1018,4;924,2;923,5;2781,3;23;22,6;9;22,8;21,1;10,9;8,8;13,9;50;42;42;49;6,7;2,5;
2023-05-20;1600;0;922,5;1017,3;923,5;922,5;2801,3;24;22,7;8,1;23,2;21,8;10,6;7,4;13,8;46;38;39;74;6,2;1,7;
2023-05-20;1700;0;921,6;1016;922,5;921,6;2589,7;26;23,6;6,6;24;22,4;9,5;5,9;13,9;43;32;34;22;4,8;1,5;
2023-05-20;1800;0;921,1;1015,4;921,6;921;2118,8;27;23,7;6,7;24,8;23,4;8,4;6;13,7;38;31;34;114;3,6;1,3;
2023-05-20;1900;0;920,6;1014,9;921,1;920,6;1466,8;27;23,4;7,6;24,1;23,3;8,7;6,6;13,8;39;33;36;123;3,3;1,2;
2023-05-20;2000;0;920,7;1016;920,7;920,5;568;26;20,6;8,2;23,4;20,6;9,9;6,8;13;47;35;45;136;2,8;,6;
2023-05-20;2100;0;920,7;1017,4;920,9;920,7;28,3;21;16,6;9,2;20,6;16,6;10,1;8,3;12,8;62;45;62;145;1,8;,8;
2023-05-20;2200;0;921,2;1018,8;921,2;920,7;-3,5;17;14,2;10;16,6;14,2;10,1;9,3;12,8;76;62;76;145;3,2;2,5;
2023-05-20;2300;0;921,7;1019,9;921,7;921,2;-3,5;15;12,6;9,5;14,2;12,6;9,9;9,5;12,8;81;76;81;159;3,5;2,2;
2023-05-21;0000;0;922,3;1020,8;922,3;921,7;-3,5;14;11,9;8,9;13,9;11,9;9,5;8,9;12,8;82;73;82;151;3,9;1,8;
2023-05-21;0100;0;922,6;1021,1;922,7;922,3;-3,5;13;12,1;8,6;13,3;11,9;9,3;8,6;12,7;83;74;79;147;2,9;1,7;
2023-05-21;0200;0;922,8;1021,6;922,9;922,6;-3,5;13;11,3;8;12,2;11,2;8,7;8;12,7;81;79;80;150;3,2;2;
2023-05-21;0300;0;922,3;1021,3;922,8;922,3;-3,5;12;10,7;7,9;11,4;10,7;8,3;7,9;12,7;83;80;83;146;3,6;2;
2023-05-21;0400;0;921,8;1020,8;922,4;921,8;-3,5;11;10,5;7,9;11,3;10,3;8,4;7,7;12,7;85;81;84;150;3,3;1,7;
2023-05-21;0500;0;921,3;1020,1;921,8;921,3;-3,5;11;10,8;7,8;12;10,4;8,4;7,5;12,7;85;77;82;152;3,5;2,1;
2023-05-21;0600;0;920,9;1019,5;921,3;920,9;-3,5;11;11,4;7,9;12;10,8;8,2;7,7;12,6;82;76;79;148;3,9;2,1;
2023-05-21;0700;0;920,6;1019;920,9;920,5;-3,5;12;11,7;7,9;12,1;11,1;8,1;7,7;12,6;80;76;78;145;4,1;2;
2023-05-21;0800;0;920,7;1019;920,7;920,5;-3,5;12;12;8,2;12,1;11,6;8,2;8;12,6;79;77;78;151;3,4;2;
2023-05-21;0900;0;921;1019,6;921;920,7;-3,5;12;11,4;8,1;12,2;11,1;8,3;7,9;12,5;81;77;80;150;3,1;1,7;
2023-05-21;1000;0;921,7;1020,3;921,7;921;45,9;11;11,4;8,2;11,4;10,6;8,2;7,8;12,7;83;80;81;146;3,5;1,7;
2023-05-21;1100;0;922,1;1020,4;922,2;921,7;273,6;12;12,6;9;12,6;11,4;9;8,2;13,2;81;78;79;129;3,8;1,5;
2023-05-21;1200;0;922,8;1019,3;922,8;922,1;1280;15;17,8;10,5;18;12,6;11,5;9;14;79;60;62;66;5,6;2,5;
2023-05-21;1300;0;923,3;1019,2;923,3;922,8;1686,9;18;19,5;10,6;19,5;16,9;11,2;9,9;13,9;66;56;56;85;6;1,9;
2023-05-21;1400;0;923,1;1018,5;923,6;923;2476,2;21;20,9;9,4;21,2;19,3;10,8;9,3;13,9;57;47;48;69;5,4;2,5;
2023-05-21;1500;0;922,1;1016,9;923,1;922,1;2731,9;23;22,4;8,6;22,8;20,7;10,7;8,5;13,8;50;40;41;59;6,3;2,3;
2023-05-21;1600;0;921,3;1016;922,2;921,3;2758,2;24;22,6;8,4;23,3;22;9,7;7,9;13,8;44;39;40;65;5,9;2,4;
2023-05-21;1700;0;920,7;1015,2;921,4;920,7;2445,7;26;23,1;7,4;23,7;22;9,3;6,2;13,5;42;34;36;66;6;1,6;
2023-05-21;1800;0;920,3;1014,6;920,7;920,2;1960,9;26;23,4;7,1;23,9;22,4;8,9;6,2;13,8;42;33;35;25;4,9;2,5;
2023-05-21;1900;0;920,2;1014,7;920,3;920,1;1251,4;26;22,9;8,1;23,8;22,7;9;5,9;13,8;41;33;39;120;5;1,1;
2023-05-21;2000;0;920,5;1015,7;920,5;920,2;632,3;25;20,9;9,8;22,9;20,9;10,1;8,2;13;49;39;49;134;4;,9;
2023-05-21;2100;0;920,8;1016,9;920,8;920,5;32,4;22;18,2;9,6;20,9;18,2;10,1;9,6;12,8;58;49;58;158;2,5;1,7;
2023-05-21;2200;0;921,3;1018,5;921,3;920,8;-3,5;19;15,2;10,4;18,2;15,1;10,4;9,6;12,8;73;58;73;152;3,3;1,8;
2023-05-21;2300;0;921,6;1018,6;921,6;921,2;-3,5;17;15,9;9,7;16;15,1;10,4;9,6;12,8;73;66;67;146;4,3;2,1;
2023-05-22;0000;0;922;1019;922;921,6;-3,5;17;16;9,4;16;15,6;9,7;9,4;12,8;67;65;65;146;4,4;2;
2023-05-22;0100;0;922;1019,1;922,2;921,9;-3,5;16;15,7;9;16,4;15,3;9,4;9;12,8;66;63;64;143;4,1;1,8;
2023-05-22;0200;0;921,9;1019,1;922,1;921,9;-3,5;16;15,4;9;15,8;15;9,1;8,8;12,7;67;64;66;134;3,9;1,4;
2023-05-22;0300;0;921,7;1019,2;922;921,7;-3,5;15;14,6;8,9;15,7;13,7;9,2;8,6;12,7;74;63;68;139;3,6;1;
2023-05-22;0400;0;921,8;1020,1;921,9;921,7;-3,5;15;12,5;8,7;14,8;12,5;8,9;8,6;12,7;78;68;78;144;2,6;1,8;
2023-05-22;0500;0;921,7;1020,7;921,9;921,7;-3,5;13;10,5;8,3;12,6;10,4;8,9;8,2;12,7;86;78;86;190;2,8;1,1;
2023-05-22;0600;0;921,7;1020,8;921,7;921,4;-3,5;12;10,1;8,3;10,8;9,9;8,6;7,8;12,7;88;85;88;146;2,4;1,3;
2023-05-22;0700;0;921,7;1021;921,8;921,7;-3,5;11;9,7;8;10,1;9,3;8,3;7,5;12,6;90;88;89;154;2,3;1,7;
2023-05-22;0800;0;922,2;1021,7;922,2;921,7;-3,5;10;9,2;7,7;9,9;9;8,1;7,3;12,6;91;88;90;161;2,5;1,3;
2023-05-22;0900;0;923,2;1022,7;923,2;922,2;-3,2;10;9,5;8,1;9,6;8,7;8,3;7,2;12,6;92;90;91;127;2,2;1,2;
2023-05-22;1000;0;923,6;1022,6;923,6;923,2;27,9;10;10,9;8,9;10,9;9;9;7,6;12,6;92;87;87;150;3,5;2,2;
2023-05-22;1100;0;924,2;1022,1;924,2;923,6;382,8;12;14,3;9,4;14,3;10,9;9,6;8,3;13,6;87;73;73;143;4,6;2,2;
2023-05-22;1200;0;924,9;1021,5;924,9;924,2;1168;16;18;11,3;18;14,3;11,3;9,5;14,1;74;62;65;126;4,8;1,8;
2023-05-22;1300;0;924,9;1020,5;925,1;924,8;1908,4;20;21;11;21,4;18;11,7;10,7;13,8;65;52;53;78;4,7;1,9;
2023-05-22;1400;0;924,4;1019,4;924,9;924,4;2278,7;22;22,6;11,4;22,6;20,9;11,8;10,4;13,8;54;48;49;58;7;2,4;
2023-05-22;1500;0;923,6;1018,6;924,4;923,6;2411,5;24;22,4;9,5;23,4;22;12,1;9,5;13,9;51;42;44;74;6,5;2,4;
2023-05-22;1600;0;922,9;1017,7;923,6;922,9;2436,6;25;22,7;9;24,4;22,4;11,2;8,1;13,8;47;39;41;58;6;2,8;
2023-05-22;1700;0;922;1016,4;922,9;921,9;2047;26;23,7;8,9;24,3;22,5;10,3;8,3;13,8;44;36;39;61;6,8;2,7;
2023-05-22;1800;0;921,9;1016,5;922;921,7;1383,1;26;22,9;9,2;24,1;22,6;10;8,4;13,9;43;38;42;48;6,6;2,2;
2023-05-22;1900;0;921,6;1016,2;921,9;921,4;1404;26;23;9,9;24,1;22,5;10,7;8,1;13,9;45;37;44;93;6,3;1,4;
2023-05-22;2000;0;922,2;1017,6;922,2;921,6;522,1;25;20,7;10,4;23,1;20,7;10,9;9,7;13;52;44;52;193;4,6;,7;
2023-05-22;2100;0;922,5;1019;922,5;922,1;39,9;21;17,6;11,4;20,6;17,6;11,7;10,2;12,8;67;52;67;145;2,5;1,1;
2023-05-22;2200;0;923;1020,1;923;922,5;-3,5;19;16,2;10,5;17,6;16,2;11,4;10,5;12,8;69;66;69;154;3,1;2,1;
2023-05-22;2300;0;923,6;1021;923,6;923;-3,5;18;15,3;10,5;16,9;15,3;10,5;10,2;12,8;73;65;73;154;3,6;1,8;
2023-05-23;0000;0;923,7;1021,3;923,8;923,6;-3,5;17;15;10,2;15,7;15;10,5;10,1;12,8;73;70;73;154;3,4;1,9;
2023-05-23;0100;0;924;1021,5;924;923,7;-3,5;16;15,2;10;15,4;14,6;10,2;9,9;12,8;74;71;71;157;3,2;1,6;
2023-05-23;0200;0;924,1;1021,8;924,2;924;-3,5;15;14,8;9,9;15,4;13,6;10,1;9,7;12,7;78;70;72;149;3,3;1,5;
2023-05-23;0300;0;924,2;1022;924,3;924;-3,5;15;14,5;9,5;15,3;14,4;9,8;9,5;12,7;73;69;72;154;3,6;1,7;
2023-05-23;0400;0;924,1;1022,5;924,2;924;-3,5;15;12,8;9,2;14,7;12,8;9,7;9,1;12,7;79;71;79;148;3,2;1,4;
2023-05-23;0500;0;923,7;1022,2;924,1;923,7;-3,5;14;12,3;9,5;13,5;12,3;9,8;9,2;12,7;83;78;83;144;3,1;1,8;
2023-05-23;0600;0;923,5;1022,2;923,8;923,5;-3,5;13;11,7;9,4;12,4;11,6;9,6;9,1;12,7;86;83;86;148;3;2,2;
2023-05-23;0700;0;923;1021,8;923,5;923;-3,5;12;11,4;9,2;11,9;11,3;9,6;9,1;12,6;87;85;86;152;3,3;2,2;
2023-05-23;0800;0;923,3;1021,6;923,3;923;-3,5;12;12,8;9,8;12,8;11,1;9,8;8,9;12,6;87;82;82;159;3,3;2,3;
2023-05-23;0900;0;923,9;1022,3;923,9;923,3;-3,5;12;12,7;9,9;13;11,9;9,9;9,1;12,6;84;80;83;152;3,4;2;
2023-05-23;1000;0;924,6;1023,1;924,6;923,9;18,3;12;12,8;9,8;12,8;11,7;9,9;9,1;12,6;85;82;82;154;3,7;2,2;
2023-05-23;1100;0;925,2;1023;925,2;924,6;525;13;14,7;10,8;14,7;11,6;10,9;9,1;13,8;86;77;78;148;3,9;1,8;
2023-05-23;1200;0;925,6;1022;925,6;925,1;1277,3;17;18,8;11,5;19;14,7;12,2;10,9;14;78;62;63;131;3,7;1,6;
2023-05-23;1300;0;925,7;1021,4;925,9;925,6;1929,3;21;21;10,8;21,7;18,8;12,7;10,7;13,9;64;51;52;105;5,8;1,8;
2023-05-23;1400;0;925,5;1020,6;925,8;925,4;2408,5;23;22,8;10,3;22,9;21;12,1;9,8;13,9;53;45;45;74;5,9;2,1;
2023-05-23;1500;0;924,7;1019,5;925,5;924,7;2749,5;25;23,4;10,2;23,9;22,3;10,6;8,4;13,8;47;39;43;81;7,3;2,3;
2023-05-23;1600;0;923,8;1018,4;924,8;923,8;2339,9;26;23,5;9,5;24,3;21,9;11,5;9,1;13,8;48;40;41;80;6,9;1,8;
2023-05-23;1700;0;923,1;1017,4;923,8;923,1;2459,9;27;24,3;9,5;24,5;22,6;10,8;8,8;13,9;46;38;39;72;5,1;2,1;
2023-05-23;1800;0;922,7;1017,2;923,1;922,6;1715,3;27;23,6;8,5;24,6;23,1;10,3;8,4;13,3;43;37;38;73;5,4;2,3;
2023-05-23;1900;0;922,5;1016,9;922,7;922,4;1435,9;27;23,7;9,6;24,5;23,1;10,2;8,5;13,8;42;37;41;95;5,4;1,5;
2023-05-23;2000;0;922,7;1018;922,7;922,4;553;26;21,3;10,8;23,8;21,3;10,9;9,2;13;51;40;51;138;4,1;,4;
2023-05-23;2100;0;922,9;1019,2;922,9;922,6;44,4;23;18,4;10,4;21,3;18,4;11,3;10,3;12,9;60;51;60;159;2;,7;
2023-05-23;2200;0;923,2;1020,4;923,2;922,9;-3,5;19;15,8;11,6;18,3;15,5;11,7;10,4;12,8;76;60;76;143;2,3;1,3;
2023-05-23;2300;0;923,4;1021,3;923,5;923,2;-3,5;16;14;10,9;15,8;13,8;11,7;10,4;12,8;83;76;82;139;1,9;,9;
2023-05-24;0000;0;923,6;1021,8;923,6;923,4;-3,5;15;13,1;10,5;14,2;12,6;11;10,2;12,8;86;80;84;161;2,2;1,4;
2023-05-24;0100;0;923,8;1022,3;923,8;923,6;-3,5;14;12,4;10,2;13,1;12,1;10,5;9,8;12,8;87;83;86;155;2,1;1,2;
2023-05-24;0200;0;923,9;1022,8;924;923,8;-3,5;13;11,4;9,6;12,6;11,4;10,3;9,3;12,7;89;84;89;147;2,4;1,6;
2023-05-24;0300;0;923,8;1022,9;923,9;923,8;-3,5;12;10,8;9,4;11,4;10,8;9,8;9,3;12,7;91;89;91;150;2,7;2;
2023-05-24;0400;0;923,7;1022,8;923,9;923,7;-3,5;12;10,8;9,2;11,4;10,8;9,9;9,2;12,7;91;89;90;145;2,7;1,3;
2023-05-24;0500;0;923,6;1022,7;923,8;923,5;-3,5;12;10,6;9,2;11,6;10,4;10,1;8,9;12,7;92;88;91;155;2,2;1,5;
2023-05-24;0600;0;923;1022;923,6;923;-3,5;11;10,8;9,6;10,8;10,1;9,7;8,8;12,7;93;91;92;148;2,3;1,9;
2023-05-24;0700;0;923,1;1022,3;923,1;923;-3,5;11;10,3;9,2;11;9,9;9,7;8,7;12,6;93;91;93;133;2,3;1,6;
2023-05-24;0800;0;923,2;1022,3;923,3;923,1;-3,5;11;10,5;9,5;10,6;9,9;9,6;8,8;12,6;94;93;94;142;2,6;1,3;
2023-05-24;0900;0;923,5;1022,8;923,5;923,2;-3,5;11;10,1;9,1;10,6;10;9,6;9;12,6;94;93;94;167;2,4;1,8;
2023-05-24;1000;0;923,8;1022,6;923,8;923,5;22,1;11;11,7;10,6;11,7;10,1;10,6;9,2;12,6;94;93;93;147;2,9;1,6;
2023-05-24;1100;,2;924,2;1022,1;924,2;923,7;389,3;13;14,1;11,9;14,1;11,7;11,9;10,7;13,3;93;85;87;131;3,5;1,1;
2023-05-24;1200;0;924,8;1021,2;924,8;924,2;1215,1;16;18,6;13,7;18,6;14,1;14;12;14,1;87;72;73;88;5,7;2,1;
2023-05-24;1300;0;924,8;1020,5;925;924,8;1909,4;19;20,6;13,7;20,6;18,3;13,9;13;13,9;73;64;64;71;7,7;2,7;
2023-05-24;1400;0;924,3;1019,4;924,8;924,3;2348,1;22;22,3;13,3;22,3;20,3;14,2;12,8;13,7;65;57;57;67;8,2;3,1;
2023-05-24;1500;0;923,6;1018,4;924,3;923,6;2383;24;23;12,6;23,5;21,7;13,9;12;13,5;58;51;52;56;8,8;2,6;
2023-05-24;1600;0;922,9;1017,1;923,7;922,9;2967,5;25;24,7;12,2;24,9;22,7;13,1;11;13,8;53;44;46;76;10,7;2,6;
2023-05-24;1700;0;922,2;1016,5;922,9;922,2;2329,3;26;24;11,8;24,9;23,3;12,7;11,3;13,5;49;44;46;108;7,8;2,4;
2023-05-24;1800;0;922;1016,2;922,2;921,9;1868,2;26;24,2;11,4;24,6;22,9;12,4;10,4;13,2;50;42;45;110;8,5;2,3;
2023-05-24;1900;0;921,7;1016,1;922;921,7;1404,5;27;23,7;10,8;24,8;22,6;11,9;9,9;13,8;49;41;44;44;7,3;2,8;
2023-05-24;2000;0;921,6;1016,6;921,7;921,5;691,6;26;21,8;10,9;23,9;21,8;11,1;10,2;13,1;50;42;50;39;6,8;2,6;
2023-05-24;2100;0;921,9;1017,9;921,9;921,5;56,5;23;18,9;11,3;21,8;18,9;11,3;10,7;12,9;61;50;61;52;4,5;,6;
2023-05-24;2200;0;922,6;1019,9;922,6;921,9;-3,5;19;15,3;11,7;18,9;15,2;11,8;11,2;12,8;79;62;79;144;2;1,3;
2023-05-24;2300;0;923,3;1021,3;923,3;922,6;-3,5;16;13,8;11,4;15,6;13,6;12;11;12,8;85;79;85;147;2,5;1;
2023-05-25;0000;0;924;1022,3;924;923,3;-3,5;15;13;11;14;13;11,5;10,8;12,8;88;84;88;146;2,1;1,6;
2023-05-25;0100;0;924,6;1023,3;924,6;924;-3,5;14;12,1;10,6;13;12;11,1;10,3;12,8;90;87;90;145;2,6;1,6;
2023-05-25;0200;0;924,9;1023,6;924,9;924,6;-3,5;13;12,1;10,5;12,2;11,5;10,7;10;12,7;92;89;90;152;2,5;1,9;
2023-05-25;0300;0;924,8;1023,7;925;924,8;-3,5;13;11,6;10,2;12,1;11,4;10,5;10;12,7;92;90;91;152;2,5;1,6;
2023-05-25;0400;0;924,5;1023,4;924,9;924,5;-3,5;12;11,6;10,3;11,6;10,9;10,4;9,5;12,7;93;91;92;152;2,8;1,4;
2023-05-25;0500;0;924;1022,1;924,5;924;-3,5;13;13,6;11,3;13,8;11,5;11,6;10,2;12,7;92;86;86;149;3,6;2;
2023-05-25;0600;0;923,5;1021,7;924;923,5;-3,5;13;13,2;11,3;13,7;13,2;11,7;11,2;12,7;89;86;88;134;3,7;,9;
2023-05-25;0700;0;923,2;1021,4;923,5;923,2;-3,5;13;13;11,4;13,4;13;11,8;11,2;12,7;91;88;90;146;2,9;1,2;
2023-05-25;0800;0;923,3;1021,4;923,3;923,2;-3,5;13;13,3;12;13,5;12,8;12,1;11,3;12,6;92;90;92;132;3,8;1,4;
2023-05-25;0900;0;923,7;1021,9;923,7;923,3;-3,5;13;13,2;12,2;13,6;12,3;12,3;11,1;12,6;93;91;93;125;3,6;1,2;
2023-05-25;1000;,2;924,5;1022,2;924,5;923,7;15,6;14;14,8;13,1;14,8;13,2;13,4;12,1;12,6;93;90;90;120;4,6;1,7;
2023-05-25;1100;0;925,1;1022;925,1;924,5;324,7;15;17,2;14,3;17,2;14,7;14,3;13;13,3;90;82;83;99;5,1;1,8;
2023-05-25;1200;0;925,5;1021,8;925,6;925,1;1261;18;19,1;14,5;19,3;17,2;15;14,1;14;83;73;74;114;7,9;3;
2023-05-25;1300;0;925,6;1021;925,7;925,5;1937,8;21;21,8;14,5;21,8;19,1;15,1;14,1;13,9;75;63;63;80;7,1;2,9;
2023-05-25;1400;0;925,6;1020,5;925,7;925,5;2464,7;23;23,3;15,2;23,3;21,3;15,2;13,9;13,8;64;57;61;70;9,1;2,6;
2023-05-25;1500;0;925;1019,8;925,6;924,9;2775,4;25;23,5;13,9;24,6;22,6;14,9;13,4;13,8;60;51;55;105;7,7;2,4;
2023-05-25;1600;0;924,1;1018,5;925;924,1;2029,6;26;24,2;13,7;24,4;22,4;14,8;12,9;13,4;59;51;52;38;7,6;3,3;
2023-05-25;1700;0;923,1;1017,2;924,1;923,1;2408,2;27;25;13,5;25,6;23,6;14,4;12,5;13,3;52;47;49;68;7,6;2;
2023-05-25;1800;0;922,6;1016,7;923,1;922,6;1994,5;28;24,8;12,4;25,7;24,2;14,4;12;13,8;51;45;46;54;6,5;2,8;
2023-05-25;1900;0;922,6;1016,9;922,7;922,5;1337,6;28;24,3;13,5;25,6;23,5;14,2;12,8;13,8;54;46;51;49;6,3;2,6;
2023-05-25;2000;0;922,8;1017,5;922,8;922,5;670,7;27;23;13,6;24,4;23;14;13,2;13,1;56;50;55;87;5,7;1,1;
2023-05-25;2100;0;922,9;1018,6;923;922,8;51,9;24;20,1;13,5;23,1;20;13,8;13,2;12,9;66;55;66;70;3,6;1,2;
2023-05-25;2200;0;923,2;1019,4;923,2;922,9;-3,5;21;18,8;14;20,1;18,4;14,1;13,5;12,8;75;66;74;126;3,7;,9;
2023-05-25;2300;0;923,8;1020,6;923,8;923,2;-3,5;19;17,3;13,8;18,8;16,9;14;13,4;12,8;82;74;80;117;3,2;1;
2023-05-26;0000;0;924,2;1021,6;924,2;923,8;-3,5;18;15,7;13,2;17,3;15,7;13,8;13,1;12,8;85;80;85;143;2,5;1,7;
2023-05-26;0100;0;924,5;1022,2;924,6;924,2;-3,5;17;14,9;12,9;15,7;14,9;13,3;12,9;12,8;88;85;88;145;2,8;1,7;
2023-05-26;0200;0;924,6;1022,5;924,6;924,5;-3,5;16;14,4;12,8;15,2;14,4;13,3;12,8;12,8;90;88;90;150;3,1;1,5;
2023-05-26;0300;0;924,6;1022,5;924,6;924,6;-3,5;15;14,3;12,7;14,6;14,1;13,1;12,6;12,7;91;90;90;162;2,4;1,5;
2023-05-26;0400;0;924,7;1022,1;924,7;924,5;-3,5;15;15,9;13,3;16;13,9;13,5;12,5;12,7;92;85;85;140;2,7;1,4;
2023-05-26;0500;0;924,3;1021,3;924,7;924,3;-3,5;15;16,7;12,8;17;15,6;13,4;12,8;12,7;85;77;77;90;4,3;1,1;
2023-05-26;0600;0;924;1021,4;924,3;924;-3,5;16;15,6;12,7;17,1;15,5;13,1;12,3;12,7;84;76;83;132;6;,9;
2023-05-26;0700;0;923,7;1021,4;924;923,7;-3,5;15;14,7;12,5;15,6;14,5;12,9;12;12,7;87;83;87;136;4,8;1,4;
2023-05-26;0800;0;923,5;1021;923,7;923,5;-3,5;15;15;12,4;15,3;14,7;12,7;12,4;12,6;87;84;84;128;5,7;1,9;
2023-05-26;0900;0;923,9;1021,6;923,9;923,5;-3,5;15;14,6;12,4;15,2;14,6;12,6;12,4;12,6;87;85;86;134;5,5;1,9;
2023-05-26;1000;0;924,3;1022,1;924,3;923,9;21,2;15;14,4;12,2;14,6;14,3;12,4;12,1;12,6;87;86;86;134;4,8;1,9;
2023-05-26;1100;0;924,7;1021,5;924,7;924,3;520,5;16;17,5;12,6;17,5;14,4;12,8;12,1;13,7;86;73;73;122;6,7;2,4;
2023-05-26;1200;0;925;1021;925;924,5;1279;19;19,8;12,8;19,9;17,3;13,4;12,5;13,9;75;64;64;115;7,2;3,1;
2023-05-26;1300;0;925,3;1020,8;925,4;925;1940;22;21,5;13,2;21,5;19,7;13,6;12,3;13,9;65;57;59;65;9,4;3,2;
2023-05-26;1400;0;924,7;1019,5;925,3;924,7;2352,7;23;23,3;13,2;23,3;21,4;13,7;12,2;13,9;60;52;53;102;8,5;2,2;
2023-05-26;1500;0;924;1018,3;924,7;924;2660,3;25;24,6;12,6;24,9;22,6;13,8;11,9;13,8;55;47;47;74;7;2;
2023-05-26;1600;0;923,1;1017,1;924;923;2668,5;27;25,2;11,5;25,8;24,3;13,2;11,3;13,8;48;42;42;74;6,4;2,1;
2023-05-26;1700;0;922,4;1016,1;923,1;922,3;2466,9;28;25,8;9,8;26,1;25,1;12,6;9,7;13,8;44;36;36;60;6,6;2,5;
2023-05-26;1800;0;922,2;1016,1;922,4;922,1;1958,5;28;25,3;10,3;26,1;24,9;11,4;9,5;13,7;41;36;39;40;6,6;3,4;
2023-05-26;1900;0;922,2;1016,2;922,2;922,1;1404,9;28;25;10,5;25,9;25;11,3;9,6;13,8;41;37;40;44;6,8;2,4;
2023-05-26;2000;0;922,3;1016,9;922,3;922,2;670;28;23,2;11,8;25,2;23,2;12,3;10,5;13,1;50;40;49;178;5,1;,5;
2023-05-26;2100;0;922,3;1018;922,4;922,3;57,4;24;19,9;12;23,2;19,2;12,3;11,3;12,9;62;49;60;148;2,6;,8;
2023-05-26;2200;0;923;1019,1;923;922,3;-3,5;21;18,9;12,2;19,9;18,8;12,3;12;12,8;65;60;65;132;3,3;1,1;
2023-05-26;2300;0;923,3;1019,9;923,4;923;-3,5;19;17,7;12,3;18,8;17,6;12,4;12,1;12,8;71;65;71;126;4,1;1,3;
2023-05-27;0000;0;923,7;1020,5;923,7;923,3;-3,5;18;17,3;12,5;17,7;16,7;12,5;12,3;12,8;76;71;73;156;3;1,2;
2023-05-27;0100;0;923,5;1021,2;923,8;923,5;-3,5;17;14,5;12;17,4;14,5;12,4;12;12,8;85;72;85;156;2,3;1,5;
2023-05-27;0200;0;923,4;1021,4;923,6;923,4;-3,5;16;13,8;11,6;14,7;13,7;12,2;11,4;12,7;88;85;87;152;3,3;2,5;
2023-05-27;0300;0;923,1;1020,6;923,4;923;-3,5;15;15;11,9;15;13,4;12,2;11,4;12,7;88;82;82;145;3,7;2,4;
2023-05-27;0400;0;923;1020,5;923,1;922,9;-3,5;15;15,1;11,8;15,2;13,4;11,9;10,6;12,7;86;81;81;145;3,8;2;
2023-05-27;0500;0;922,7;1019,9;923;922,7;-3,5;15;15,8;11,8;16,1;15,1;11,9;11,6;12,7;81;76;77;137;4,1;2;
2023-05-27;0600;0;922,4;1019,3;922,7;922,4;-3,5;16;16,5;12,5;16,5;15,5;12,5;11,8;12,7;79;77;77;124;4,7;2,1;
2023-05-27;0700;0;922,8;1019,9;922,8;922,3;-3,5;16;16;12,5;16,5;15,7;12,5;12,2;12,7;81;77;80;125;5,2;1,8;
2023-05-27;0800;0;923,5;1020,8;923,5;922,7;-3,1;16;15,6;12,7;16,2;15,3;12,8;12,2;12,6;83;79;83;141;4,7;1,7;
2023-05-27;0900;0;923,2;1020,4;923,5;922,7;-3,4;16;16;12,9;16,1;15,4;13;12,6;12,6;84;82;82;140;4,9;2,4;
2023-05-27;1000;0;923,9;1021,3;923,9;923,1;20,5;16;15,5;12,8;16;15,5;12,9;12,6;12,6;84;82;84;140;5,7;2,2;
2023-05-27;1100;0;924,3;1021,2;924,4;923,9;499;17;17,1;13,4;17,1;15,5;13,5;12,8;13,7;84;78;79;128;5,6;2,4;
2023-05-27;1200;0;925,1;1021;925,1;924,4;1230,5;19;20,2;14,8;20,2;17,1;14,8;13,4;14;79;70;71;118;5,5;2,2;
2023-05-27;1300;0;925,4;1020,7;925,4;925,1;1736,8;22;22;14,7;22;19,9;15;14,1;13,9;71;62;63;75;5,9;2,1;
2023-05-27;1400;0;924,8;1019,4;925,4;924,8;2082,2;24;23,9;14;24,2;21,4;16;14;13,9;65;54;54;90;5,1;2;
2023-05-27;1500;0;923,9;1018,2;924,8;923,9;2535,2;26;24,7;13,9;25,5;22,6;15,3;13,7;13,8;60;51;51;98;5,3;1,8;
2023-05-27;1600;0;923;1017;923,9;923;2189,3;28;25,3;13,7;25,8;24,4;15,5;12,4;13,3;54;45;49;131;5,5;1,1;
2023-05-27;1700;0;922,1;1016;923;922,1;910,4;27;25,1;14,4;25,3;23,8;14,8;12,8;13,3;56;45;51;151;4,5;1,1;
2023-05-27;1800;0;921,6;1015,3;922,1;921,6;1123,2;27;25,6;12,9;26;23,9;15;12,6;13,7;58;45;45;137;3,2;,8;
2023-05-27;1900;0;921,5;1015,4;921,6;921,4;1189,9;28;25,1;12,3;26,9;25,1;13,1;11,5;13,1;46;40;45;277;2,7;1,7;
2023-05-27;2000;0;921,6;1015,7;921,6;921,3;607,3;28;24,5;14,6;26,1;24,5;14,6;11,9;13,1;54;44;54;102;2,7;,5;
2023-05-27;2100;0;922,1;1017,4;922,2;921,6;68,9;25;21;14,4;24,5;20,8;15,3;14,1;12,9;67;54;66;141;1,7;,8;
2023-05-27;2200;0;922,6;1019,3;922,6;922,1;-3,5;21;17,1;14,2;21;17,1;15,2;14;12,8;83;66;83;141;2,4;1,1;
2023-05-27;2300;0;923;1020;923;922,6;-3,5;19;16,3;14;17,3;15,9;14,6;13,4;12,8;87;83;86;170;2,3;1;
2023-05-28;0000;0;923;1020,5;923,1;922,8;-3,5;17;15,1;13,1;16,6;15,1;14,1;13;12,8;88;84;88;150;2,6;1,5;
2023-05-28;0100;0;922,6;1020,3;923;922,6;-3,5;16;14,2;12,5;15,1;14,2;13,2;12,5;12,8;90;88;90;145;2,9;1,8;
2023-05-28;0200;0;922,4;1020,3;922,6;922,4;-3,5;15;13,7;12,2;14,2;13,5;12,5;12;12,7;91;89;91;146;2,6;1,8;
2023-05-28;0300;0;922,3;1020,5;922,4;922,2;-3,5;15;12,8;11,3;13,7;12,8;12,2;11,3;12,7;91;89;91;136;2,5;1,2;
2023-05-28;0400;0;921,9;1019,9;922,3;921,9;-3,5;14;13,3;11,5;13,5;12,6;12;11,2;12,7;93;89;89;153;3,4;2,3;
2023-05-28;0500;0;921,4;1019,4;921,9;921,3;-3,5;14;13,1;11,4;13,3;13;11,6;11,3;12,7;91;89;90;148;3,4;2;
2023-05-28;0600;0;921,1;1018,9;921,4;921,1;-3,2;14;13,5;11,8;13,5;13,1;11,9;11,4;12,7;90;89;90;149;2,9;2;
2023-05-28;0700;0;921;1019;921,4;920,9;-3,4;14;13;11,7;13,6;12,7;12;11,2;12,7;92;89;92;153;2,9;1,2;
2023-05-28;0800;0;921,3;1019,3;921,4;921;-3,5;14;13,1;11,8;13,2;12,8;11,9;11,5;12,6;92;91;92;162;2,7;1,5;
2023-05-28;0900;0;921,5;1019,4;921,5;921,3;-3,1;14;13,4;11,6;14;12,8;12,7;11,5;12,6;93;88;89;149;3,3;2,2;
2023-05-28;1000;0;922,1;1019,5;922,1;921,5;19,6;14;14,9;12,8;14,9;13,3;12,8;11,7;12,6;91;86;87;144;3,2;1,8;
2023-05-28;1100;0;922,4;1019,2;922,4;922,1;395,6;15;16,8;13,5;16,8;14,8;13,6;12,4;13,5;87;81;81;149;3,4;2;
2023-05-28;1200;0;922,9;1018,6;922,9;922,4;1165,1;18;20,2;14,9;20,2;16,8;15;13,5;13,9;81;71;71;136;3,4;1,5;
2023-05-28;1300;0;923;1017,7;923,1;922,9;1850;22;23,1;15,1;23,2;20,2;15,6;14,5;13,8;73;60;61;128;3,2;1,4;
2023-05-28;1400;0;922,4;1016,8;923;922,4;1332,1;25;23,8;15,6;24,9;22,3;16;14,6;13,8;66;54;60;117;3,4;1,4;
2023-05-28;1500;0;921,3;1014,9;922,4;921,3;1739,8;26;25,8;12,5;26,5;23,8;16;12;13,4;61;41;44;316;5,1;2,5;
2023-05-28;1600;0;920,5;1014;921,3;920,5;1646,9;27;25,9;11,8;26,8;24,8;13,3;10,8;13,8;47;40;41;279;5,6;1,3;
2023-05-28;1700;0;919,9;1013,6;920,5;919,9;1613,9;28;25,1;12,9;27,6;25,1;12,9;10,5;13,2;47;36;47;283;5,2;2,9;
2023-05-28;1800;0;919,7;1012,9;920;919,7;2052,4;29;26,7;12,3;27,3;25,1;13,6;11,8;13,7;48;40;41;326;5,1;2,6;
2023-05-28;1900;0;919,7;1013,2;919,8;919,7;501,8;28;25,7;13,5;26,7;24,5;13,6;12,1;13,8;50;41;47;295;5,2;2,5;
2023-05-28;2000;0;920,2;1014,5;920,2;919,7;222,1;26;23,4;13,4;25,8;23,4;13,5;12,7;12,9;54;45;53;220;4,4;1,3;
2023-05-28;2100;0;920,8;1015,5;920,8;920,2;4,5;24;22,3;14,2;23,5;22,3;14,2;13,2;12,8;60;53;60;191;5,1;2,1;
2023-05-28;2200;0;921,3;1016,6;921,3;920,8;-2,2;23;20,7;15,5;22,3;20,7;15,5;14,2;12,8;72;60;72;211;6,4;3,3;
2023-05-28;2300;0;921,5;1017,1;921,6;921,3;-2,4;22;20;15,1;20,7;20;15,6;15,1;12,8;74;72;74;228;7;2,5;
2023-05-29;0000;0;921,6;1017,3;921,6;921,4;-2,9;21;19,7;15,6;20,1;19,4;15,7;15,1;12,8;78;74;78;210;4,9;1,4;
2023-05-29;0100;0;922;1017,8;922;921,5;-2,2;21;19,4;15,1;19,7;19,2;15,6;15,1;12,8;79;76;76;189;4,3;2,1;
2023-05-29;0200;0;921,7;1017,7;922,1;921,6;-1,9;20;19;14,5;19,5;18,7;15,1;14,5;12,8;78;75;75;180;5;2,7;
2023-05-29;0300;0;921,6;1017,7;921,8;921,6;-2,2;20;18,5;14,9;19;18,5;14,9;14,4;12,7;80;75;80;184;5;2,4;
2023-05-29;0400;0;921,3;1017,4;921,7;921,3;-2,5;20;18,4;14,6;18,6;18,3;14,9;14,6;12,7;80;78;78;149;4,5;1,4;
2023-05-29;0500;0;920,8;1017;921,3;920,8;-3,1;19;18,1;14,3;18,5;18;14,7;14,3;12,7;79;77;78;140;3,2;,7;
2023-05-29;0600;0;920,3;1016,5;921,1;920,3;-3,1;19;17,9;14;18,3;17,8;14,4;14;12,7;80;77;78;133;3,2;1,6;
2023-05-29;0700;0;920,6;1017;920,6;920,1;-2,9;19;17,4;14,1;17,9;17,3;14,2;14;12,7;82;78;81;233;3,2;1,3;
2023-05-29;0800;0;920,6;1017,1;920,8;920,5;-2,3;18;17,1;14,4;17,5;17,1;14,5;14,1;12,6;84;81;84;136;2,4;,9;
2023-05-29;0900;0;920,9;1017,6;920,9;920,5;-3,4;18;16,7;14,4;17,1;16,5;14,5;14,2;12,6;87;84;87;137;2,2;1,4;
2023-05-29;1000;0;921,6;1018,4;921,6;920,9;16,3;17;16,6;14,6;16,7;16,1;14,7;14,2;12,6;89;87;87;137;2,5;1,1;
2023-05-29;1100;0;922,2;1018,7;922,2;921,6;246,1;17;17,5;14,9;17,5;16,2;14,9;14,3;13,3;89;85;85;134;2,4;1,3;
2023-05-29;1200;0;923;1018,9;923;922,2;584,3;19;19,6;14,8;19,6;17,5;15,3;14,7;13,5;85;74;74;115;3,4;1,4;
2023-05-29;1300;0;923,2;1018,9;923,3;922,9;727;21;20,3;14,6;20,7;19,5;15,3;14,2;13,4;75;68;70;119;4,3;1,1;
2023-05-29;1400;0;923;1018,4;923,3;923;630,3;22;20,9;14,7;21,1;20,3;15,2;14,3;13,6;71;67;68;104;3,4;1,2;
2023-05-29;1500;0;922,3;1017,2;923;922,3;1693;23;22,2;14,4;23;20,9;15,6;14,4;13,8;69;61;61;108;4,8;1,9;
2023-05-29;1600;0;921,6;1016,1;922,3;921,6;1742,7;25;23,3;14,6;24,2;22,1;15,4;14;13,6;64;55;58;114;4,5;2;
2023-05-29;1700;0;921;1015,2;921,7;921;1862;26;24,1;14,7;24,4;23,2;15,2;13,8;13,8;59;53;56;133;4,5;2,2;
2023-05-29;1800;0;920,7;1015;921;920,7;1364,4;27;23,7;14,7;24,9;23,7;15,6;14,2;13,3;60;53;57;84;4,2;1,1;
2023-05-29;1900;0;920,7;1015,1;920,7;920,6;819,2;26;23,4;15,3;24,4;23,3;15,7;14,5;13,2;61;55;61;43;3,1;1,1;
2023-05-29;2000;0;921,1;1016,2;921,1;920,6;342,4;25;21,2;16;23,5;21,2;16,4;15,2;13;73;60;72;171;2,4;,8;
2023-05-29;2100;0;921,5;1017,3;921,5;921,1;39,7;23;19,4;15,8;21,6;19,4;16,1;15,2;12,8;80;67;80;145;2,8;1,4;
2023-05-29;2200;0;922,1;1018,4;922,1;921,5;-3,5;20;18,2;14,5;19,3;18,2;15,7;14,5;12,8;80;78;79;143;2,8;1,4;
2023-05-29;2300;0;922,6;1018,9;922,6;922,1;-3,5;19;18,3;14,7;18,3;18;14,8;14,5;12,8;81;79;80;128;2,8;1,3;
2023-05-30;0000;0;923;1019,4;923;922,6;-3,5;19;18,2;14,5;18,4;18;14,7;14,5;12,8;80;78;79;118;3,9;1,3;
2023-05-30;0100;0;923,2;1019,8;923,3;922,9;-3,5;18;17,6;14,5;18,2;17,5;14,6;14,4;12,8;82;79;82;132;3,8;1,5;
2023-05-30;0200;0;923,1;1019,9;923,2;923;-3,5;18;17,1;14,1;17,6;17;14,4;14,1;12,8;83;82;83;114;4,4;1,8;
2023-05-30;0300;0;923;1019,9;923,1;923;-3,5;18;16,6;13,8;17,1;16,5;14,2;13,8;12,7;84;83;84;119;4,2;1,7;
2023-05-30;0400;0;922,8;1019,9;923;922,8;-3,5;17;16,1;13,5;16,7;16,1;13,9;13,5;12,7;85;83;85;117;3,9;1,3;
2023-05-30;0500;0;922,6;1019,7;922,9;922,6;-3,5;17;16,1;13,1;16,2;15,8;13,5;13;12,7;85;82;82;119;4,2;2;
2023-05-30;0600;0;922,4;1019,5;922,6;922,4;-3,5;17;15,8;12,8;16,2;15,8;13,1;12,8;12,7;83;81;82;120;4,7;1,8;
2023-05-30;0700;0;922,4;1019,5;922,4;922,3;-3,5;16;15,8;12,7;15,9;15,6;12,8;12,6;12,7;83;82;82;120;4,1;1,8;
2023-05-30;0800;0;922,4;1019,6;922,4;922,3;-3,5;16;15,6;12,5;15,8;15,3;12,7;12,5;12,6;83;82;82;115;4,8;2,4;
2023-05-30;0900;0;922,8;1020;922,8;922,4;-3,5;16;15,9;12,5;15,9;15,4;12,5;12,4;12,6;83;80;80;122;6,7;3,1;
2023-05-30;1000;0;923,5;1020,6;923,5;922,8;31,3;17;16,3;12,4;16,3;15,8;12,5;12,3;12,6;80;77;78;120;7,3;3,2;
2023-05-30;1100;0;924,2;1021,1;924,2;923,5;263,4;17;17;13;17;16,3;13;12,3;13,3;78;76;77;118;7,3;3,1;
2023-05-30;1200;0;924,6;1020,9;924,6;924,1;1083,3;19;18,9;13,1;19,5;17;13,5;12,7;13,9;77;66;69;97;9,1;2,8;
2023-05-30;1300;0;924,8;1020,8;924,8;924,4;1613,6;21;19,9;13,3;20,6;18,8;13,5;12,6;13,8;69;63;66;100;8,3;2,6;
2023-05-30;1400;0;924,5;1020,5;924,8;924,5;880,3;21;19,6;13,2;20;19,1;13,4;12,8;13,7;69;64;67;79;10,9;2,1;
2023-05-30;1500;0;923,9;1019,6;924,5;923,9;1068,8;22;20,3;13,2;20,5;19,5;13,8;12,9;13,6;68;64;64;103;7,7;2,6;
2023-05-30;1600;0;922,8;1018,2;923,9;922,8;1387,4;22;20,9;13,6;21,5;20,1;14,1;13,2;13,6;66;61;63;106;9;3,2;
2023-05-30;1700;0;922,1;1017,5;922,8;922;1285,4;23;20,7;13,6;22;20,5;14,4;13,3;13,2;65;60;64;118;8,2;2,8;
2023-05-30;1800;0;921,6;1016,6;922,1;921,6;1305,7;23;21,7;13,9;22,2;20,5;14,6;13,5;13,9;65;60;61;112;7,6;2,3;
2023-05-30;1900;0;921,7;1016,9;921,7;921,4;735,2;24;21,2;14,1;22,2;21,2;14,7;13,9;13,1;64;61;64;87;7,4;1,9;
2023-05-30;2000;0;921,4;1016,8;921,7;921,4;228,2;23;20,6;14,1;21,2;20,5;14,5;14,1;13;68;64;67;103;6,5;2,2;
2023-05-30;2100;0;921,6;1017,2;921,7;921,3;35,8;21;19,9;14,2;20,6;19,8;14,2;14,1;12,8;70;67;70;117;5,8;2,2;
2023-05-30;2200;0;921,6;1017,4;921,8;921,5;-3,2;21;19,4;14,3;19,9;19,2;14,4;14,2;12,8;74;70;72;117;5,7;1,9;
2023-05-30;2300;0;921,7;1017,9;922;921,6;-2,6;20;18,3;15;19,7;18,3;15;14,2;12,8;81;71;81;118;5,7;2,1;
2023-05-31;0000;,4;922,1;1018,5;922,1;921,6;-3,5;19;17,8;15,1;18,3;17,8;15,2;15;12,8;85;81;85;142;4,4;1,8;
2023-05-31;0100;1,6;921,6;1018,2;922,2;921,6;-3,5;19;17;15,4;17,8;16,9;15,4;15,1;12,8;90;84;90;138;4,7;2,1;
2023-05-31;0200;14;922,8;1019,7;922,8;921,5;-2,6;18;16,7;15,5;17,2;16,6;15,5;15,2;12,8;93;89;93;262;7,1;3,5;
2023-05-31;0300;4;922,3;1019,2;922,8;922,2;-1,3;18;16,6;15,6;16,7;16,5;15,6;15,5;12,7;94;93;94;169;6,5;1,8;
2023-05-31;0400;4,8;922,1;1018,9;922,8;922,1;-1,7;18;16,6;15,5;16,8;16,5;15,8;15,5;12,7;94;93;93;155;4,8;1,8;
2023-05-31;0500;,8;921,4;1018,2;922,1;921,4;-1,2;18;16,4;15,3;16,6;16,4;15,5;15,3;12,7;93;93;93;136;3,6;1,2;
2023-05-31;0600;3,4;921,2;1018;921,9;921,2;-1,3;17;16,4;15,3;16,6;16,3;15,5;15,2;12,7;93;93;93;129;7,6;1;
2023-05-31;0700;4,8;921,8;1018,7;921,8;921,1;-,6;17;16,4;15,3;16,7;16,3;15,6;15,2;12,7;94;93;93;301;5,8;2,9;
2023-05-31;0800;8,2;921,8;1018,7;921,9;921,8;-,9;17;16,3;15,3;16,4;16,2;15,4;15,2;12,6;94;93;94;130;5,8;,9;
2023-05-31;0900;7,8;922,6;1019,7;922,6;921,8;-1,5;17;16,1;15,2;16,3;16,1;15,3;15,2;12,6;94;94;94;152;2,3;,8;
2023-05-31;1000;6,2;923,2;1020,4;923,2;922,6;2;17;16;15,1;16,1;16;15,2;15;12,6;94;94;94;173;2;,9;
2023-05-31;1100;3,4;923,2;1020,3;923,3;923;74,7;17;16,3;15,4;16,3;16;15,4;15,1;12,7;94;94;94;139;3,7;1,7;
2023-05-31;1200;,2;924,2;1021,2;924,3;923,2;159,8;17;16,8;15,9;16,8;16,3;15,9;15,3;13;94;94;94;135;4;1,4;
2023-05-31;1300;,2;924,8;1021,7;924,8;924,2;430,4;18;17,3;16;17,4;16,8;16,2;15,9;13,1;94;92;92;143;3,2;,8;
2023-05-31;1400;,2;924,5;1021,4;924,9;924,5;227;18;17,2;16,1;17,4;17,2;16,2;16;13,2;93;92;93;160;2,4;1,4;
2023-05-31;1500;,8;924,1;1020,7;924,6;923,9;430;18;18;16,9;18;17,2;16,9;16,1;13,5;93;93;93;134;2,4;,7;
2023-05-31;1600;,6;923,4;1019,7;924,1;923,4;599,9;19;18,4;16,4;18,8;18;17,6;16,1;13,4;93;86;88;346;5,4;1,7;
2023-05-31;1700;,2;922,7;1018,7;923,4;922,6;783,6;19;19,2;16,5;19,2;18,3;16,8;16,1;13,8;89;83;85;343;5,8;2,1;
2023-05-31;1800;0;922,9;1019;922,9;922,6;932,7;20;18,8;15,6;19,8;18,8;16,6;15,5;13,4;85;79;81;332;5,8;2,8;
2023-05-31;1900;0;923,1;1019,1;923,1;922,7;576,2;21;19,2;15,8;19,6;18,8;16,5;15,5;13,3;84;80;81;292;4,3;2,2;
2023-05-31;2000;0;923,4;1019,3;923,5;923,1;305,7;20;19,7;15,6;19,7;18,8;16,2;15,4;13,4;82;78;78;283;3,9;1,4;
2023-05-31;2100;0;923,6;1020,1;923,7;923,4;65,7;20;18;15,7;19,7;18;15,7;15,2;12,9;86;77;86;302;2,5;1,2;
2023-05-31;2200;0;924;1020,8;924;923,6;-2,8;19;17,3;15,8;18,1;17,3;15,8;15,5;12,8;91;86;91;215;3,5;1,9;
2023-05-31;2300;0;924,4;1021,4;924,4;924;-2,3;18;16,9;15,5;17,4;16,9;15,9;15,5;12,8;92;91;92;57;2,7;,5;
2023-06-01;0000;0;924,8;1021,8;924,8;924,4;-2,1;18;16,8;15,7;16,9;16,7;15,7;15,4;12,8;93;92;93;16;1,3;,3;
2023-06-01;0100;0;924,8;1021,9;924,8;924,7;-1,6;18;16,6;15,5;17;16,6;15,9;15,5;12,8;93;93;93;100;1,1;,3;
2023-06-01;0200;0;924,9;1022,6;924,9;924,8;-3,5;17;15,1;14,1;16,6;15;15,5;14;12,7;94;93;94;214;1,4;,7;
2023-06-01;0300;0;924,7;1022,5;925;924,7;-3,5;16;14,6;13,6;15,9;14,3;14,9;13,4;12,7;94;94;94;236;1,4;,5;
2023-06-01;0400;0;924,2;1021,9;924,7;924,2;-1;16;14,7;13,8;14,8;14,5;13,9;13,6;12,7;94;94;94;159;1,9;1,2;
2023-06-01;0500;0;923,7;1021,6;924,2;923,7;-1,8;16;14,1;13,3;14,8;14,1;13,9;13,3;12,7;95;94;95;179;1,8;,3;
2023-06-01;0600;0;923,5;1021,5;923,8;923,5;-1,5;15;13,6;12,8;14,1;13,6;13,2;12,8;12,7;95;95;95;212;1,2;,7;
2023-06-01;0700;0;923,7;1021,8;923,7;923,5;-1,6;15;13,4;12,5;13,7;13,3;12,8;12,5;12,6;95;95;95;155;1,1;,5;
2023-06-01;0800;,2;923,8;1021,9;923,8;923,6;-,9;15;13,4;12,5;13,5;13,3;12,6;12,5;12,6;95;95;95;34;1,2;,5;
2023-06-01;0900;0;923,7;1022,1;923,9;923,7;-2,7;14;12,7;11,9;13,6;12,7;12,7;11,9;12,6;95;95;95;162;2;,7;
2023-06-01;1000;0;924,3;1023;924,3;923,7;17,1;14;12,1;11,3;13,1;11,9;12,3;11,1;12,6;95;95;95;156;1,8;1,1;
2023-06-01;1100;0;924,5;1022,4;924,5;924,3;446,4;14;14,3;13,5;14,5;12,1;13,7;11,3;13,7;95;95;95;111;1,8;,8;
2023-06-01;1200;0;925,2;1022,1;925,2;924,5;1209,7;17;17,3;14,7;17,8;14,2;16,4;13,3;13,7;95;84;85;70;2,2;,9;
2023-06-01;1300;0;925,5;1021,7;925,6;925,2;1863,5;20;19,5;14,2;19,8;17,3;15,1;13,9;13,9;85;70;72;342;2,5;1,3;
2023-06-01;1400;0;925;1020,6;925,5;925;2463,9;22;21,1;13,9;21,7;19,1;15,3;13,6;13,9;75;62;63;295;5,5;1,9;
2023-06-01;1500;0;924,4;1019,7;925;924,4;2097,5;24;21,7;14,1;22;20,3;14,4;13,1;13,8;66;58;62;267;5,5;1,7;
2023-06-01;1600;0;923,9;1018,9;924,4;923,9;1938,4;24;22,6;12,9;23;20,8;14,7;12,9;13,9;66;54;54;218;5,2;1,7;
2023-06-01;1700;0;923;1017,7;923,9;922,9;2421;25;23,2;13,3;23,3;21,7;14;12;13,8;59;51;54;225;4,1;2,2;
2023-06-01;1800;0;922,6;1017,5;923;922,6;2091,7;26;22,5;14;24,2;22,5;14,5;12,6;13,3;59;51;59;262;4,4;2,5;
2023-06-01;1900;0;922,9;1018,3;922,9;922,6;570,7;24;21;14,6;22,8;20,8;14,6;13,7;13,1;67;58;67;235;4,7;3,2;
2023-06-01;2000;0;923,2;1019;923,2;922,9;549,3;23;19,9;14,4;21,6;19,9;14,7;14,1;13,2;71;63;71;210;6,2;2,6;
2023-06-01;2100;0;923,6;1020,2;923,6;923,2;66,3;21;17,6;14,1;19,9;17,4;14,6;14,1;12,9;81;71;80;185;4,4;1,6;
2023-06-01;2200;0;924;1021,3;924;923,6;-3,5;18;15,9;13,4;17,7;15,9;14,2;13,4;12,8;85;80;85;178;3,6;1,5;
2023-06-01;2300;0;924,3;1022;924,3;924;-3,5;16;14,7;13,5;15,9;14,4;13,6;12,9;12,8;92;85;92;117;3,6;,9;
2023-06-02;0000;0;924,4;1022,5;924,5;924,3;-3,5;15;13,6;12,3;14,8;13,6;13,6;12,2;12,8;92;91;91;130;1,7;,9;
2023-06-02;0100;0;924,6;1023;924,7;924,4;-3,5;14;12,9;11,8;13,9;12,9;12,8;11,7;12,8;93;91;93;231;1,7;,5;
2023-06-02;0200;0;924,6;1023,3;924,7;924,6;-3,5;14;12,2;11,3;13,7;11,8;12,7;10,8;12,7;94;93;94;159;1,8;,6;
2023-06-02;0300;0;924,3;1023;924,6;924,3;-3,5;13;12,1;11,3;12,4;11,8;11,5;11;12,7;94;94;94;158;1,6;,8;
2023-06-02;0400;0;923,8;1022,8;924,3;923,8;-3,4;13;11;10,1;12,1;11;11,2;10,1;12,7;95;94;95;140;1,7;1,1;
2023-06-02;0500;,2;923,6;1022,7;923,8;923,5;-3,5;12;10,8;10;11,7;10,8;10,8;10;12,7;95;95;95;157;1,7;1,4;
2023-06-02;0600;0;923,1;1022,1;923,6;923,1;-3,5;12;10,8;10;11,4;10,3;10,6;9,5;12,7;95;95;95;134;2,3;1;
2023-06-02;0700;0;922,8;1021,8;923,1;922,7;-3,5;11;10,9;10,1;10,9;10,3;10,1;9,5;12,7;95;95;95;165;1,6;1,1;
2023-06-02;0800;0;922,9;1022,2;923;922,7;-3,5;11;10,1;9,3;11,6;9,9;10,8;9,1;12,6;95;95;95;151;2,2;1,3;
2023-06-02;0900;0;923,3;1022,5;923,3;922,9;-3,5;11;10,5;9,7;10,8;9,7;10;8,9;12,6;95;95;95;155;2,6;1,8;
2023-06-02;1000;,2;923,5;1022,3;923,6;923,3;17,2;11;11,5;10,7;11,5;10,1;10,7;9,3;12,6;95;95;95;145;2,8;1,3;
2023-06-02;1100;0;924;1021,8;924;923,5;480,7;13;14,5;13,6;14,5;11,5;13,6;10,7;13,8;95;95;95;128;3,8;1,4;
2023-06-02;1200;0;924,4;1021,2;924,5;924;1238,9;16;17,3;13,8;17,3;14,5;14,9;13,2;14,1;95;78;80;117;4,6;2,1;
2023-06-02;1300;0;924,6;1021;924,6;924,4;1890,3;19;18,6;13,4;18,9;17,3;14,3;13,1;13,9;80;70;72;115;5,2;2,6;
2023-06-02;1400;0;924,4;1020;924,7;924,4;2377,3;21;20,9;13,5;21,1;18,6;14,3;13,2;13,9;74;61;63;109;7;2,2;
2023-06-02;1500;0;923,8;1018,8;924,4;923,8;2639,7;23;22,4;13,3;22,8;20,8;14,8;13,1;13,9;64;56;56;57;6,9;2,8;
2023-06-02;1600;0;922,9;1017,6;923,8;922,8;2668;25;23,2;12,7;23,7;22,3;14,8;11,8;13,8;59;49;52;99;6,9;2,1;
2023-06-02;1700;0;922,2;1016,6;922,9;922,2;2485;26;23,6;13,1;24,2;22,9;14,4;11,6;13,8;56;47;52;71;6;1,8;
2023-06-02;1800;0;921,7;1016;922,2;921,7;2025,4;26;23,8;11,8;24,2;23,3;13,5;11,1;13,9;52;44;47;47;5,7;2,2;
2023-06-02;1900;0;922;1016,3;922;921,6;1391,3;27;23,9;11,4;24,7;23,4;13,2;10,9;13,9;51;45;46;102;4,7;,9;
2023-06-02;2000;0;922,2;1017,2;922,2;922;636,3;26;22;13,5;24;21,9;13,9;11;13,1;60;45;59;62;2,6;,9;
2023-06-02;2100;0;922,6;1018,8;922,7;922,2;48,6;23;18,5;12,8;22,3;18,1;13,9;12,5;12,9;75;57;69;137;2,6;,8;
2023-06-02;2200;0;923,2;1020,3;923,2;922,6;-3,5;19;16,1;12,9;18,6;16;13,2;12,7;12,8;82;69;81;144;2,9;1,2;
2023-06-02;2300;0;923,4;1020,5;923,4;923,2;-3,5;17;16,2;12,6;16,8;15,8;13;12,5;12,8;81;78;79;157;3;1,5;
2023-06-03;0000;0;923,6;1021,2;923,6;923,4;-3,5;16;15;11,9;16,5;15;12,6;11,9;12,8;82;78;82;93;2,8;,8;
2023-06-03;0100;0;923,4;1021,1;923,6;923,4;-3,5;15;14,4;11,7;15,1;14;12,3;11,1;12,8;86;81;84;137;2,8;1,4;
2023-06-03;0200;0;923,6;1021,5;923,6;923,3;-3,5;15;14,1;11,8;14,6;13,3;12;10,9;12,7;88;83;86;165;2,5;1,3;
2023-06-03;0300;0;923,5;1022,1;923,6;923,5;-3,5;14;12,1;10,3;16,1;12,1;12,2;10,3;12,7;89;76;89;145;2,3;,7;
2023-06-03;0400;0;923,2;1021,6;923,5;923,2;-3,5;13;12,5;11,1;12,6;11,7;11,4;10,2;12,7;92;89;91;177;1,9;,4;
2023-06-03;0500;0;923;1020,6;923,2;923;-3,5;13;14,8;11;15,1;12,5;11,4;10,1;12,7;91;77;78;144;3,3;1,3;
2023-06-03;0600;0;922,9;1021,7;923;922,7;-3,5;13;11,4;10,1;15,1;11;11,3;9,6;12,7;92;77;92;140;3,3;,6;
2023-06-03;0700;0;923,1;1021,6;923,1;922,9;-3,5;12;12,2;11,1;12,2;10,6;11,1;9,5;12,7;94;91;93;171;2,1;,9;
2023-06-03;0800;0;923,1;1022,1;923,2;923,1;-3,5;11;10,8;9,8;12,2;10,5;11;9,2;12,6;94;90;94;142;2,9;1,7;
2023-06-03;0900;0;923,1;1021;923,1;923;-3,5;11;13,8;11,3;13,8;10,2;12,5;9,1;12,6;94;85;85;126;4,2;1,3;
2023-06-03;1000;,2;923,9;1022,1;923,9;923,1;12,7;13;13,4;10,7;14,2;13,3;11,3;10,6;12,6;85;82;84;132;4,3;1,4;
2023-06-03;1100;0;924,6;1022,2;924,6;923,9;445,1;14;15,3;11,5;15,3;13,2;11,6;10,6;13,8;84;78;78;112;6,2;2,7;
2023-06-03;1200;0;925,2;1021,9;925,2;924,6;1236;17;18;12,7;18;15,3;13,1;11,4;14;79;71;71;100;5,6;2;
2023-06-03;1300;0;925,4;1021,1;925,4;925,2;1892,1;20;20,8;13,8;20,8;18;13,8;12,2;13,9;72;61;64;60;6,5;2,2;
2023-06-03;1400;0;925;1020,7;925,5;925;2378,4;22;20,8;12,4;21,3;19,9;13,6;11,7;13,9;65;57;59;66;8,2;3;
2023-06-03;1500;0;924,4;1019,5;925;924,4;2658,8;23;22,4;12,3;22,4;20,8;13,4;11,6;13,8;59;50;53;91;8,5;2,1;
2023-06-03;1600;0;923,6;1018,4;924,4;923,6;2685,1;25;23;12,6;23,4;22,3;13,6;11,5;13,8;55;48;52;49;7,1;3;
2023-06-03;1700;0;922,8;1017,4;923,6;922,8;2458,1;26;23,2;11,6;24,1;22,7;13;10,9;13,8;53;45;48;51;6,8;1,6;
2023-06-03;1800;0;922,7;1017,2;922,8;922,7;2011,8;26;23,7;12,9;24,4;23,1;13,5;11,4;13,8;53;45;51;120;5,9;1,4;
2023-06-03;1900;0;922,6;1017;922,7;922,6;1374,8;27;24;12,4;24,3;23,3;13,7;12;13,9;52;47;48;108;3,4;1;
2023-06-03;2000;0;922,8;1018,1;922,8;922,6;644,5;26;21,2;12,5;24,2;21,2;13,2;11,4;13,1;58;47;58;42;4;1,7;
2023-06-03;2100;0;923,1;1019,8;923,1;922,8;52,6;22;17,4;12,5;21,2;17,3;12,6;12,1;12,9;73;58;73;139;2,9;,6;
2023-06-03;2200;0;923,3;1020,9;923,3;923,1;-3,5;18;14,9;12,7;17,8;14,9;12,9;12;12,8;86;72;86;138;1,9;1,1;
2023-06-03;2300;0;923,7;1021,6;923,7;923,3;-3,5;16;14;11,8;15,3;14;12,7;11,8;12,8;88;83;87;142;2,5;1,8;
2023-06-04;0000;0;924,1;1022,4;924,1;923,7;-3,5;15;13,1;11,3;14,1;12,9;11,9;10,8;12,8;89;85;89;154;2,6;1,9;
2023-06-04;0100;0;924,5;1023;924,6;924,1;-3,5;14;12,7;11;13,3;12,5;11,5;10,9;12,8;90;88;90;141;2,5;,9;
2023-06-04;0200;0;924,8;1023,6;924,8;924,5;-3,5;13;11,9;10,7;13;11,6;11,4;10,1;12,7;92;89;92;145;1,9;1;
2023-06-04;0300;0;924,8;1023,7;924,9;924,8;-3,5;13;11,6;10,5;12;11,3;10,8;10,1;12,7;93;92;93;144;1,9;,5;
2023-06-04;0400;0;924,6;1023,7;924,8;924,6;-3,5;12;10,9;9,7;12;10,8;10,7;9,7;12,7;93;90;93;154;1,9;1,3;
2023-06-04;0500;0;924,3;1023,7;924,6;924,3;-3,5;12;10,1;9,2;10,9;10;9,8;9,1;12,7;94;93;94;158;2,2;1,5;
2023-06-04;0600;0;923,8;1023;924,3;923,8;-3,5;11;10,4;9,6;10,8;9,7;9,9;8,8;12,7;94;94;94;155;3,1;1,9;
2023-06-04;0700;,2;923,8;1022,9;923,8;923,7;-3,5;11;10,8;9,7;10,8;10,2;9,9;9,3;12,6;94;93;93;134;3;1,4;
2023-06-04;0800;0;923,9;1022,8;923,9;923,8;-3,5;11;11,4;10,2;11,6;10,8;10,4;9,7;12,6;93;91;92;139;3,7;2;
2023-06-04;0900;0;924,8;1023,6;924,8;923,9;-3,5;12;11,9;10,2;12,2;11;10,5;9,5;12,6;92;88;89;147;3,8;1,9;
2023-06-04;1000;0;925,4;1024,9;925,4;924,8;15,3;11;10,1;9;12,1;10,1;10,4;8,8;12,6;93;88;92;137;2,9;1,5;
2023-06-04;1100;0;926,3;1024,7;926,3;925,4;468,8;12;13,5;11,2;13,5;10;11,2;8,8;13,8;93;86;86;142;3;2;
2023-06-04;1200;0;926,9;1023,7;926,9;926,3;1217,3;15;18;13,1;18;13,5;13,3;11,1;14;86;72;73;98;3,5;1,5;
2023-06-04;1300;0;927,2;1023,2;927,2;926,9;1890,4;19;20,6;12,8;20,6;18;13,5;11,9;13,9;73;58;61;51;4,4;2;
2023-06-04;1400;0;927;1022,4;927,3;927;2385,2;22;22,1;12,4;22,1;20,2;13;10,5;14;62;51;54;50;6,6;2,3;
2023-06-04;1500;0;926,4;1021,6;927;926,4;2648,5;23;22,6;11,1;22,9;21;12,4;10,2;13,9;55;46;48;31;6;2,6;
2023-06-04;1600;0;925,5;1020,2;926,4;925,5;2663,7;25;23,7;10,7;23,7;22,2;11,5;9,8;13,8;50;43;44;142;5,8;1,4;
2023-06-04;1700;0;924,7;1019,2;925,6;924,7;2451,6;26;24,2;9,9;24,4;23,2;10,8;8,3;13,8;44;37;40;67;4,2;1,7;
2023-06-04;1800;0;924,4;1019;924,7;924,3;2010,2;27;23,8;10,5;25,2;23,8;12;8,2;13,7;46;34;43;128;5,1;1,3;
2023-06-04;1900;0;924,2;1019;924,4;924,2;1379,7;27;23,2;10,8;24,3;23,2;11,7;10,2;13,8;47;43;45;134;3,3;1,5;
2023-06-04;2000;0;924,3;1019,6;924,3;924,1;635,1;26;21,8;12,6;23,2;21,8;12,6;10,4;13,1;56;44;56;124;3,2;,5;
2023-06-04;2100;0;924,8;1021,2;924,8;924,3;47,7;22;18,7;11,8;21,8;18,2;12,5;11,3;12,9;66;54;64;137;2;1,2;
2023-06-04;2200;0;925;1022,7;925;924,8;-3,5;19;15,1;11,9;18,7;15,1;12,8;11,8;12,8;81;64;81;146;2,1;1,5;
2023-06-04;2300;0;925,3;1023,5;925,3;925;-3,5;16;13,6;11;15,1;13,6;11,8;11;12,8;84;81;84;146;2,7;1,6;
2023-06-05;0000;0;925,6;1024,3;925,6;925,3;-3,5;15;12,5;10,2;13,6;12,5;11;10,2;12,8;87;84;86;148;3;1,7;
2023-06-05;0100;0;925,8;1024,7;925,8;925,6;-3,5;14;12;9,8;12,6;12;10,3;9,8;12,8;88;85;86;144;2,8;1,9;
2023-06-05;0200;0;925,9;1024,5;925,9;925,7;-3,5;13;12,7;10,1;13,1;12;10,2;9,8;12,7;87;82;84;146;3,1;1,9;
2023-06-05;0300;0;925,7;1024,2;925,9;925,7;-3,5;13;13,1;10,2;13,5;12,5;10,5;9,9;12,7;85;81;82;146;3,4;1,9;
2023-06-05;0400;0;925,1;1023,9;925,7;925,1;-3,5;13;12;10;13,2;12;10,4;9,7;12,7;88;82;88;149;3;2,3;
2023-06-05;0500;0;924,8;1023,6;925,1;924,8;-3,5;13;12;9,8;12,9;11,6;10,3;9,3;12,7;88;83;87;152;3,4;2,5;
2023-06-05;0600;0;924,4;1023,4;924,8;924,4;-3,5;12;11,1;9,5;12;11,1;10;9,5;12,7;90;87;90;139;3,1;1,4;
2023-06-05;0700;0;924,3;1023,7;924,4;924,2;-3,5;11;10,1;8,9;11,1;9,9;9,4;8,7;12,6;93;89;93;145;2,7;1,9;
2023-06-05;0800;,2;924,7;1024,6;924,7;924,3;-3,5;11;8,9;7,8;10,1;8,9;8,9;7,8;12,6;93;92;93;149;2,8;1,2;
2023-06-05;0900;0;924,9;1024,8;925;924,7;-3,5;10;9;8,1;9,2;8,7;8,2;7,6;12,6;94;93;94;150;3,4;2,4;
2023-06-05;1000;0;925,4;1025,3;925,4;924,9;13,6;10;9;8;9,1;8,6;8,1;7,6;12,6;94;94;94;161;3,6;1,7;
2023-06-05;1100;0;925,7;1024,6;925,7;925,3;456,3;11;11,8;9,7;11,8;9;9,9;8,1;13,8;94;88;88;147;2,9;1,8;
2023-06-05;1200;0;926,1;1023,3;926,1;925,7;1209,2;14;16,7;12,3;16,7;11,8;12,3;9,8;14,1;88;74;75;151;3,1;1,8;
2023-06-05;1300;0;926,1;1021,7;926,3;926,1;1889,3;18;21,3;10,9;21,3;16,7;13,6;10,8;13,9;75;51;51;95;3,8;1,5;
2023-06-05;1400;0;925,7;1021,1;926,2;925,7;2371,7;22;21,9;9;22,4;21,3;10,3;7,2;13,9;51;39;43;110;5,3;1,5;
2023-06-05;1500;0;925,1;1020,1;925,8;925,1;2639,9;24;22,7;9;23,1;21,7;10,1;7,7;13,7;46;38;42;21;4,9;2;
2023-06-05;1600;0;924,1;1018,8;925,1;924,1;2655,6;25;23,3;9,4;23,6;22,5;10,7;8,3;13,8;46;40;41;112;4,4;1,5;
2023-06-05;1700;0;923,3;1017,8;924,1;923,3;2428,8;26;23,9;10,8;24,4;22,7;11,3;8,6;13,8;45;38;43;109;5,2;1,5;
2023-06-05;1800;0;922,9;1017,4;923,3;922,8;2005,4;27;23,5;9,9;24,8;23,5;10,7;8,5;13,7;44;38;42;121;4;1,7;
2023-06-05;1900;0;922,7;1017,4;922,9;922,7;1375,1;26;22,9;9,9;23,7;22,9;10,1;8,8;13,9;44;39;44;128;3,8;1,2;
2023-06-05;2000;0;923;1018,3;923;922,7;637,7;25;21,2;11,7;23,1;21,2;12;9,1;13,1;55;41;55;179;3,2;,5;
2023-06-05;2100;0;923,2;1020;923,2;923;47,8;22;17,1;10,6;21,2;16,8;12;10,1;12,9;66;51;66;134;2;,9;
2023-06-05;2200;0;923,5;1021,4;923,5;923,2;-3,5;18;13,9;10;17,2;13,8;10,7;9,8;12,8;77;64;77;139;2,8;1,5;
2023-06-05;2300;0;923,6;1022,2;923,7;923,5;-3,5;15;12,1;9,5;14;12,1;10,1;9,4;12,8;84;77;84;148;3,1;2,4;
2023-06-06;0000;0;923,8;1022,8;923,8;923,6;-3,5;13;11,1;9;12,1;11,1;9,5;8,8;12,8;87;84;87;148;3,1;1,6;
2023-06-06;0100;0;924,2;1023,4;924,2;923,8;-3,5;12;10,5;8,5;11,2;10,5;9;8,4;12,7;88;85;87;151;3;1,5;
2023-06-06;0200;0;924,6;1024;924,6;924,2;-3,5;11;10,2;8,5;10,9;9,8;8,9;7,8;12,7;89;85;89;147;2,9;1,9;
2023-06-06;0300;0;924,3;1023,9;924,6;924,3;-3,5;11;9,6;8,3;10,3;9,6;8,6;8,1;12,7;91;88;91;145;3,1;1,3;
2023-06-06;0400;0;924,1;1023,7;924,3;924,1;-3,5;10;9,4;8,3;9,6;9,2;8,4;8,1;12,7;93;91;93;151;2,8;1,7;
2023-06-06;0500;0;923,9;1023,6;924,2;923,9;-3,5;10;9,2;7,9;9,6;9,1;8,4;7,9;12,7;93;92;92;152;3;2;
2023-06-06;0600;0;923,6;1023,5;923,9;923,6;-3,5;10;8,5;7,5;9,2;8,5;7,9;7,3;12,7;93;92;93;143;2,8;2;
2023-06-06;0700;0;923,3;1023,2;923,6;923,2;-3,5;9;8,6;7,6;8,7;8,1;7,7;7,1;12,6;94;93;93;146;3,3;2,4;
2023-06-06;0800;,2;923,2;1023,1;923,3;923,1;-3,5;9;8,4;7,3;8,6;8;7,5;6,8;12,6;93;92;93;150;3,3;2;
2023-06-06;0900;0;923,3;1023,3;923,4;923,2;-3,5;9;8,1;7;8,4;7,4;7,4;6,2;12,6;93;92;93;147;3;1,7;
2023-06-06;1000;0;924;1023,9;924;923,3;13,6;9;8,6;7;9,5;7,8;7,9;6,6;12,6;93;87;90;149;3,1;2,1;
2023-06-06;1100;0;924,9;1023,6;924,9;923,9;450,1;10;12,1;9,1;12,1;8,6;9,2;7;13,8;90;82;82;137;3,2;1,8;
2023-06-06;1200;0;925,4;1023;925,4;924,9;1185;14;15,5;10,7;15,7;12,1;11;9,2;14,1;82;72;73;133;3,6;1,8;
2023-06-06;1300;0;925,4;1021,6;925,5;925,3;1849,8;17;19,5;12,7;19,5;15,5;12,7;10,6;14;75;62;65;86;4,7;1,8;
2023-06-06;1400;0;925,1;1020,8;925,4;925,1;2341,6;20;20,8;12,1;20,8;19,5;12,8;11,2;13,8;64;57;57;41;6,8;3,8;
2023-06-06;1500;0;924,7;1019,8;925,1;924,7;2617;22;22,5;11,6;22,5;20,6;12,6;10,4;13,9;59;48;50;78;8,3;2,1;
2023-06-06;1600;0;923,9;1018,7;924,8;923,9;2619,9;24;23;11,7;23,3;21,7;12,4;10,3;13,8;53;46;49;66;7,1;1,9;
2023-06-06;1700;0;923,1;1017,8;923,9;923,1;2421,2;25;23,2;8,9;23,4;22,5;12,2;8,9;13,8;51;40;40;53;7;2,7;
2023-06-06;1800;0;922,8;1017,3;923,1;922,7;1989,1;26;23,6;9,6;23,9;22,7;10,7;8,4;13,8;46;39;41;66;5,3;1,5;
2023-06-06;1900;0;922,6;1017,2;922,8;922,6;1353;26;23,3;10,7;23,8;22,8;11;9,2;13,9;46;41;45;52;5;1,1;
2023-06-06;2000;0;922,8;1018;922,8;922,6;606,6;25;21,6;13,1;23,3;21,3;13,3;9,8;13,1;60;43;58;222;2,9;,5;
2023-06-06;2100;0;923;1019,6;923;922,8;46,4;22;17,6;11,4;21,7;17;13,2;11;12,9;69;55;67;139;1,9;1,2;
2023-06-06;2200;0;923,3;1021;923,3;923;-3,5;18;14,4;11,4;17,6;14,4;11,8;11,3;12,8;82;67;82;153;2,5;1,5;
2023-06-06;2300;0;923,5;1021,5;923,5;923,3;-3,5;16;13,7;10,9;14,5;13,6;11,5;10,8;12,8;84;82;83;145;2,8;1,7;
2023-06-07;0000;0;923,9;1022,3;923,9;923,5;-3,5;15;12,7;10,5;13,7;12,7;10,9;10,5;12,8;86;83;86;152;2,8;1,5;
2023-06-07;0100;0;924,1;1022,1;924,1;923,9;-3,5;14;13,8;10,3;13,8;12,6;10,6;10,3;12,8;87;80;80;154;3,1;1,7;
2023-06-07;0200;0;924,1;1022,2;924,2;924,1;-3,5;14;13,7;9,9;14,3;13,5;10,4;9,9;12,7;80;76;78;147;3,8;2,1;
2023-06-07;0300;0;923,9;1022;924,2;923,9;-3,5;14;13,5;9,5;14,4;13,2;10,1;9,5;12,7;79;75;77;145;4,6;2;
2023-06-07;0400;0;923,9;1022;924;923,9;-3,5;14;13,5;9,7;14;13,1;9,8;9,4;12,7;78;75;77;149;4,1;1,9;
2023-06-07;0500;0;923,7;1021,7;923,9;923,7;-3,5;14;13,8;9,7;13,9;13,3;9,7;9,4;12,7;78;76;76;144;4;1,7;
2023-06-07;0600;0;923,3;1021,4;923,7;923,3;-3,5;14;13,5;9,4;13,8;13,4;9,6;9,4;12,7;77;76;76;149;3,9;2,1;
2023-06-07;0700;0;923,3;1021,4;923,3;923,3;-3,5;14;13,5;9,3;13,8;13,3;9,5;9,3;12,7;77;75;76;150;3,8;1,8;
2023-06-07;0800;0;923,5;1021,7;923,5;923,3;-3,5;13;13,3;9,2;13,6;13,2;9,4;9,2;12,6;77;76;76;137;4,2;1,7;
2023-06-07;0900;0;924,1;1022,6;924,1;923,5;-3,5;13;12,5;9;13,5;12,5;9,3;9;12,6;79;76;79;154;4,9;2,3;
2023-06-07;1000;0;924,8;1023,5;924,8;924,1;12,3;13;12,3;9;12,7;12;9,1;8,8;12,6;81;79;81;153;4,4;2,2;
2023-06-07;1100;0;925,8;1023,7;925,8;924,9;422,5;14;14,6;9,8;14,6;12,3;9,9;9,1;13,7;81;73;73;135;5,2;2,2;
2023-06-07;1200;0;926,6;1023,6;926,6;925,8;1155,9;17;17,4;10,9;17,4;14,6;10,9;9,7;14,1;73;63;66;126;5,2;2,4;
2023-06-07;1300;0;926,8;1023;926,9;926,6;1808,4;19;19,8;10,8;19,8;17,4;11,4;10,2;13,9;65;55;56;118;5,2;1,7;
2023-06-07;1400;0;926,6;1022,1;926,9;926,6;2294,1;22;21,9;10,7;22;19,8;11,2;9,6;13,9;56;48;49;108;5,4;1,7;
2023-06-07;1500;0;926;1021,2;926,6;926;2562,8;24;22,6;10,3;23;21,4;11,2;9,7;13,8;51;44;46;103;5,4;1,9;
2023-06-07;1600;0;925,3;1020,4;926;925,3;2590;25;22,7;9,4;23,7;22,2;11;9,2;13,8;49;41;43;113;4,7;1,9;
2023-06-07;1700;0;924,7;1019,4;925,3;924,7;2143,8;26;23,6;11;24,2;22,7;11,6;9,6;13,8;48;41;45;136;4;1,8;
2023-06-07;1800;0;924,3;1018,8;924,7;924,3;2013,7;27;24;10,1;24,3;23,2;11,7;9,7;13,8;47;42;42;144;4,6;,9;
2023-06-07;1900;0;924,1;1018,5;924,3;924,1;1332,8;27;24,2;10;25,3;23,5;11,5;9,3;13,8;46;39;41;224;3,1;,9;
2023-06-07;2000;0;924,1;1019,1;924,1;924;590,8;27;22,4;14,2;25,1;22,4;15;9,2;13,1;63;39;60;178;1,5;,1;
2023-06-07;2100;0;924,4;1021,2;924,4;924,1;43,6;23;17,4;12;22,4;17,3;14,8;11,5;12,9;71;56;71;126;2,2;,8;
2023-06-07;2200;0;924,7;1022,2;924,7;924,4;-3,5;19;15,4;12;17,6;15,2;12,4;11,8;12,8;81;71;80;146;2,8;2,2;
2023-06-07;2300;0;924,8;1023;924,8;924,7;-3,5;16;13,6;11,2;15,4;13,6;11,9;11,2;12,8;85;80;85;144;2,8;2;
2023-06-08;0000;0;925,3;1023,7;925,3;924,8;-3,5;15;13,2;10,9;13,7;12,9;11,3;10,7;12,8;87;85;86;151;3,1;2,1;
2023-06-08;0100;0;925,7;1024,2;925,7;925,3;-3,5;14;13,1;10,6;13,3;12,8;10,9;10,6;12,8;87;85;85;149;3,2;2;
2023-06-08;0200;0;925,5;1023,5;925,7;925,4;-3,5;14;14,4;10,8;14,6;12,9;11,3;10,4;12,7;86;79;79;143;3,2;1,7;
2023-06-08;0300;0;925,5;1023,8;925,5;925,5;-3,5;14;13,6;10,7;14,5;13,3;10,9;10,4;12,7;83;79;83;152;3;2,1;
2023-06-08;0400;0;925,3;1023,6;925,5;925,2;-3,5;14;13,5;10,5;13,8;13,2;10,7;10,2;12,7;83;81;82;155;3;1,9;
2023-06-08;0500;0;924,9;1023,7;925,3;924,9;-3,5;14;12;10;13,7;11,9;10,6;9,6;12,7;87;81;87;147;3;2;
2023-06-08;0600;0;924,4;1023,1;924,9;924,4;-3,5;13;12,1;9,7;12,6;11,8;10,4;9,6;12,7;88;85;85;152;3,1;2,3;
2023-06-08;0700;0;924,1;1023;924,4;924,1;-3,5;12;11,3;9,4;12,1;11,3;10,2;9,3;12,7;89;85;88;153;3,1;2,2;
2023-06-08;0800;0;924,3;1023;924,3;924,1;-3,5;12;12,1;9,7;12,4;11,3;10;9,2;12,6;89;84;85;149;3,2;2;
2023-06-08;0900;0;924,6;1023,3;924,6;924,3;-3,5;12;12,2;9,6;12,4;11,6;9,7;9,2;12,6;86;83;84;157;3,5;2,2;
2023-06-08;1000;0;925,3;1023,7;925,3;924,6;11;12;13,2;9,7;13,2;12,2;9,9;9,3;12,6;84;80;80;150;4,5;2,7;
2023-06-08;1100;0;926;1023,8;926;925,3;429,3;14;15,1;10,7;15,1;13;10,9;9,6;13,7;80;75;75;148;4,6;1,9;
2023-06-08;1200;0;926,6;1023,4;926,6;926;1152,5;17;17,9;10,8;17,9;15,1;11,3;10,6;14;76;63;63;135;5,3;2,3;
2023-06-08;1300;0;926,8;1023;926,8;926,6;1801,4;20;19,9;10,9;20;17,8;11,7;10,8;13,9;65;56;56;136;5,3;2,4;
2023-06-08;1400;0;926,4;1021,6;926,8;926,4;2282,4;22;22,6;11,2;22,6;19,9;12,5;10,3;13,9;58;47;49;95;5;1,9;
2023-06-08;1500;0;925,7;1020,6;926,4;925,7;2549,8;25;23,2;9,8;23,7;22,4;12,3;9,3;13,8;50;40;43;132;4,2;1,4;
2023-06-08;1600;0;924,7;1019,4;925,7;924,7;2164,9;26;23,6;9,4;24,1;22,8;11,1;8,7;13,8;46;40;40;99;4,3;1,4;
2023-06-08;1700;0;923,9;1018,5;924,7;923,9;2352,4;27;23,6;9,2;24,8;23,5;10,8;8,7;13,4;43;38;40;64;3,5;1,3;
2023-06-08;1800;0;923,5;1017,9;923,9;923,5;1890,8;27;24,1;9,6;25,3;23,6;11,5;8,8;13,8;46;37;40;107;3,5;1,2;
2023-06-08;1900;0;923,2;1017,7;923,5;923,2;1079,4;27;23,8;10,9;24,6;23,2;11,2;9,1;13,5;45;39;44;111;2,4;,9;
2023-06-08;2000;0;923,3;1018,4;923,3;923,2;588,6;26;22;11,5;23,9;22;11,6;9,7;13,1;52;42;52;129;3,7;,7;
2023-06-08;2100;0;923,5;1020;923,6;923,3;44,1;23;18,1;11,4;22,2;18,1;12,3;11,3;12,9;65;51;65;153;1,8;1;
2023-06-08;2200;0;923,8;1021,2;923,8;923,5;-3,5;19;15,4;11,9;18,4;15,4;12,5;11,4;12,8;80;64;79;136;2,1;1,2;
2023-06-08;2300;0;924,2;1022,2;924,2;923,8;-3,5;17;13,9;11,4;15,4;13,9;12,1;11,4;12,8;85;79;85;142;2,2;1,5;
2023-06-09;0000;0;924,4;1022,8;924,4;924,2;-3,5;15;12,9;10,8;13,9;12,8;11,4;10,7;12,8;87;85;87;131;2,6;1,4;
2023-06-09;0100;0;924,6;1023;924,6;924,4;-3,5;14;13;10,5;13,7;12,3;11,1;10,3;12,7;88;84;85;149;4;2,2;
2023-06-09;0200;0;924,7;1022,7;924,8;924,6;-3,5;14;14;10,8;14,5;12,9;10,8;10,2;12,7;85;78;81;146;3,5;2,2;
2023-06-09;0300;0;924,6;1022,5;924,7;924,6;-3,5;14;14,3;10,5;14,5;13,2;10,7;10,1;12,7;82;77;78;141;3,3;2;
2023-06-09;0400;0;924,4;1022,6;924,7;924,4;-3,5;14;13,3;10;14,5;13,2;10,5;9,8;12,7;80;77;80;142;3,3;1,8;
2023-06-09;0500;0;924;1022,5;924,4;924;-3,5;14;12,5;10,1;14,2;12,1;10,5;9,5;12,7;86;77;85;148;3,3;2,2;
2023-06-09;0600;0;923,5;1021,6;924;923,5;-3,5;13;13,5;10,1;13,9;12,2;10,5;9,3;12,7;85;79;80;145;3,3;1,8;
2023-06-09;0700;0;923,3;1021,8;923,5;923,3;-3,5;13;12,4;9,6;13,5;12;10;9,4;12,7;85;79;83;150;3,5;2;
2023-06-09;0800;0;923,2;1021,3;923,3;923,1;-3,5;13;13,4;9,7;13,4;11,8;10;9,3;12,6;85;79;79;154;3,8;2,3;
2023-06-09;0900;0;923,7;1021,9;923,7;923,2;-3,5;13;13,3;9,6;13,4;12,8;9,7;9,4;12,6;80;78;79;150;3,8;2,2;
2023-06-09;1000;0;924,5;1023,2;924,5;923,7;10,6;13;12,2;8,9;13,3;12,1;9,6;8,8;12,6;82;78;80;150;3,6;2,2;
2023-06-09;1100;0;925,2;1022,9;925,2;924,5;422,4;14;15,2;10,5;15,2;12,2;10,5;9,1;13,7;80;73;73;151;4;2,3;
2023-06-09;1200;0;925,7;1022,2;925,7;925,2;1156,8;17;18,6;11,4;18,6;15,2;11,8;10,5;14;74;62;63;133;3,9;1,9;
2023-06-09;1300;0;925,8;1021,4;925,8;925,6;1810,2;21;21,4;10,9;21,5;18,6;12,1;10,8;13,9;63;51;51;117;4,6;1,8;
2023-06-09;1400;0;925,4;1020,3;925,8;925,4;2287,5;23;23,2;11,6;23,3;21,3;12,5;10,7;13,9;54;46;48;106;4,7;1,4;
2023-06-09;1500;0;924,7;1019,2;925,4;924,7;2550,1;25;24,2;10,3;24,4;23,2;12,2;9,9;13,8;49;40;42;66;5,5;2,6;
2023-06-09;1600;0;923,8;1017,7;924,7;923,8;2578,2;27;25,8;9,2;25,8;24;11,4;7,8;13,8;44;34;35;295;6;2,5;
2023-06-09;1700;0;922,9;1016,9;923,8;922,9;2370,3;28;25,1;8;26,1;25,1;10,3;7,9;13,7;39;32;34;329;6,1;2,9;
2023-06-09;1800;0;922,5;1016,2;922,9;922,5;1939,8;28;25,9;10,4;26,2;25;10,5;8;13,7;38;33;38;299;5,6;2,8;
2023-06-09;1900;0;922,4;1016,3;922,5;922,3;1323,6;28;25,4;9,2;26,1;25,2;10,2;8,3;13,8;38;34;36;262;5,7;2,6;
2023-06-09;2000;0;922,7;1017,3;922,7;922,4;611,4;27;23,3;10,2;25,5;23,3;10,4;8,9;13,1;44;36;44;265;5,2;2,5;
2023-06-09;2100;0;922,8;1019,1;922,9;922,7;52,7;23;18,3;11,6;23,3;18,3;11,6;10,2;12,9;65;44;65;324;3,4;1,1;
2023-06-09;2200;0;922,8;1019,9;922,8;922,7;-3,5;19;16,1;11,7;18,3;15,9;12,2;11,3;12,8;76;65;75;152;1,8;,9;
2023-06-09;2300;0;923,4;1021,4;923,4;922,8;-3,5;17;13,7;11,1;16,1;13,7;11,8;11,1;12,8;84;75;84;155;2;1,2;
2023-06-10;0000;0;924,2;1022,6;924,2;923,4;-3,5;15;12,8;10,6;13,9;12,7;11,3;10,4;12,8;86;84;86;162;2,3;1,3;
2023-06-10;0100;0;924,5;1023,2;924,5;924,1;-3,5;14;12,1;10;13;12;10,6;10;12,8;88;85;87;160;2,9;1;
2023-06-10;0200;0;924,6;1023,5;924,6;924,5;-3,5;13;11,6;9,9;12,2;11,2;10,1;9,3;12,7;90;86;89;157;2,4;2;
2023-06-10;0300;0;924,4;1023,4;924,6;924,4;-3,5;12;11,2;9,7;11,8;10,9;10;9,2;12,7;90;88;90;158;2,6;1,8;
2023-06-10;0400;0;924,3;1023,5;924,4;924,3;-3,5;12;10,7;9,4;11,2;10,4;9,6;8,9;12,7;92;90;92;138;2,8;1,7;
2023-06-10;0500;0;923,9;1023;924,3;923,9;-3,5;12;10,8;9,2;11,1;10,3;9,7;8,9;12,7;92;89;90;157;3,2;1,7;
2023-06-10;0600;0;923,3;1022,5;923,9;923,3;-3,5;11;10,5;9,1;10,9;10,3;9,4;8,9;12,7;91;90;91;146;3;2,2;
2023-06-10;0700;0;923;1022,1;923,3;922,9;-3,5;11;10,5;9;10,8;10,4;9,4;9;12,6;91;90;90;157;3,5;1,6;
2023-06-10;0800;0;923,2;1022,2;923,2;922,9;-3,5;11;11;9,4;11;10,4;9,5;8,9;12,6;91;90;90;154;3,3;2,3;
2023-06-10;0900;0;923,5;1022,5;923,5;923,2;-3,5;11;11,1;9,5;11,3;10,8;9,5;9,2;12,6;90;88;90;153;3,4;2,3;
2023-06-10;1000;0;923,9;1022,9;923,9;923,5;11,7;11;11,2;9,7;11,3;10,7;9,7;9,1;12,6;91;89;90;158;3,4;2,3;
2023-06-10;1100;0;924,5;1022,4;924,5;923,9;432,4;12;14,4;11;14,4;11,2;11;9,2;13,7;90;80;80;153;3,5;2,1;
2023-06-10;1200;0;925,1;1021,4;925,2;924,5;1131,8;16;18,9;12,3;18,9;14,4;12,7;11,1;14,1;80;66;66;137;3,7;1,8;
2023-06-10;1300;0;925,1;1020,6;925,2;925,1;1791,3;20;21,3;12,7;21,3;18,9;13;12,1;13,9;67;57;58;145;3,7;1,7;
2023-06-10;1400;0;924,8;1019,5;925,1;924,8;2269,2;23;23,5;12,3;23,8;21,2;13,5;12;13,8;59;49;49;146;3,7;1,4;
2023-06-10;1500;0;923,9;1018;924,8;923,9;2557,5;26;25,3;7,7;25,8;23,6;12,7;7,7;13,7;49;32;33;294;5,8;3;
2023-06-10;1600;0;923;1016,7;923,9;923;2598,2;27;26;8;26,5;25,2;10,2;7,2;13,7;37;31;32;268;7,5;4,2;
2023-06-10;1700;0;922,4;1015,9;923;922,4;2385,5;28;26,5;7,9;26,9;25,4;9,6;6,5;13,7;34;28;31;273;6,9;3,4;
2023-06-10;1800;0;921,7;1015,2;922,4;921,7;1955,1;28;26,3;8,6;26,8;26;9,8;6,5;13,7;35;28;33;299;5,6;2,7;
2023-06-10;1900;0;921,6;1015,3;921,7;921,5;1327,2;28;25,8;9,4;26,6;25,7;10,2;7,5;13,8;36;30;36;320;5,7;2;
2023-06-10;2000;0;921,7;1016;921,7;921,5;608;27;24;10,2;26,5;24;10,3;7,9;13,1;42;31;42;285;3,7;2,1;
2023-06-10;2100;0;922;1018,2;922;921,7;51;24;18,4;11,8;24;18,4;11,8;10,2;12,9;65;42;65;145;2,8;,5;
2023-06-10;2200;0;922,4;1019,2;922,4;922;-3,5;20;16,9;11,9;18,9;16,7;11,9;11,5;12,8;73;64;72;148;2,3;,6;
2023-06-10;2300;0;922,8;1020,5;922,8;922,4;-3,5;17;14,4;11,4;16,9;14,4;11,8;11,4;12,8;82;73;82;147;2,3;1,1;
2023-06-11;0000;0;923,2;1021,3;923,2;922,8;-3,5;16;13,3;11;14,5;13,2;11,5;11;12,8;87;82;86;144;2,5;1,4;
2023-06-11;0100;0;923,4;1021,8;923,4;923,2;-3,5;14;12,5;10,5;13,3;12,5;11;10,5;12,8;88;85;87;155;2,3;1;
2023-06-11;0200;0;923,2;1021,9;923,4;923,2;-3,5;13;11,8;10;12,6;11,6;10,6;9,6;12,7;89;87;89;162;2,1;1,2;
2023-06-11;0300;0;923,1;1021,9;923,2;923,1;-3,5;13;11,3;9,8;12,1;11,1;10,2;9,4;12,7;90;87;90;165;2,2;1,3;
2023-06-11;0400;0;922,9;1021,8;923,1;922,8;-3,5;12;11;9,5;11,5;10,6;10;9;12,7;91;89;90;154;2,5;1,5;
2023-06-11;0500;0;922,4;1021,3;922,9;922,4;-3,5;12;10,8;9,5;11,1;10,4;9,6;9;12,7;92;90;92;152;2,5;1,8;
2023-06-11;0600;0;922;1021,1;922,4;922;-3,5;11;10,3;9,1;10,9;10;9,5;8,6;12,7;92;90;92;138;2,6;1,5;
2023-06-11;0700;0;921,8;1020,9;922;921,8;-3,4;11;10,3;8,9;10,8;10;9,5;8,6;12,6;93;90;91;152;2,8;1,6;
2023-06-11;0800;0;922;1021;922;921,8;-3,5;11;10,4;8,8;10,8;9,8;9,5;8,4;12,6;92;90;90;145;3,2;2,2;
2023-06-11;0900;0;922,7;1022;922,7;922;-3,5;11;10;8,6;10,7;10;9,2;8,5;12,6;91;90;91;147;3,1;1,9;
2023-06-11;1000;,2;923,2;1022,4;923,2;922,7;11,9;11;10,4;8,8;10,6;10;9,2;8,7;12,6;92;90;90;150;2,8;1,5;
2023-06-11;1100;0;923,7;1021,8;923,7;923,2;412,1;12;13,6;11;13,6;10,3;11;8,8;13,8;91;85;85;156;3,4;2,1;
2023-06-11;1200;0;923,9;1020,5;924;923,7;894,5;15;17,9;12;17,9;13,6;12,8;11,3;13,8;85;69;69;148;4;2,4;
2023-06-11;1300;0;923,9;1019,5;924;923,9;1383,9;19;20,8;13,3;20,8;17,9;13,3;12;13,9;70;59;62;131;4;1,9;
2023-06-11;1400;0;923,7;1018,5;923,9;923,7;1923,4;22;23;12,7;23,3;20,8;13,3;12;13,8;62;50;52;124;4;1,3;
2023-06-11;1500;0;922,8;1016,9;923,7;922,8;2599,1;25;24,8;11,4;25,7;23;13,5;11,3;13,7;52;41;43;130;3,9;1,9;
2023-06-11;1600;0;921,9;1015,3;922,8;921,9;2101,4;27;26,7;8,8;27,1;24,6;12,8;7,9;13,8;47;31;32;292;3,9;1,1;
2023-06-11;1700;0;921,2;1014,4;921,9;921,2;1432,2;27;27;9,4;27;25,3;10,5;8,2;13,8;38;32;33;313;5,9;2;
2023-06-11;1800;0;920,9;1014,5;921,2;920,8;1617,6;28;25,6;8,6;27,8;25,4;9,3;6,8;13,6;34;27;34;247;7,5;2,7;
2023-06-11;1900;0;920,8;1014;920,9;920,7;1097;27;26,8;8,8;26,9;25,4;9,8;8;13,8;36;32;32;269;5,5;3,6;
2023-06-11;2000;0;921,2;1015,3;921,2;920,8;624,3;27;24,4;10,8;26,8;24,2;11;8,3;13,1;43;31;43;251;5,5;1,6;
2023-06-11;2100;0;921,5;1017,3;921,5;921,2;55,5;24;19,4;12;24,3;18,5;12;10,3;12,9;65;42;62;185;2,9;1,2;
2023-06-11;2200;0;921,8;1018,6;921,8;921,5;-3,5;20;16,5;12,5;19,9;16,4;12,6;11,6;12,8;77;59;77;119;2,3;,8;
2023-06-11;2300;0;922,1;1019,7;922,1;921,8;-3,5;18;14,5;11,7;16,6;14,5;12,7;11,7;12,8;83;77;83;157;2,4;1,2;
2023-06-12;0000;0;922,1;1019,9;922,1;922;-3,5;16;13,8;11,2;15,1;13,7;12,1;11,1;12,8;85;81;84;149;3;1,9;
2023-06-12;0100;0;922,2;1020,2;922,2;922,1;-3,5;15;13,4;10,7;13,9;13,2;11,3;10,7;12,8;85;84;84;153;3,1;2,3;
2023-06-12;0200;0;922,1;1020,4;922,3;922,1;-3,5;14;12,5;10,3;13,4;12,5;10,7;10,2;12,7;86;83;86;148;3,3;2,1;
2023-06-12;0300;0;922;1020,4;922,2;922;-3,5;14;12,2;10,1;12,6;12;10,3;9,9;12,7;87;86;87;155;2,8;2,2;
2023-06-12;0400;0;921,7;1020,1;922;921,7;-3,5;13;12,2;9,9;12,3;11,9;10,1;9,9;12,7;87;85;86;149;3,4;2,5;
2023-06-12;0500;0;921,5;1020;921,7;921,5;-3,5;13;11,8;9,7;12,6;11,7;10;9,5;12,7;87;84;87;161;3,8;1,8;
2023-06-12;0600;0;921,3;1019,7;921,5;921,3;-3,5;13;12,1;9,8;12,2;11,5;9,9;9,4;12,7;88;85;86;150;3,3;2,5;
2023-06-12;0700;0;921,3;1019,6;921,3;921,2;-3,4;13;12,3;10;12,7;12;10,1;9,7;12,6;86;84;86;155;3,3;2;
2023-06-12;0800;0;921,2;1019,2;921,3;921,2;-2,3;13;13;10,4;13;12;10,4;9,8;12,6;87;84;84;159;3,4;2,1;
2023-06-12;0900;0;921,8;1019,7;921,8;921,2;-3,1;14;13,5;10,7;13,8;12,9;10,7;10,2;12,6;85;80;83;151;3,4;2,3;
2023-06-12;1000;0;922,4;1020,2;922,4;921,8;9;14;13,9;11,2;13,9;13,1;11,2;10,6;12,6;86;82;84;153;3;1,9;
2023-06-12;1100;0;922,9;1020,6;922,9;922,4;183,6;15;14,3;11,6;15,2;13,9;11,6;11;13,1;84;78;84;147;2,6;1,4;
2023-06-12;1200;0;923,4;1019,9;923,4;922,9;501,7;16;17,9;12,4;17,9;14,2;12,9;11,6;13,4;84;69;70;140;2,7;1,1;
2023-06-12;1300;0;923,5;1018,7;923,7;923,4;1473,8;19;21,8;12,4;22;17,9;13,7;12,2;13,9;70;55;55;115;4,1;2,1;
2023-06-12;1400;0;923,1;1017,8;923,5;923,1;1781,6;23;23;13,2;23,9;21,5;13,9;12,3;13,7;58;51;54;130;4,1;2;
2023-06-12;1500;0;922,4;1016,8;923,1;922,4;1591,9;25;23,7;13,5;25,4;22,9;14,3;12,8;13,4;55;47;53;116;4,4;1,4;
2023-06-12;1600;0;921,7;1015,5;922,4;921,7;941,4;25;25,4;15,4;25,4;23,4;15,9;13,7;13,9;59;53;54;97;4,3;,9;
2023-06-12;1700;0;920,8;1014,1;921,7;920,8;1973,7;27;26,6;11,1;27,1;25,4;15,3;10,3;13,7;55;37;38;199;3,4;1,4;
2023-06-12;1800;0;920,8;1014,2;921;920,8;1746,3;29;26,4;11,6;27,9;25,8;13,2;8,2;13,7;42;30;40;241;5,2;2;
2023-06-12;1900;0;920,6;1013,9;920,8;920,6;1223,6;29;26,5;11,1;27;25,6;11,9;8,4;13,7;41;31;38;128;3,5;,9;
2023-06-12;2000;0;921,1;1015,2;921,1;920,6;569,7;28;24,3;12,5;26,4;24,2;14;10,7;13,1;51;36;48;211;2,3;,8;
2023-06-12;2100;0;921,7;1017,6;921,7;921,1;45,9;25;19,2;13,8;24,4;19,1;14,6;12,6;12,9;71;47;71;154;2,2;1,3;
2023-06-12;2200;0;922,3;1018,9;922,3;921,7;-3,5;21;17,3;13,4;19,6;17,3;14;13,4;12,8;79;69;78;162;2;1;
2023-06-12;2300;0;922,7;1019,9;922,7;922,3;-3,5;19;15,8;13;17,3;15,7;13,5;12,8;12,8;83;78;83;153;2,9;1,4;
2023-06-13;0000;0;923;1020,5;923;922,7;-3,5;17;15;12,4;15,9;14,8;13;12,4;12,8;86;83;84;149;2,7;1,6;
2023-06-13;0100;0;923,3;1021;923,3;923;-3,3;16;14,5;12,1;14,9;14,1;12,3;12;12,7;88;84;86;143;2,6;1,7;
2023-06-13;0200;0;923,3;1021,2;923,4;923,3;-3,3;16;13,9;11,9;14,8;13,9;12,3;11,8;12,7;88;85;88;152;2,6;1,4;
2023-06-13;0300;0;922,8;1020,1;923,3;922,8;-,4;16;15,4;12,2;15,9;13,8;12,7;11,9;12,7;89;81;81;154;3,4;2,3;
2023-06-13;0400;0;922,5;1019,6;922,8;922,5;-3,5;16;16;11,9;16,4;15;12,4;11,8;12,7;84;76;77;152;3,4;2,3;
2023-06-13;0500;0;922,6;1020,4;922,6;922,5;-3,5;16;14,1;11,6;16;14;12,1;11,6;12,7;85;77;85;142;3;1,9;
2023-06-13;0600;0;922,2;1020;922,6;922,2;-2,7;15;13,8;11,5;14,4;13,5;11,8;11,3;12,7;87;84;86;160;2,8;1,9;
2023-06-13;0700;0;922,2;1019,7;922,3;922,1;-1,6;15;14,6;12,2;14,6;13,7;12,2;11,5;12,7;88;85;85;156;2,8;1,5;
2023-06-13;0800;0;922,6;1020,2;922,6;922,1;-,2;15;14,7;12,6;15,2;14,7;12,8;12;12,6;88;84;87;150;1,8;,3;
2023-06-13;0900;0;923,1;1020,8;923,2;922,6;-1,2;16;14,5;12,8;15,5;14,5;13;12,5;12,6;90;82;90;133;2,1;1,5;
2023-06-13;1000;0;923,6;1021;923,6;923,1;3;16;15,3;13,8;15,3;14,4;13,8;12,8;12,6;91;90;91;178;2,9;,9;
2023-06-13;1100;0;924,5;1021,5;924,5;923,6;127,6;16;16,9;14;17,2;15,2;14,6;13,6;12,9;91;82;83;252;3,2;2,2;
2023-06-13;1200;0;925;1021,8;925;924,5;411,7;17;17,6;14,8;17,6;16,9;15;14;13,3;87;82;84;140;4,1;1,1;
2023-06-13;1300;0;924,9;1020,9;925;924,9;800,8;19;19,7;15,4;19,8;17,6;15,9;14,8;13,7;85;75;76;117;2,5;1,1;
2023-06-13;1400;0;924,6;1020;925;924,6;1303,3;22;21,6;15,2;21,9;19,7;16,4;14,7;13,7;77;65;67;113;2,1;1;
2023-06-13;1500;0;924;1018,9;924,6;924;1314,4;24;22,7;14,8;22,8;21,6;15,8;14;13,7;68;58;61;120;3,5;1,1;
2023-06-13;1600;0;923,2;1017,8;924;923,2;967,5;24;23,4;14,5;23,7;22,6;15,4;14,3;13,5;63;56;57;118;3,3;,9;
2023-06-13;1700;0;922,6;1017,2;923,2;922,6;876,1;25;23,2;15;23,7;23,1;15,5;13,6;13,3;62;54;60;35;2,4;1,2;
2023-06-13;1800;0;922,4;1017,2;922,6;922,4;583,5;25;22,5;15,5;23,3;22,5;15,9;14;13,2;66;56;65;294;2,4;1,6;
2023-06-13;1900;0;922,4;1017,4;922,4;922,3;347,4;24;21,9;16,9;22,7;21,9;17,1;15,3;13,1;73;64;73;200;2,5;,5;
2023-06-13;2000;0;922,2;1017,5;922,4;922,2;285,4;24;21,1;16,4;22,5;21,1;17,6;16,4;13;78;69;74;134;2;,7;
2023-06-13;2100;0;922,5;1018,3;922,5;922,2;35,4;22;19,7;15,1;21,1;19,5;16,3;14,9;12,8;78;72;75;134;3;1,3;
2023-06-13;2200;0;922,8;1018,8;922,8;922,5;-2,4;21;19,2;15;19,7;19;15,6;15;12,8;80;74;77;160;2,8;1,3;
2023-06-13;2300;0;923,4;1019,7;923,4;922,8;-2,6;20;18,5;15,1;19,3;18,5;15,3;14,7;12,8;81;75;80;177;2,6;,6;
2023-06-14;0000;0;923,9;1020;923,9;923,4;-2,5;20;19,1;15,2;19,1;18,4;15,3;14,8;12,8;82;77;78;337;1,5;,9;
2023-06-14;0100;0;923,7;1020,3;923,9;923,7;-2,9;19;17,7;15,3;19,3;17,6;15,3;14,8;12,8;86;77;86;146;2,3;1,5;
2023-06-14;0200;0;923,4;1020;923,7;923,4;-3;19;17,6;15,6;17,8;17,5;15,6;15,3;12,8;88;86;88;114;2,3;1;
2023-06-14;0300;0;923,1;1019,6;923,4;923,1;-3,4;19;17,9;15,4;17,9;17,2;15,6;15,3;12,7;90;85;85;143;2,6;1,4;
2023-06-14;0400;0;922,6;1019,2;923,1;922,6;-2,5;19;17,4;15,6;18;17,3;15,6;15,3;12,7;89;85;89;126;2,4;1,1;
2023-06-14;0500;0;922,3;1018,8;922,6;922,2;-3,1;18;17,7;15,3;17,9;17,3;15,7;15,2;12,7;90;85;85;151;3,3;1,4;
2023-06-14;0600;0;922,1;1018,4;922,3;922;-1,9;19;18;15,4;18,1;17,6;15,5;15,2;12,7;86;84;84;133;3,1;1,1;
2023-06-14;0700;0;921,6;1018;922,1;921,5;-2,3;19;17,8;15,3;18,1;17,7;15,4;15,2;12,7;86;84;85;121;3,1;1,2;
2023-06-14;0800;0;921,6;1017,9;921,6;921,5;-2,9;18;18;14,9;18,2;17,8;15,3;14,9;12,6;85;81;82;128;4;1,7;
2023-06-14;0900;0;921,6;1018,2;921,7;921,5;-3,5;18;17;14,8;18;16,7;14,9;14,6;12,6;88;82;87;109;3,3;1,3;
2023-06-14;1000;0;922,3;1018,7;922,3;921,5;14,2;18;17,9;14,6;18,3;17;14,9;14,6;12,6;87;79;81;154;3,9;1;
2023-06-14;1100;0;923;1019,1;923;922,3;276,3;19;18,9;15;18,9;17,7;15,2;14,6;13,2;82;78;78;98;3;1,1;
2023-06-14;1200;0;923,3;1018,9;923,4;923;563;20;20,5;15,6;20,5;18,9;15,8;15,1;13,5;80;73;74;119;4,1;1,7;
2023-06-14;1300;0;923,6;1018,5;923,6;923,3;1236,7;22;22,6;15,6;22,8;20,5;16,4;14,6;13,6;74;60;65;66;4,5;1,6;
2023-06-14;1400;0;923,5;1018,2;923,6;923,5;1039,4;24;23,1;15,3;23,3;22,4;16;14,6;13,5;65;60;61;111;4,5;,8;
2023-06-14;1500;0;923,5;1019;923,6;923,4;484,1;24;20,8;16,1;23,1;20,5;16,4;14,8;13,5;75;60;75;248;6,3;3,7;
2023-06-14;1600;0;922,8;1018,5;923,6;922,8;701,1;22;20;16,2;20,9;19,4;16,2;15,5;13,5;80;73;79;184;8,3;3,3;
2023-06-14;1700;0;922,2;1018;922,8;922,2;1581,7;22;19,5;15,2;20,5;19,5;16,4;15,2;13,5;79;75;76;186;7;4,2;
2023-06-14;1800;0;921,8;1017,4;922,2;921,7;1608,3;23;20,1;15,5;21;19,3;15,9;15;13,4;78;71;75;189;7,2;4;
2023-06-14;1900;0;922;1018;922;921,8;792,4;22;18,9;14,4;20,1;18,9;15,4;14,4;13,1;77;74;75;185;7,2;2,9;
2023-06-14;2000;0;922,1;1018,4;922,1;921,9;279,4;21;18,2;14,5;19;18,2;14,8;14,4;13;79;76;79;181;6;2,1;
2023-06-14;2100;0;922,7;1019,4;922,7;922,1;24,4;20;17,2;14,1;18,2;17,2;14,5;14,1;12,8;82;79;82;180;4,8;2;
2023-06-14;2200;0;923,2;1020;923,2;922,7;-2,1;19;16,9;13,8;17,2;16,9;14,1;13,8;12,8;83;82;82;191;4,3;1,8;
2023-06-14;2300;0;923,9;1020,9;923,9;923;-2;18;16,6;13,5;17;16,6;14,1;13,5;12,8;84;81;82;178;5,6;2,2;
2023-06-15;0000;0;924,6;1021,8;924,6;923,9;-2,5;18;16,3;13,4;16,6;16,3;13,5;13,4;12,8;83;82;83;167;6,1;2,3;
2023-06-15;0100;0;924,5;1021,8;924,6;924,5;-2,8;17;16;13,7;16,4;16;13,7;13,4;12,8;86;82;86;128;5,6;1,8;
2023-06-15;0200;0;924,4;1021,7;924,5;924,3;-2,7;17;16;13,7;16,4;15,9;13,8;13,6;12,7;87;84;86;72;5,3;,6;
2023-06-15;0300;0;924,1;1021,4;924,7;924,1;-2,5;17;16;13,9;16,1;15,9;14;13,7;12,7;88;86;88;113;5;1,1;
2023-06-15;0400;0;923,6;1020,7;924,1;923,5;-1,5;17;16,3;14,1;16,5;15,9;14,2;13,9;12,7;88;86;86;143;3,7;1;
2023-06-15;0500;1,2;923,4;1020,6;923,6;923,3;-2,3;17;16;14,7;16,4;15,9;14,7;14;12,7;92;86;92;215;2,8;1,5;
2023-06-15;0600;,2;922,4;1019,5;923,4;922,4;-1,8;17;15,8;14,6;16;15,7;14,7;14,6;12,7;93;92;93;120;3,3;1,6;
2023-06-15;0700;0;921,9;1018,9;922,4;921,9;-1,7;17;16;14,7;16,1;15,8;14,8;14,6;12,7;93;91;92;125;4,5;1,8;
2023-06-15;0800;0;921,7;1018,7;921,9;921,7;-1,8;17;16,1;14,7;16,1;15,9;14,8;14,6;12,6;92;91;92;117;4,6;1,8;
2023-06-15;0900;0;921,9;1018,9;921,9;921,7;-1,3;17;16,1;14,7;16,1;16;14,7;14,6;12,6;92;91;91;116;3,9;1,6;
2023-06-15;1000;0;922,5;1019,5;922,5;921,9;3,4;17;16,1;14,5;16,1;16;14,7;14,5;12,6;91;90;91;129;3,5;1,5;
2023-06-15;1100;0;922,9;1020;922,9;922,4;82,6;17;16,2;14,7;16,2;16;14,7;14,5;12,7;91;90;91;143;3,7;1;
2023-06-15;1200;0;923,6;1020,6;923,6;922,9;162;17;16,7;14,9;16,7;16,2;15;14,6;13;91;89;89;119;2,6;1,2;
2023-06-15;1300;0;923,8;1020,4;923,9;923,5;491,7;18;17,9;15,2;17,9;16,7;15,4;14,8;13,5;89;84;85;110;3,4;1,9;
2023-06-15;1400;0;923,6;1019,6;923,8;923,6;887,6;19;19,4;16,1;19,4;17,9;16,1;15,1;13,5;86;80;82;80;4,4;1;
2023-06-15;1500;0;923,3;1018,9;923,6;923,3;862,4;21;20,5;15,8;20,5;19,4;16,4;15,5;13,6;82;74;74;78;3;,9;
2023-06-15;1600;0;922,8;1018,5;923,3;922,8;603,8;22;20;16,2;20,7;20;16,5;15,4;13,5;79;73;79;258;5,1;3,3;
2023-06-15;1700;0;922,7;1018,9;922,8;922,6;477,9;21;18,5;16;20;18,5;16,5;16;13,4;86;79;86;257;6,6;4;
2023-06-15;1800;0;923;1020,1;923;922,7;165,6;19;16,1;13,7;18,5;16,1;16;13,7;13;88;85;85;209;9,1;4,6;
2023-06-15;1900;,4;923,4;1020,7;923,4;923;61,9;18;15,6;13,7;16,1;15,5;13,7;13,4;12,9;89;84;89;208;6,9;3,6;
2023-06-15;2000;2,6;924,3;1021,9;924,4;923,4;16,7;17;15,2;13,9;15,6;15,2;14;13,6;12,8;92;88;92;279;6,3;2,2;
2023-06-15;2100;3,2;923,4;1020,9;924,3;923,2;4,1;17;15;14;15,2;15;14,1;14;12,8;94;92;94;140;3,7;1,3;
2023-06-15;2200;0;923;1020,4;923,5;923;-1,1;16;15,2;14,2;15,2;15;14,2;14;12,8;94;94;94;112;2,9;1,1;
2023-06-15;2300;0;923,9;1021,3;923,9;923;-1,3;16;15,4;14,2;15,4;15,1;14,5;14,1;12,8;94;93;93;144;2,9;1,3;
2023-06-16;0000;0;924,4;1022;924,4;923,8;-1,5;16;15,2;14,1;15,4;15,2;14,2;14;12,7;93;92;93;146;2,7;1,2;
2023-06-16;0100;0;924,4;1021,9;924,5;924,1;-1,6;16;15,3;14,3;15,3;15,2;14,3;14,1;12,7;94;93;94;159;2,7;1,1;
2023-06-16;0200;0;923,9;1021,4;924,4;923,9;-1,8;16;15,2;14,2;15,3;15,2;14,3;14,1;12,7;94;94;94;156;2,2;1,1;
2023-06-16;0300;0;923,6;1021,1;923,9;922,9;-1,7;16;15,2;14,2;15,3;15,1;14,2;14,1;12,7;94;94;94;167;3,1;1,5;
2023-06-16;0400;0;923,7;1021,2;923,9;923,2;-2,1;16;15,1;14,1;15,3;15;14,2;13,9;12,7;94;93;94;133;2,6;1;
2023-06-16;0500;,2;923,4;1021;923,7;922,8;-2,2;16;14,9;14;15,1;14,8;14,1;13,8;12,6;94;94;94;284;2,6;1,1;
2023-06-16;0600;0;922,2;1019,7;923,4;922,1;-2,5;16;14,6;13,7;14,9;14,6;13,9;13,7;12,6;94;94;94;178;2,7;,6;
2023-06-16;0700;0;922,3;1019,9;922,5;922,2;-2,4;16;14,5;13,6;14,9;14,5;13,9;13,6;12,5;94;94;94;315;2,5;1,2;
2023-06-16;0800;0;922,3;1019,9;922,7;921,8;-2,1;15;14,6;13,7;14,7;14,4;13,8;13,5;12,5;94;94;94;59;4,3;1,1;
2023-06-16;0900;0;923,3;1020,8;923,3;922,1;-1,1;16;15;14,1;15;14,6;14,1;13,8;12,5;94;94;94;292;2,5;1,5;
2023-06-16;1000;0;923,8;1021,3;923,8;923,2;1,4;16;15,1;14,2;15,1;15;14,2;14,1;12,5;94;94;94;265;3,4;1,8;
2023-06-16;1100;,2;924,3;1021,9;924,3;923,5;57,4;16;15,2;14,3;15,3;15,1;14,4;14,2;12,6;95;94;95;296;3,2;1,6;
2023-06-16;1200;0;925;1022,6;925,1;924,2;110,9;16;15,2;14,4;15,4;15,2;14,5;14,3;12,7;95;94;95;296;4,1;2,3;
2023-06-16;1300;0;925,2;1022,8;925,4;925;215,8;16;15,3;14,5;15,5;15,2;14,7;14,4;13,1;95;95;95;279;4,1;2,4;
2023-06-16;1400;0;925,2;1022,5;925,5;925,1;558;17;16,1;15,2;16,3;15,3;15,4;14,4;13,2;95;94;94;290;4,3;2;
2023-06-16;1500;0;924,8;1022;925,2;924,8;409,9;17;16,4;14,6;16,4;16;15,2;14,3;13,4;94;89;89;284;4,2;2,6;
2023-06-16;1600;0;924,1;1021,1;924,9;924;693,8;18;16,7;14,4;17;16,4;14,9;14,2;13,4;90;85;86;287;4,4;2,7;
2023-06-16;1700;0;923,6;1020,3;924,1;923,6;612,9;18;17,4;14,6;17,4;16,7;14,6;14;13,7;86;83;83;288;4,6;3,1;
2023-06-16;1800;0;923,2;1019,9;923,6;923,2;992,4;19;17,4;14,1;18,2;17,2;14,8;13,7;13,4;83;77;81;293;5,2;2,2;
2023-06-16;1900;0;923,4;1020,3;923,4;923,2;432,1;19;16,7;14;17,5;16,7;14,4;13,6;13,2;84;79;84;243;4,6;2,5;
2023-06-16;2000;0;923,6;1020,7;923,6;923,3;337,9;18;16,2;13,8;17;16,2;14,3;13,7;13,1;86;82;85;248;4,3;2,2;
2023-06-16;2100;0;923,9;1021,2;923,9;923,6;32,5;17;15,7;13,6;16,2;15,7;13,8;13,6;12,8;88;85;87;246;3,5;2;
2023-06-16;2200;0;923,9;1021,3;923,9;923,9;-1,8;17;15,4;13,7;15,7;15,4;13,7;13,5;12,8;90;87;90;232;2,8;1,3;
2023-06-16;2300;0;924,2;1021,8;924,2;923,9;-1,7;17;15,1;13,3;15,4;15,1;13,7;13,1;12,8;90;87;89;276;3,1;1,5;
2023-06-17;0000;0;924,7;1022,4;924,7;924,2;-1,5;16;15;13,3;15,1;14,9;13,3;13,1;12,8;90;88;89;296;3,5;1,6;
2023-06-17;0100;0;924,9;1022,8;925;924,7;-1,6;16;14,5;13,4;15;14,5;13,4;13,3;12,8;93;89;93;268;3,3;2,2;
2023-06-17;0200;0;924,9;1022,8;925;924,9;-1,5;16;14,5;13,3;14,5;14,4;13,5;13,3;12,7;93;93;93;337;3,1;,8;
2023-06-17;0300;0;924,4;1022,3;925;924,4;-1,3;16;14,3;13,2;14,5;14,3;13,4;13,2;12,7;93;93;93;202;2,5;1,4;
2023-06-17;0400;0;924,8;1022,7;924,8;924,4;-2;15;14,3;13;14,4;14,3;13,2;13;12,7;93;92;92;255;3;1,8;
2023-06-17;0500;0;924,4;1022,4;924,8;924,3;-2,1;15;13,9;12,6;14,3;13,9;13;12,6;12,7;93;92;92;220;3,7;2,4;
2023-06-17;0600;0;924,2;1022,8;924,4;924,2;-1,8;15;12,2;10,7;13,9;12,2;12,5;10,7;12,7;92;87;90;221;5;3,2;
2023-06-17;0700;0;924,2;1023,2;924,3;924,1;-3,5;13;11,1;9,7;12,2;11,1;10,7;9,7;12,6;91;89;91;210;4,2;,8;
2023-06-17;0800;0;924,5;1023,6;924,5;924,1;-2,9;12;11,1;9,9;11,5;11,1;10,1;9,7;12,6;92;91;92;311;3,9;1,7;
2023-06-17;0900;0;925;1024,2;925,1;924,4;-2;12;10,8;9,8;11,2;10,8;10,1;9,8;12,6;94;92;94;7;3,7;,5;
2023-06-17;1000;0;925,1;1024,3;925,4;924,9;10,2;12;10,8;9,8;10,8;10,6;9,9;9,6;12,6;94;93;93;139;2,2;1,2;
2023-06-17;1100;0;925,3;1024,3;925,4;925,1;351;12;11,4;8,7;11,8;10,6;9,7;8,7;13,1;93;82;84;148;3;1;
2023-06-17;1200;0;925,9;1024,1;926,2;925,3;871,8;14;13,9;9,1;14;11,4;10,1;8,8;14,2;87;73;73;177;2,3;1,1;
2023-06-17;1300;0;926,1;1023,6;926,3;925,9;1857,8;17;16;10,2;16,1;13,9;10,9;9,2;14,1;75;67;69;14;4,4;1,2;
2023-06-17;1400;0;925,9;1023;926,4;925,9;1725,7;19;17;11,3;17,1;15,9;11,6;10;14;72;67;69;1;4,5;2;
2023-06-17;1500;0;925,2;1021,8;925,9;925,1;2030,7;20;18,2;10,9;18,5;17,1;11,9;10,6;14;69;60;62;261;4;2,3;
2023-06-17;1600;0;924,2;1020,6;925,2;924,2;1811,6;21;18,4;8,5;19,3;18;11,2;8,2;13,6;63;50;53;277;6;3;
2023-06-17;1700;0;923,6;1019,5;924,4;923,6;2140,1;22;19,8;8,3;20,2;18,2;11,2;7,6;14;61;45;48;281;5,4;2,4;
2023-06-17;1800;0;923;1018,7;923,7;923;1969,7;22;20,1;3,8;20,5;19,4;9,6;3;13,9;52;31;34;256;5,8;2,4;
2023-06-17;1900;0;923,1;1019,2;923,2;923;1060,6;22;18,9;7,3;20,1;18,8;8,5;2,2;13,4;51;31;47;249;4;1,8;
2023-06-17;2000;0;923,5;1020,3;923,5;923,1;695,7;21;17,1;11,3;20,1;17,1;11,3;7,3;13,2;69;45;69;220;5,2;2,9;
2023-06-17;2100;0;924;1021,7;924;923,5;60,2;18;14,7;11;17,1;14,1;11,4;10,9;12,9;81;69;79;350;4,4;,6;
2023-06-17;2200;0;924,2;1022,6;924,2;924;-3,5;15;12,7;9,7;14,7;12,7;10,9;9,7;12,8;85;78;82;152;3,4;,9;
2023-06-17;2300;0;924,6;1023,6;924,7;924,2;-3,5;13;11,2;9,5;12,7;11;10,2;9;12,8;91;82;89;45;1,9;1,3;
2023-06-18;0000;0;924,8;1024,6;924,8;924,6;-3,5;11;9,3;7,9;11,2;9,3;9,4;7,3;12,8;91;87;91;230;1,8;,5;
2023-06-18;0100;0;925,1;1025;925,2;924,8;-3,5;10;8,9;7,4;9,7;8,8;8,5;7,4;12,7;92;90;90;78;2,4;,8;
2023-06-18;0200;0;925,1;1025,2;925,1;924,8;-3,5;9;8,5;7,3;9,3;8,2;8,3;7;12,7;94;90;92;4;1,9;,8;
2023-06-18;0300;0;924,9;1025,4;925,1;924,9;-3,5;9;7,4;6,5;8,7;7,2;7,6;6;12,7;94;92;94;53;1,9;1,2;
2023-06-18;0400;0;924,4;1024,7;924,9;924,4;-3,5;8;7,6;6,7;7,6;6,8;6,7;5,8;12,7;94;94;94;57;2,6;1,1;
2023-06-18;0500;0;924,3;1024,7;924,5;924,2;-3,5;7;7,4;6,5;7,7;7,1;6,8;6,2;12,7;94;94;94;8;1,8;,5;
2023-06-18;0600;0;924,4;1025,4;924,4;924,2;-3,5;7;5,9;5;8,5;5,9;7,5;4,9;12,7;94;91;94;351;2,5;,4;
2023-06-18;0700;,2;924,3;1025,7;924,4;924,2;-3,5;6;4,8;4,2;5,9;4,8;5;4,1;12,7;95;94;95;153;1,6;,9;
2023-06-18;0800;0;924,3;1025,8;924,3;924,2;-3,5;6;4,6;4;5,1;4,3;4,3;3,7;12,6;96;95;96;175;2;1,1;
2023-06-18;0900;0;925;1026,7;925;924,3;-3,5;5;4,1;3,6;5,3;3,9;4,7;3,3;12,6;96;96;96;147;2,7;1,8;
2023-06-18;1000;0;925,5;1027,1;925,5;925;9,4;5;4,5;4;4,6;3,8;4,1;3,3;12,6;96;96;96;145;2,7;1,7;
2023-06-18;1100;0;925,6;1026,3;925,6;925,4;406,5;6;6,9;6,2;6,9;4;6,2;3,5;13,8;96;95;95;160;2,6;1,2;
2023-06-18;1200;0;926,1;1025;926,1;925,5;1173,8;10;12;8,8;12;6,9;8,9;6,3;14,3;95;79;81;149;2,5;1,3;
2023-06-18;1300;0;926,3;1023,7;926,4;926,1;1822,8;14;16,2;9,3;16,2;12;9,5;8,2;14,1;81;62;64;142;3,3;1,5;
2023-06-18;1400;0;925,8;1022,3;926,4;925,8;2304,5;18;18,7;5,9;18,7;16,2;9,6;5,4;14;64;41;43;141;2,8;1,4;
2023-06-18;1500;0;925,3;1021;925,9;925,3;2578,5;21;20,7;5,6;20,9;18,7;6,8;4,4;13,8;43;34;37;93;3,1;1,1;
2023-06-18;1600;0;924,4;1019,4;925,3;924,4;2615;23;22,6;5,4;22,8;20,7;6,6;3,8;13,8;39;30;33;302;3,4;1,5;
2023-06-18;1700;0;923,7;1018,3;924,4;923,7;2425,9;24;23,7;5,8;23,7;22,3;6,1;1,2;13,8;33;24;32;276;4,1;1,9;
2023-06-18;1800;0;923,5;1018;923,7;923,5;2010,3;25;23,9;4,2;23,9;22,6;6,1;1,4;13,8;33;24;28;264;5,3;2,2;
2023-06-18;1900;0;923,4;1018,2;923,5;923,3;1404,4;25;23;5,3;23,9;22,8;5,3;1,3;13,8;32;23;32;280;4,5;2,6;
2023-06-18;2000;0;923,6;1019,5;923,6;923,4;664;24;19,6;8,7;23;19,6;8,7;4,4;13,2;49;30;49;216;5,2;3;
2023-06-18;2100;0;924,1;1021,3;924,1;923,6;64,9;20;16,2;8;19,7;16,1;8,2;7,6;12,9;59;46;58;216;5,7;,8;
2023-06-18;2200;0;924,6;1022,8;924,6;924,1;-3,5;17;13,4;8,3;16,4;13,4;8,4;6,9;12,8;71;54;71;53;2,8;,9;
2023-06-18;2300;0;925,4;1024,3;925,4;924,6;-3,5;14;11,7;8,3;13,4;11,5;8,5;7,8;12,8;80;71;80;46;2,9;1,1;
2023-06-19;0000;0;925,9;1024,9;925,9;925,4;-3,5;12;11,6;7,9;12,1;10,5;8,8;7,4;12,8;84;77;78;49;2,3;1,5;
2023-06-19;0100;0;925,9;1025,3;926;925,8;-3,5;11;10,7;7,1;11,8;10,4;7,8;6,6;12,7;82;76;79;160;2,4;,7;
2023-06-19;0200;0;926;1026,1;926;925,9;-3,5;10;8,6;7,1;11;8,3;7,4;6,4;12,7;91;78;90;137;2;,9;
2023-06-19;0300;0;926;1026,7;926,2;926;-3,5;9;7,2;6,1;9;7,2;7,5;5,9;12,7;92;87;92;149;1,8;1,2;
2023-06-19;0400;0;925,8;1026,6;926;925,8;-3,5;8;6,9;5,8;8,1;6,9;7;5,8;12,7;93;92;93;146;2,2;1,3;
2023-06-19;0500;0;925,1;1025,7;925,8;925,1;-3,5;8;7,1;6;7,3;6,8;6,2;5,7;12,7;94;92;93;149;3,3;2;
2023-06-19;0600;0;924,6;1025,3;925;924,5;-3,5;8;6,7;5,6;7,1;6,5;5,9;5,4;12,6;93;92;93;153;2,7;1,6;
2023-06-19;0700;0;924,6;1025,2;924,6;924,5;-3,5;7;6,9;5,7;6,9;6,5;5,8;5,2;12,6;93;92;92;157;2,9;2,1;
2023-06-19;0800;,2;924,8;1025,3;924,8;924,5;-3,5;7;7,4;5,3;7,4;6,9;5,8;5;12,6;92;87;87;152;3,8;2,3;
2023-06-19;0900;0;925,4;1025,3;925,4;924,7;-3,5;8;9;4,8;9,4;7,4;5,3;4,6;12,6;87;74;75;152;4,1;2,1;
2023-06-19;1000;0;926,2;1025,7;926,2;925,4;7,3;9;10,3;6;10,4;9;6;4,8;12,6;75;71;75;143;3,5;1,8;
2023-06-19;1100;0;927,1;1026;927,1;926,2;396,5;10;12,2;8,2;12,2;9,9;8,2;5,9;13,8;78;75;76;149;4,3;2;
2023-06-19;1200;0;927,6;1025,3;927,6;927,1;1150,9;14;15,8;10,3;15,8;12,2;10,4;8;14,1;76;68;70;133;5,1;1,9;
2023-06-19;1300;0;927,7;1024,5;927,9;927,6;1803,5;17;18,4;10,2;18,5;15,8;10,7;9,8;14;70;58;59;122;5,5;2,4;
2023-06-19;1400;0;927,3;1023,3;927,7;927,3;2295,6;20;20,6;9,3;20,8;18,2;11,2;9,1;13,8;61;47;48;95;5,7;2,6;
2023-06-19;1500;0;926,6;1021,9;927,3;926,5;2575,7;22;22,3;9,3;22,9;20,5;11,1;8,8;13,9;51;41;44;85;5,7;2,2;
2023-06-19;1600;0;925,7;1020,7;926,6;925,7;2613,8;25;23,1;10,5;23,7;22,2;11,2;8,6;13,7;47;38;45;45;5,8;2,9;
2023-06-19;1700;0;924,8;1019,3;925,7;924,8;2397,8;26;24,3;9,4;24,6;23,2;10,2;7,8;13,8;45;36;39;45;5,8;2;
2023-06-19;1800;0;924,7;1019,3;924,9;924,7;1972;27;24;8,1;24,8;23,7;10,6;7,2;13,9;41;34;36;52;5,1;1,8;
2023-06-19;1900;0;924,7;1019,4;924,7;924,6;1371,3;27;23,7;9,6;25;23,5;10,7;7,4;13,9;43;35;41;64;3,9;1,7;
2023-06-19;2000;0;925;1020,5;925;924,7;631,8;26;21,2;10,4;23,9;21,2;11,1;8,6;13,1;52;38;50;168;3,6;,7;
2023-06-19;2100;0;925,3;1021,8;925,3;925;51,3;22;18,4;10,3;21,2;18,4;11,5;9,5;12,9;59;48;59;142;2,1;1,2;
2023-06-19;2200;0;925,3;1023,1;925,3;925,2;-3,5;18;14,9;10,5;18,4;14,6;11;10,3;12,8;76;59;75;139;2,5;1,4;
2023-06-19;2300;0;926;1024,2;926;925,3;-3,5;16;13,8;9,5;14,9;13,3;10,4;9,5;12,8;78;72;76;142;3;1,7;
2023-06-20;0000;0;926,4;1024,5;926,4;926;-3,5;15;14,4;9;14,7;13;9,5;8,8;12,8;78;69;70;148;3,4;1,7;
2023-06-20;0100;0;926,6;1024,6;926,6;926,4;-3,5;15;14,6;9,8;14,8;14,3;9,8;9,1;12,8;74;70;73;146;4;2,1;
2023-06-20;0200;0;926,5;1024,6;926,6;926,4;-3,5;15;14,3;9,4;14,6;13,9;9,8;9,4;12,7;75;72;72;145;4;2,3;
2023-06-20;0300;0;926,1;1024,6;926,6;926,1;-3,5;14;13,2;8,6;14,3;12,8;9,4;8,6;12,7;76;72;74;148;3,9;2,3;
2023-06-20;0400;0;925,9;1024,2;926,1;925,9;-3,5;13;13,7;8,4;13,7;11,9;8,7;8,3;12,7;80;70;70;143;3,8;2,2;
2023-06-20;0500;0;925,5;1023,6;925,9;925,5;-3,5;14;13,9;8,2;13,9;13,4;8,4;8,1;12,7;70;69;69;144;4,9;2,7;
2023-06-20;0600;0;925,1;1023,6;925,6;925,1;-3,5;13;12,7;8;13,9;12,5;8,3;8;12,7;74;69;73;139;4,8;2;
2023-06-20;0700;0;925,2;1023,9;925,3;925,1;-3,5;13;12,3;8,3;12,8;12;8,3;8;12,7;77;73;77;124;3,9;1,4;
2023-06-20;0800;0;925,3;1023,7;925,3;925,2;-3,5;12;13,2;8,2;13,2;11,7;8,4;8;12,6;78;72;72;133;4,9;2,2;
2023-06-20;0900;0;925,4;1023,7;925,5;925,3;-3,5;13;13,4;8,1;13,6;13;8,3;8,1;12,6;72;69;70;126;5,3;2,6;
2023-06-20;1000;0;925,9;1024,3;925,9;925,4;6,1;13;13,3;8,1;13,7;13,3;8,2;8;12,6;71;69;71;118;5,9;2,5;
2023-06-20;1100;0;926,5;1024,4;926,5;925,9;375,7;14;14,9;8,8;14,9;13,2;8,9;8,1;13,7;72;66;67;120;7;2,9;
2023-06-20;1200;0;927,3;1024,6;927,3;926,5;1116,1;17;16,8;9,6;16,8;14,9;9,6;8,6;14,1;67;62;63;123;8,2;3,3;
2023-06-20;1300;0;927,6;1024,2;927,6;927,3;1765,5;19;19;9,6;19,7;16,8;10,8;9,4;13,9;63;52;55;116;6,4;2,6;
2023-06-20;1400;0;927,3;1023;927,6;927,3;2250,8;22;21,3;10,2;21,8;19;11,1;9,3;13,8;56;47;49;79;5,9;2,1;
2023-06-20;1500;0;926,7;1021,8;927,4;926,7;2521,5;24;23,1;11,1;23,1;21;11,4;9,2;13,8;49;44;47;89;5,9;1,8;
2023-06-20;1600;0;925,7;1020,5;926,7;925,7;2561,7;25;23,5;10,1;23,8;22,8;12,1;8,3;13,8;49;38;43;78;4,9;2,1;
2023-06-20;1700;0;924,9;1019,6;925,7;924,9;2370,3;26;23,8;8,7;24,7;23,1;10,4;7,8;13,7;45;36;38;121;4,3;1,4;
2023-06-20;1800;0;924,2;1018,6;924,9;924,2;1915,3;27;24,2;8,3;24,6;23,3;9,6;7,5;13,7;41;35;36;138;4,2;,8;
2023-06-20;1900;0;923,9;1018,5;924,2;923,9;1363,9;27;23,6;8,9;24,3;23,4;10,2;8,1;13,9;42;36;39;118;3,2;,9;
2023-06-20;2000;0;923,8;1018,9;923,9;923,8;618,8;26;22;10,4;23,7;22;12,1;8,3;13,1;52;38;48;192;2,5;,4;
2023-06-20;2100;0;924;1020,4;924;923,8;51;22;18,5;9,6;22;18;11,8;9,6;12,9;60;48;56;127;2,3;1;
2023-06-20;2200;0;924,3;1022,1;924,3;924;-3,5;19;14,6;10,6;18,9;14,6;10,8;9,5;12,8;77;55;77;145;2,8;1,9;
2023-06-20;2300;0;924,5;1022,8;924,5;924,3;-3,5;16;13,3;10;14,6;13,2;10,6;9,9;12,8;81;77;80;146;2,9;2,2;
2023-06-21;0000;0;924,9;1023,4;924,9;924,5;-3,5;15;12,8;9,5;13,6;12,7;10;9,4;12,8;81;77;80;151;3,6;2;
2023-06-21;0100;0;925;1023,1;925;924,8;-3,5;14;14;9,4;14,5;12,8;9,7;9,1;12,7;80;72;74;147;3,6;1,9;
2023-06-21;0200;0;925,1;1023,3;925,1;925;-3,5;14;13,7;9,5;14,4;13,4;9,6;9,3;12,7;76;73;76;147;3,9;2;
2023-06-21;0300;0;925;1023,2;925,1;925;-3,5;14;13,5;9,4;14;13,1;9,5;9,2;12,7;78;74;77;150;3,9;1,9;
2023-06-21;0400;0;924,9;1023,4;925;924,8;-3,5;14;12,8;8,9;13,7;12,8;9,5;8,9;12,7;78;75;78;153;3,9;2;
2023-06-21;0500;0;924,4;1022,6;924,9;924,4;-3,5;13;13,4;9,1;13,6;12,4;9,3;8,7;12,7;79;75;75;152;4;2;
2023-06-21;0600;0;924,1;1022,4;924,4;924,1;-3,5;13;13;8,6;13,6;12,3;9,1;8,3;12,7;78;74;75;151;3,4;2,3;
2023-06-21;0700;0;924;1022,6;924,1;923,9;-3,5;13;12,1;8,4;13;11,6;8,8;7,9;12,6;80;75;78;145;3,3;2;
2023-06-21;0800;0;923,9;1022,3;924;923,9;-3,5;13;12,7;8,4;12,9;12,1;8,5;8;12,6;78;74;75;151;3,6;2,2;
2023-06-21;0900;0;924,2;1022,8;924,2;923,9;-3,5;13;12,3;8,2;12,9;12,1;8,4;8;12,6;76;74;76;149;3,8;2,2;
2023-06-21;1000;0;924,5;1023;924,5;924,2;6,2;12;12,6;8,3;12,6;11,9;8,3;8;12,6;77;75;75;141;4,5;2,3;
2023-06-21;1100;0;925;1023;925;924,5;375,8;13;14,2;9,1;14,2;12,4;9,1;8,2;13,7;76;71;71;145;4,6;2,5;
2023-06-21;1200;0;925,8;1022,9;925,8;925;1112,1;16;16,9;9,8;17,1;14,2;10,5;9;14,1;71;62;63;135;4,5;1,8;
2023-06-21;1300;0;925,9;1022,2;926;925,8;1762,5;19;19,4;10,3;19,7;16,9;10,8;9,7;13,9;64;53;56;107;4,3;1,4;
2023-06-21;1400;0;925,5;1021;926;925,5;2256,6;22;21,5;10,7;21,5;19,3;11,1;9,6;13,8;58;49;50;88;4,4;1,6;
2023-06-21;1500;0;925;1020;925,5;925;2541,2;24;22,8;10;23,2;21,4;11,3;8,3;13,8;52;40;44;60;6,6;2,1;
2023-06-21;1600;0;924;1018,7;925;924;2574,1;25;23,5;9,8;23,6;22,3;10,7;8,2;13,8;46;38;42;90;5,4;2,1;
2023-06-21;1700;0;923,3;1017,7;924;923,3;2375,7;26;24;8,4;24,2;23,1;10,7;7;13,8;44;34;37;45;4,7;1,9;
2023-06-21;1800;0;923;1017,6;923,3;923;1953,6;27;23,5;8,2;24,3;23,2;9,4;7,2;13,8;40;35;38;141;4,4;1,5;
2023-06-21;1900;0;922,6;1017,1;923;922,6;1344,5;27;23,5;8,3;24,1;23,2;9,2;7,2;13,8;40;35;38;116;3,9;1,1;
2023-06-21;2000;0;922,7;1017,8;922,7;922,4;623,7;26;21,8;8,8;23,5;21,8;10,3;7,6;13,1;48;35;44;129;2,4;,6;
2023-06-21;2100;0;922,9;1019,4;922,9;922,7;54,4;22;17,8;9,3;21,8;17,8;10,5;8,5;12,9;58;42;58;117;1,9;1;
2023-06-21;2200;0;923,2;1021;923,2;922,9;-3,5;18;14,2;10,3;17,8;14,2;10,7;9,4;12,8;77;58;77;152;2,4;,9;
2023-06-21;2300;0;923,5;1021,6;923,5;923,2;-3,5;16;13,4;10,1;14,2;12,9;10,4;9,8;12,8;83;77;81;147;2,5;2,1;
2023-06-22;0000;0;923,8;1021,7;923,8;923,4;-3,5;14;14;9,9;14;12,4;10,1;9,5;12,8;82;76;76;147;3,4;2;
2023-06-22;0100;0;923,9;1022;924;923,8;-3,5;14;13,5;9,3;14,3;13,4;9,8;9,2;12,7;76;72;76;148;3,6;2;
2023-06-22;0200;0;924;1021,7;924;923,8;-3,5;15;14,6;9,3;14,8;13,5;9,5;9,1;12,7;76;70;70;146;4,1;2,4;
2023-06-22;0300;0;923,8;1021,9;924,1;923,8;-3,5;14;13,6;9,2;14,8;12,6;9,3;8,8;12,7;79;70;75;148;4,2;2,3;
2023-06-22;0400;0;923,7;1021,7;923,8;923,6;-3,5;14;13,7;9;14,3;13,2;9,2;8,8;12,7;75;71;73;157;4,6;2;
2023-06-22;0500;0;923,2;1021,4;923,8;923,2;-3,5;14;13,1;8,7;14;13,1;9;8,7;12,7;75;72;75;146;3,5;2;
2023-06-22;0600;0;923;1021,1;923,2;923;-3,5;13;13,2;8,7;13,4;12,9;8,9;8,6;12,7;76;74;74;151;3,7;1,8;
2023-06-22;0700;0;922,9;1021,3;923;922,8;-3,5;13;12,5;8,4;13,2;12,3;8,7;8,3;12,7;77;74;76;147;3,3;1,7;
2023-06-22;0800;0;923,4;1021,8;923,4;922,9;-3,5;13;12,5;8,3;12,6;12,3;8,4;8,2;12,6;77;75;75;143;3,8;1,5;
2023-06-22;0900;0;923,9;1022,4;923,9;923,3;-3,5;12;12,4;8,2;12,7;12;8,3;8;12,6;77;75;75;143;3,1;1,8;
2023-06-22;1000;0;924,6;1023,2;924,6;923,9;8,7;12;12,3;8,3;12,6;12;8,4;8;12,6;77;75;76;128;4,1;1,7;
2023-06-22;1100;0;925,1;1023;925,1;924,7;372,5;13;14,5;9;14,5;12,3;9,1;8,3;13,7;76;70;70;126;4,2;1,9;
2023-06-22;1200;0;925,7;1022,9;925,7;925,1;1102;16;16,5;9,7;16,5;14,5;10,1;8,8;14,1;70;64;64;125;4,6;2,1;
2023-06-22;1300;0;926;1022,4;926;925,7;1739,3;19;18,9;10,2;18,9;16,5;10,3;9,3;14;66;55;57;109;4,3;2;
2023-06-22;1400;0;925,6;1021,3;926;925,6;2226,9;21;21;10,5;21,1;18,9;11,1;9,2;13,9;57;49;51;98;5,1;1,7;
2023-06-22;1500;0;924,9;1020;925,6;924,9;2498,2;23;22,6;8,9;22,7;20,9;11,1;8,2;13,9;52;41;42;67;4,7;1,8;
2023-06-22;1600;0;923,8;1018,6;924,9;923,8;2545,5;25;23;8,3;23,4;22;10,7;7,5;13,8;46;37;39;104;4,5;1,8;
2023-06-22;1700;0;923;1017,4;923,8;923;2354,4;26;24,1;8;24,3;22,6;9,6;6,9;13,8;41;34;36;70;4,8;1,5;
2023-06-22;1800;0;922,5;1016,8;923;922,4;1938,3;27;24,1;7,5;24,5;23,4;9,3;7,1;13,8;39;34;35;117;4,2;1,1;
2023-06-22;1900;0;922,5;1017,1;922,5;922,3;1345,7;27;23,2;8,3;24,5;23,2;9,6;7,4;13,8;41;34;38;122;4,6;1,4;
2023-06-22;2000;0;922,6;1017,5;922,6;922,4;624,9;26;22,3;11,2;24,1;21,7;12,3;7,8;13,1;54;37;49;77;3,3;,5;
2023-06-22;2100;0;922,8;1019,4;922,8;922,5;58,2;22;17,6;10;22,3;17,4;12,5;9,8;12,9;62;49;61;104;1,5;,7;
2023-06-22;2200;0;923,1;1020,9;923,1;922,8;-3,5;18;14,3;10,6;17,7;14,3;10,8;9,9;12,8;78;61;78;151;2,4;1,4;
2023-06-22;2300;0;923,5;1021,8;923,5;923,1;-3,5;16;13;10,1;14,7;13;10,8;10,1;12,8;82;78;82;143;2,9;2;
2023-06-23;0000;0;923,8;1021,9;923,9;923,5;-3,5;14;13,5;9,9;13,5;12,6;10,1;9,8;12,8;84;79;79;154;3,4;1,8;
2023-06-23;0100;0;923,8;1021,5;923,8;923,7;-3,5;14;14,6;9,9;14,6;12,8;10;9,5;12,7;81;74;74;149;3,9;2,2;
2023-06-23;0200;0;923,9;1022,1;923,9;923,7;-3,5;15;13,3;9,5;14,6;13,2;9,9;9,5;12,7;78;73;78;150;4,6;1,6;
2023-06-23;0300;0;923,8;1022,1;924;923,7;-3,5;14;13,1;9;13,8;13;9,7;9;12,7;79;76;76;170;3;1;
2023-06-23;0400;0;923,7;1022,6;923,8;923,6;-3,5;13;11,2;9,3;13,1;10,8;9,3;8,8;12,7;88;76;88;178;1,9;1,1;
2023-06-23;0500;0;923,4;1022,7;923,7;923,3;-3,5;11;10,1;8,7;11,2;10;9,2;8,2;12,7;91;85;91;148;2,2;1,1;
2023-06-23;0600;0;923,2;1022,7;923,4;923,2;-3,5;11;9,4;8,3;10,1;9,2;8,7;7,9;12,7;93;91;93;150;2,4;1,5;
2023-06-23;0700;0;922,9;1022,6;923,3;922,9;-3,5;10;8,9;7,9;9,6;8,9;8,4;7,8;12,6;93;92;93;159;2,1;1,4;
2023-06-23;0800;0;922,8;1022,6;923;922,8;-3,5;10;8,6;7,6;9;8,5;7,9;7,5;12,6;94;93;94;159;1,9;1,3;
2023-06-23;0900;0;923,1;1022,9;923,1;922,8;-3,5;9;8,6;7,6;8,8;7,8;7,8;6,9;12,6;94;93;94;156;2,4;1,3;
2023-06-23;1000;0;923,5;1023,6;923,5;923,1;12,3;9;8,1;7,2;8,8;7,8;7,8;6,8;12,6;94;93;94;145;2;1;
2023-06-23;1100;0;923,8;1022,9;923,8;923,4;343,5;10;10,8;9,5;10,8;8,1;9,5;7,2;13,6;94;92;92;138;2,5;1;
2023-06-23;1200;0;924,4;1021,9;924,4;923,8;938,1;13;15,3;10,9;15,3;10,8;11,1;9,4;14,2;92;74;75;145;2;1;
2023-06-23;1300;0;924,6;1020,9;924,8;924,4;1547,9;17;19;10,9;19;15,3;12;10,1;14;75;58;59;81;4;2;
2023-06-23;1400;0;924,5;1020,2;924,6;924,3;2192,2;20;20,7;11;20,9;19;11,5;9,9;13,8;61;51;54;75;4,2;1,8;
2023-06-23;1500;0;923,6;1018,7;924,5;923,6;2306,2;23;22,2;9,6;22,3;20,7;11,7;9,6;13,9;55;45;45;79;4,2;1,8;
2023-06-23;1600;0;922,4;1016,8;923,6;922,4;2295,7;25;23,8;10,4;24,3;21,9;11,6;9;13,9;50;40;43;48;4;1,9;
2023-06-23;1700;0;921,9;1016,4;922,4;921,8;1992,7;26;23,3;9;24,2;23;10,8;7,9;13,9;45;37;40;52;5,4;2,2;
2023-06-23;1800;0;921,1;1015,4;922;921;1851,6;26;23,8;8,7;24,4;23,2;11;8,4;13,8;43;37;38;56;4,9;2,1;
2023-06-23;1900;0;921,4;1016,2;921,5;921;1004,5;26;22,4;9,8;23,8;22,4;11,1;9;13,2;47;38;45;135;3,9;1,2;
2023-06-23;2000;0;921,8;1017,2;921,8;921,4;430,4;24;20,7;11;22,4;20,7;11,8;10;13,1;57;45;54;137;2,7;1;
2023-06-23;2100;0;921,9;1018,4;921,9;921,7;43,3;21;17,6;12,4;20,7;17,6;12,5;10,7;12,8;72;53;72;137;2,3;1,4;
2023-06-23;2200;0;922,7;1020,2;922,7;921,9;-3,5;18;15;11,9;17,6;15;12,5;11,6;12,8;81;70;81;155;2,6;1,7;
2023-06-23;2300;0;923,1;1021;923,1;922,7;-3,5;16;13,9;11,2;15,4;13,8;11,9;11,2;12,8;84;79;84;154;2,8;1,8;
2023-06-24;0000;0;923,5;1021,5;923,6;923,1;-3,5;15;13,6;10,5;13,9;13,1;11,2;10,5;12,8;85;82;82;152;3,5;2,3;
2023-06-24;0100;0;923,7;1021,7;923,8;923,5;-3,5;14;13,7;10,5;13,9;12,7;10,6;10,1;12,7;84;80;81;155;3,5;2;
2023-06-24;0200;0;923,8;1022,2;923,8;923,6;-3,5;14;12,6;10;14,3;12,6;10,6;10;12,7;85;78;84;149;3,7;1,8;
2023-06-24;0300;0;923,4;1021,3;923,8;923,3;-3,5;14;13,9;10;14;12,6;10,3;10;12,7;85;77;77;155;3,5;2;
2023-06-24;0400;0;923;1020,7;923,4;923;-3,5;14;14,4;9,8;14,5;13,8;10,1;9,7;12,7;78;74;74;142;4,1;2,1;
2023-06-24;0500;0;922,9;1020,5;923;922,9;-3,5;14;14,6;9,7;14,8;14,2;9,8;9,5;12,7;74;72;73;142;3,9;2;
2023-06-24;0600;0;922,7;1021,1;923;922,7;-3,5;14;12,4;9,1;14,8;12,4;9,7;9,1;12,7;80;72;80;143;3,9;1,7;
2023-06-24;0700;0;922,7;1021,2;922,8;922,6;-3,5;13;12,2;9,2;14,1;12,2;9,8;8,7;12,6;82;74;82;138;3,6;1,4;
2023-06-24;0800;0;922,5;1021,5;922,7;922,5;-3,5;12;10,6;8,7;12,3;10,5;9,2;8,5;12,6;88;81;88;139;2,5;1,3;
2023-06-24;0900;0;923;1021,9;923,1;922,5;-3,5;12;11;8,9;11,3;10,4;9,2;8,3;12,6;89;85;87;151;3,4;2;
2023-06-24;1000;0;923,4;1021,8;923,4;923;3,3;12;12,5;9;12,5;11;9,2;8,7;12,6;87;79;79;153;3,5;2;
2023-06-24;1100;0;924;1022,2;924;923,4;195;12;13,2;9,3;13,2;10,7;9,6;8;13,2;85;77;77;141;3,9;1,9;
2023-06-24;1200;0;925;1022;925;924;911,8;15;16,9;10,7;16,9;12,8;10,8;9,3;14,1;80;66;67;131;3,8;2;
2023-06-24;1300;0;925,1;1021;925,1;924,8;1812,9;19;20,2;11;20,2;16,9;11,6;10,3;13,9;67;54;56;110;4,2;1,4;
2023-06-24;1400;0;924,8;1020;925,1;924,8;1849,8;22;22;11,2;22;19,8;11,7;10,3;13,9;58;49;51;79;4,1;1,7;
2023-06-24;1500;0;924,6;1019,6;924,9;924,5;1848,7;24;22,7;10,7;23;21,7;12,1;10,1;13,9;52;45;47;70;4,7;1,2;
2023-06-24;1600;0;923,8;1018,7;924,6;923,8;1778,9;24;22,8;9,8;23,1;22,2;11,4;9,2;13,9;49;42;44;117;4,5;1,4;
2023-06-24;1700;0;923,1;1017,7;923,8;923,1;2065,6;25;23,3;9,8;23,9;22,2;11,1;9,2;13,8;47;41;42;131;4;1,6;
2023-06-24;1800;0;922,8;1017,2;923,1;922,7;1654,2;26;23,9;9,3;24,1;22,7;10,9;8,6;13,9;46;38;40;102;4;1;
2023-06-24;1900;0;922,5;1017,2;922,7;922,5;1115,3;26;22,9;11,3;24,1;22,4;11,3;8,5;13,2;48;38;48;65;3,3;,6;
2023-06-24;2000;0;922,8;1018,4;922,8;922,4;560,8;25;20,5;11;23;20,5;11,8;10;13,1;57;46;54;55;4,4;,9;
2023-06-24;2100;0;922,8;1019,4;922,9;922,7;55,9;21;17,4;11;20,5;17,4;11,6;10,7;12,9;66;54;66;79;2,1;,6;
2023-06-24;2200;0;923,3;1020,7;923,3;922,8;-3,5;18;15,3;11,6;17,5;15,1;12;10,7;12,8;80;65;79;143;2,6;1,8;
2023-06-24;2300;0;923,6;1021,7;923,6;923,3;-3,5;16;13,4;10,7;15,3;13,4;11,6;10,7;12,8;84;79;84;147;2,6;1,8;
2023-06-25;0000;0;923,8;1022,1;923,8;923,6;-3,5;15;12,9;10,6;13,7;12,8;11;10,5;12,8;86;84;86;152;3;2,1;
2023-06-25;0100;0;924,5;1022,8;924,5;923,8;-3,5;14;13,3;10,4;13,7;12,6;10,7;10,1;12,7;86;82;82;148;3,6;2;
2023-06-25;0200;0;924,8;1022,9;924,8;924,5;-3,5;14;13,7;10,1;14,1;13,3;10,5;9,8;12,7;82;77;79;153;3,2;2,1;
2023-06-25;0300;0;924,9;1023,5;925;924,8;-3,5;14;12,5;9,7;14;12,5;10,2;9,5;12,7;83;77;83;147;3,1;1,9;
2023-06-25;0400;0;924,6;1022,9;925;924,6;-3,5;14;13,2;9,9;13,6;12,4;10,2;9,7;12,7;84;79;80;150;3,1;1,8;
2023-06-25;0500;0;924,1;1022,1;924,6;924,1;-3,5;14;13,8;9,9;14,1;13;10,1;9,7;12,7;81;76;78;152;3,6;1,8;
2023-06-25;0600;0;923,9;1022;924,1;923,9;-3,5;14;13,6;9,8;13,8;12,7;10;9,5;12,7;82;78;78;148;3,4;2;
2023-06-25;0700;0;923,7;1021,8;923,9;923,7;-3,5;14;13,6;9,7;13,9;13,1;9,9;9,5;12,7;79;77;77;149;3,3;1,8;
2023-06-25;0800;0;923,6;1021,8;923,7;923,5;-3,5;13;13,2;9,5;13,6;13,1;9,7;9,4;12,6;78;77;78;147;3,5;1,9;
2023-06-25;0900;0;924,1;1022,5;924,1;923,6;-3,5;13;12,8;9,4;13,2;12,3;9,7;9;12,6;82;78;80;153;3,5;2,2;
2023-06-25;1000;0;924,8;1023,9;924,8;924;4;13;11;8,6;12,8;11;9,6;8,5;12,6;85;80;85;148;3,7;2,3;
2023-06-25;1100;0;925,3;1023,7;925,3;924,8;253,1;13;13,1;9,8;13,1;10,9;9,9;8,5;13,4;87;80;80;147;3,6;2,1;
2023-06-25;1200;0;925,8;1023,3;925,8;925,3;825,1;15;15,8;11,3;15,8;13,1;11,5;9,8;14;81;74;74;143;3,7;1,7;
2023-06-25;1300;0;926,2;1022,7;926,3;925,8;1397;18;18,9;11,1;19,5;15,8;12,3;11;13,9;76;59;60;83;5;2;
2023-06-25;1400;0;926,2;1021,9;926,5;926,2;1928;21;21,1;11,9;21,1;18,9;11,9;10,6;13,9;61;53;55;46;6;1,9;
2023-06-25;1500;0;925,7;1021,1;926,3;925,7;1941;23;21,8;10,9;22,4;20,8;12,4;10,1;13,9;57;47;50;57;6;1,9;
2023-06-25;1600;0;924,6;1019,2;925,7;924,6;2218,4;24;23,8;10;23,8;21,7;11,4;8,1;13,8;51;38;42;46;4;1,4;
2023-06-25;1700;0;924,1;1018,5;924,6;924,1;1989,7;26;24,2;9,1;24,2;22,7;10;7,6;13,8;44;36;38;65;3,9;1,5;
2023-06-25;1800;0;923,5;1017,9;924,1;923,5;1794,6;27;24,2;8,8;24,7;23,3;10;7,2;13,8;42;34;38;76;4;1,4;
2023-06-25;1900;0;923,5;1018;923,5;923,3;1408,9;27;23,8;10,3;24,8;23,8;10,3;7,8;13,8;42;34;42;52;4,1;1,3;
2023-06-25;2000;0;923,5;1018,6;923,6;923,5;662,7;26;22;11,7;23,9;21,9;11,7;9,3;13,1;52;41;52;58;3,3;,9;
2023-06-25;2100;0;923,7;1020,5;923,7;923,5;64,6;23;17,1;10,8;22,1;17,1;12,1;10,8;12,9;66;52;66;80;2,5;1;
2023-06-25;2200;0;924,1;1021,9;924,1;923,7;-3,5;18;14,5;11,1;17,1;14,5;11,5;10,4;12,8;80;66;80;136;3,5;1,8;
2023-06-25;2300;0;924,9;1023,2;924,9;924,1;-3,5;16;13,3;10,4;14,5;13,2;11;10,2;12,8;84;80;83;162;3,5;1,6;
2023-06-26;0000;0;925,4;1024;925,4;924,9;-3,5;14;12,5;10,1;13,3;12,3;10,4;9,8;12,8;86;83;85;140;2,3;1,4;
2023-06-26;0100;0;925,3;1024,2;925,4;925,3;-3,5;13;11,8;9,6;12,5;11,7;10;9,6;12,7;87;85;86;148;2,9;2;
2023-06-26;0200;0;925,4;1024,5;925,5;925,3;-3,5;13;11,3;9,3;11,8;11,2;9,6;9,2;12,7;88;86;87;153;3,4;2;
2023-06-26;0300;0;925,1;1024,2;925,4;925,1;-3,5;12;11,2;9;11,6;11;9,5;8,8;12,7;88;86;86;150;3,4;2,2;
2023-06-26;0400;0;924,6;1023,5;925,1;924,6;-3,5;12;11,6;9,1;13;11,1;9,8;8,6;12,7;87;79;85;153;3,8;2,1;
2023-06-26;0500;0;923,6;1022,1;924,6;923,6;-3,5;12;12,4;9,5;12,4;11,4;9,5;9;12,7;86;82;83;148;3,5;2,1;
2023-06-26;0600;0;923,3;1022;923,6;923,3;-3,5;12;11,6;8,7;13,1;11,6;9,8;8,7;12,7;83;79;83;137;3,5;1,5;
2023-06-26;0700;0;923,4;1022,6;923,4;923,3;-3,5;12;10,3;8,8;11,7;10,1;9,4;8,2;12,6;91;83;90;139;3,3;1,5;
2023-06-26;0800;0;923,4;1022,8;923,5;923,3;-3,5;11;9,8;8,3;10,8;9,8;9,5;8,2;12,6;92;89;90;160;2,1;,4;
2023-06-26;0900;0;924;1023,9;924;923,4;-3,5;10;8,7;7,6;10,3;8,7;9,1;7,6;12,6;93;90;93;151;1,8;,9;
2023-06-26;1000;0;924,6;1024,8;924,6;924;6,3;9;8,1;7,2;8,8;7,8;7,8;6,9;12,6;94;93;94;152;2,2;1,9;
2023-06-26;1100;0;925,5;1024,7;925,5;924,6;366,6;10;11;9,4;11;8,1;9,4;7,3;13,7;94;89;90;149;2,9;1,5;
2023-06-26;1200;0;925,9;1023,5;925,9;925,5;1116,3;13;15,5;11,6;15,5;11;11,6;9,5;14,1;90;77;77;145;2,3;1,1;
2023-06-26;1300;0;926,2;1022,2;926,2;925,9;1769,8;18;20,1;11;20,6;15,5;13,2;10,5;13,9;78;53;56;71;4,8;2,1;
2023-06-26;1400;0;926;1021,4;926,3;925,9;2264,5;21;22;11,8;22,5;20,1;12,2;10,4;13,8;56;49;52;64;5,3;1,7;
2023-06-26;1500;0;925,6;1020,7;926;925,6;2548,9;24;22,6;10,3;22,9;21,3;12,2;9,9;13,9;53;45;46;86;5,8;2,6;
2023-06-26;1600;0;924,8;1019,5;925,6;924,8;2583;25;23,7;12,2;23,8;22,6;12,3;10;13,8;49;44;49;48;6,6;3;
2023-06-26;1700;0;924;1018,5;924,8;924;2380,2;26;24,1;10,8;24,3;23,5;12,1;9,9;13,8;48;41;43;105;5,7;1,5;
2023-06-26;1800;0;923,4;1017,7;924;923,4;1959;27;24,5;10,7;24,6;23,8;11,5;9,7;13,8;45;40;42;80;5,4;1,5;
2023-06-26;1900;0;923,3;1018;923,4;923,3;1369;27;23,3;10,4;24,6;23,3;11,3;9,6;13,8;45;39;44;38;5,8;2,9;
2023-06-26;2000;0;923,5;1018,7;923,5;923,2;656,4;26;21,7;11,1;23,4;21,7;11,4;9,9;13,1;51;43;51;40;5,9;1,4;
2023-06-26;2100;0;923,8;1020,3;923,9;923,5;67,1;22;18,2;10,5;21,7;17,8;11,6;10,2;12,9;62;51;61;144;2,6;,6;
2023-06-26;2200;0;924;1021,5;924;923,8;-3,5;18;15,3;11,2;18,2;14,6;11,3;10,4;12,8;79;61;77;144;2,6;1;
2023-06-26;2300;0;924,5;1022,6;924,5;924;-3,5;16;13,8;10,6;15,3;13,6;11,1;10,4;12,8;81;76;81;151;3,1;1,6;
2023-06-27;0000;0;924,8;1022,9;924,8;924,5;-3,5;15;13,8;10,2;13,9;12,9;10,6;10;12,8;83;79;79;152;3,6;2,5;
2023-06-27;0100;0;925,1;1023,2;925,1;924,8;-3,5;14;13,9;9,8;14,5;13;10,3;9,7;12,8;81;74;76;148;3,6;2,5;
2023-06-27;0200;0;925;1023;925,1;924,9;-3,5;14;14,3;9,8;14,4;13,7;9,9;9,5;12,7;77;74;74;149;3,7;2,5;
2023-06-27;0300;0;924,9;1023,3;925;924,9;-3,5;14;13,1;9,5;14,6;13;9,8;9,2;12,7;79;73;79;148;3,5;2,3;
2023-06-27;0400;0;924,8;1023,6;924,9;924,8;-3,5;14;11,8;9,1;13,1;11,8;9,5;9;12,7;84;79;84;145;3,3;2,4;
2023-06-27;0500;0;924,3;1023,2;924,8;924,3;-3,5;13;11,5;9;11,8;11,4;9,2;8,9;12,7;85;84;85;149;3,4;2,3;
2023-06-27;0600;0;924,2;1023,2;924,4;924,2;-3,5;12;11,2;8,7;11,7;11,2;9,1;8,7;12,7;85;84;85;145;3,4;2,2;
2023-06-27;0700;0;923,9;1022,9;924,2;923,9;-3,5;12;11,2;8,8;11,9;11;9;8,5;12,6;86;82;85;145;3,3;2,6;
2023-06-27;0800;0;923,9;1023,1;924;923,8;-3,5;12;10,6;8,5;11,3;10,4;8,8;8,3;12,6;87;84;87;154;3,5;2,4;
2023-06-27;0900;0;924,1;1023,4;924,2;923,9;-3,5;11;10,3;8,3;10,7;10,1;8,6;8,2;12,6;88;86;88;153;3,7;2,8;
2023-06-27;1000;0;924,4;1023,9;924,5;924,1;6,3;11;9,9;8,2;10,4;9,9;8,5;8,1;12,6;89;87;89;149;3,8;2,7;
2023-06-27;1100;0;925,3;1023,4;925,3;924,4;374,6;12;14,1;9,9;14,1;9,9;9,9;8,1;13,7;89;75;76;148;4;2,1;
2023-06-27;1200;0;926;1022,7;926;925,3;1112,9;16;18,2;10,7;18,3;14,1;11,3;9,9;14,1;76;61;62;129;3,5;1,5;
2023-06-27;1300;0;926,1;1021,5;926,2;926;1764,7;20;21,9;10,7;22;18,1;11,8;10,5;13,9;64;49;49;79;4,1;1,7;
2023-06-27;1400;0;925,6;1020,6;926,1;925,6;2257,2;23;23;11,8;23,1;21,2;12,1;10;13,8;53;48;49;57;5,6;2,3;
2023-06-27;1500;0;925,2;1019,9;925,6;925,2;2537,7;25;23,9;11,2;24,4;22,9;12,9;10,6;13,9;51;44;45;52;6,7;3;
2023-06-27;1600;0;924;1018,5;925,2;924;2582,4;26;24,1;10,7;25,2;23,8;12,5;10,3;13,7;48;41;43;56;7,2;2,8;
2023-06-27;1700;0;923,2;1017,2;924;923,2;2387,1;27;25,1;11;25,8;24,1;12,1;9,7;13,7;46;39;41;48;6,5;2,1;
2023-06-27;1800;0;922,8;1016,7;923,2;922,8;1972,4;28;25,3;11,2;25,8;24,8;11,7;9,6;13,8;43;38;41;31;5,5;2,6;
2023-06-27;1900;0;922,6;1016,6;922,8;922,5;1370,2;28;25;10,9;25,5;24,8;11,9;9,3;13,9;43;37;41;81;5,4;1,2;
2023-06-27;2000;0;922,7;1017,2;922,7;922,6;644,5;27;23,6;12,2;25,1;23,6;12,6;10;13,1;50;39;49;69;3,4;,6;
2023-06-27;2100;0;922,9;1018,9;922,9;922,7;61,7;24;19,2;11,7;23,6;19,2;13,1;11,5;12,9;62;48;62;142;1,7;1,1;
2023-06-27;2200;0;923,2;1020,3;923,2;922,9;-3,5;20;16,3;12,1;19,2;16,3;12,5;11,6;12,8;76;62;76;152;3;1,8;
2023-06-27;2300;0;923,7;1021,3;923,7;923,1;-3,5;18;14,9;11,6;16,3;14,6;12,1;11,3;12,8;81;75;80;164;3,2;1,5;
2023-06-28;0000;0;923,8;1021,6;923,8;923,7;-3,5;16;14,4;11,2;15,1;14,4;11,6;11,2;12,8;81;79;81;147;3,3;2,1;
2023-06-28;0100;0;924;1021,4;924,1;923,8;-3,5;16;15,5;11,4;15,5;14,1;11,5;11;12,8;82;76;76;143;3,6;1,8;
2023-06-28;0200;0;923,9;1021,2;924;923,9;-3,5;16;15,8;11,4;15,9;15,2;11,4;11,1;12,7;77;74;75;146;4;2,2;
2023-06-28;0300;0;924,1;1021,5;924,1;923,9;-3,5;16;15,6;11,5;16;14,9;11,5;11;12,7;78;74;77;148;4,4;2;
2023-06-28;0400;0;924,3;1021,6;924,3;924;-3,5;16;15,9;11,4;15,9;15,2;11,4;11,1;12,7;77;75;75;148;3,9;2,1;
2023-06-28;0500;0;923,8;1021,3;924,3;923,8;-3,5;16;15,1;11,2;16;15;11,4;11;12,7;78;74;77;149;3,3;1,7;
2023-06-28;0600;0;923,7;1021,6;923,8;923,7;-3,5;15;14,2;10,9;15,2;13,9;11,2;10,4;12,7;81;76;80;145;3,5;2,6;
2023-06-28;0700;0;923,6;1022,2;923,7;923,6;-3,5;14;12,2;10,3;14,3;12,2;10,8;10,2;12,7;88;80;88;149;3,7;2,2;
2023-06-28;0800;0;924;1022,7;924;923,6;-3,5;13;11,9;9,9;12,3;11,9;10,3;9,9;12,6;88;87;87;150;3,4;2,4;
2023-06-28;0900;0;924,3;1023,3;924,3;924;-3,5;13;11,2;9,7;11,9;11,2;10,1;9,5;12,6;91;87;90;154;3,1;1,5;
2023-06-28;1000;0;925;1023,7;925;924,3;5,9;12;12,2;10,1;12,2;10,9;10,4;9,5;12,6;92;86;87;151;3,6;2,3;
2023-06-28;1100;0;925,8;1023,6;925,8;925;365,9;13;15,1;11,3;15,1;11,7;11,5;9,7;13,6;88;78;78;153;3,4;2;
2023-06-28;1200;0;926,3;1022,8;926,3;925,8;1091,9;17;18,8;12,5;18,9;15,2;12,9;11,4;14;78;66;67;141;3,5;1,7;
2023-06-28;1300;0;926,5;1022,2;926,6;926,3;1750,4;21;21,3;12,9;21,3;18,8;13,4;12,2;13,9;67;57;59;135;3,7;1,6;
2023-06-28;1400;0;926,4;1021,7;926,5;926,4;1683,1;23;22,2;12,2;22,6;21,4;13,5;11,6;13,6;59;51;53;124;3,9;1,1;
2023-06-28;1500;0;925,9;1020,3;926,4;925,9;2036;24;25;10,1;25,4;22,2;12,9;9,6;13,7;54;38;39;14;3,8;1,4;
2023-06-28;1600;0;925,1;1019,4;925,9;925,1;2613,7;27;25;8,3;25,5;24,4;10,2;7,8;13,8;39;33;35;304;5,8;2,6;
2023-06-28;1700;0;924,5;1018,8;925,1;924,4;2265;28;24,7;9,5;26,6;24,7;10,3;7,6;13,2;39;31;38;330;5,1;2,3;
2023-06-28;1800;0;924;1017,8;924,5;924;1536;27;26;9;26,2;24;10,5;8,8;13,7;42;34;34;294;5,1;1,8;
2023-06-28;1900;0;923,7;1017,8;924;923,7;1373,8;27;25,2;9,2;26;25;9,3;7,2;13,8;37;31;37;235;5,1;1,9;
2023-06-28;2000;0;923,9;1018,3;923,9;923,7;660,2;27;24,2;9;25,8;24,2;9,6;7,6;13,1;38;32;38;279;3,4;1,9;
2023-06-28;2100;0;924,1;1020,3;924,1;923,9;72,5;24;19,1;10,1;24,2;18,5;10,9;8,7;12,9;56;37;56;124;2,8;,3;
2023-06-28;2200;0;924,6;1022;924,6;924,1;-3,5;19;15,8;11;19,4;15,8;11,2;9,6;12,8;73;53;73;159;1,6;1;
2023-06-28;2300;0;925;1022,9;925;924,6;-3,5;17;14,4;10,8;15,9;14;11,2;10,5;12,8;80;73;79;103;2,4;,7;
2023-06-29;0000;0;925,5;1024,2;925,5;925;-3,5;15;12,5;10,1;14,6;12,5;10,9;9,8;12,8;85;78;85;164;2,2;1,1;
2023-06-29;0100;0;925,7;1024,6;925,7;925,5;-3,5;14;11,9;9,7;13,1;11,9;10,4;9,7;12,7;86;83;86;157;2,1;1,5;
2023-06-29;0200;0;925,8;1024,8;925,8;925,7;-3,5;13;11,7;9,8;12;11,5;9,9;9,4;12,7;88;86;88;145;2,3;1;
2023-06-29;0300;0;925,6;1024,8;925,8;925,6;-3,5;12;11,1;9,3;11,7;11,1;9,8;9,2;12,7;89;87;89;158;2,5;1,5;
2023-06-29;0400;0;925,5;1024,8;925,6;925,5;-3,5;12;10,7;9,4;11,3;10,4;9,8;8,8;12,7;91;88;91;138;2,6;,5;
2023-06-29;0500;0;925,2;1024,5;925,5;925,2;-3,5;11;10,7;9,1;10,9;10,6;9,4;8,9;12,7;91;89;90;161;1,8;1,3;
2023-06-29;0600;0;924,9;1024,4;925,2;924,9;-3,5;11;10;8,6;10,8;10;9,2;8,6;12,7;91;90;91;163;1,9;1,2;
2023-06-29;0700;0;924,7;1024,2;924,9;924,7;-3,5;11;10;8,7;10,1;9,5;9;8,2;12,6;93;91;92;163;1,9;1;
2023-06-29;0800;0;924,6;1024,1;924,7;924,6;-3,5;10;9,9;8,6;10,1;9,5;8,9;8,2;12,6;92;91;91;163;1,7;1,2;
2023-06-29;0900;0;924,8;1024,6;924,8;924,6;-3,5;10;9,3;8,2;9,9;9,3;8,7;8,1;12,6;93;91;93;163;1,7;1,3;
2023-06-29;1000;0;925,1;1025,1;925,1;924,8;6,3;10;8,7;7,7;9,3;8,3;8,3;7,3;12,6;94;93;94;147;2,1;1,6;
2023-06-29;1100;0;925,7;1024,7;925,7;925,1;334,4;10;11,7;9,9;11,7;8,5;9,9;7,5;13,7;94;89;89;147;2,1;1,4;
2023-06-29;1200;0;926,2;1023,2;926,2;925,7;1076,6;14;17,4;11,6;17,4;11,7;12;10,1;14,1;89;69;69;153;2,6;1,2;
2023-06-29;1300;0;926,6;1022,2;926,6;926,2;1730,8;19;21,4;11,7;21,4;17,4;13;11,2;13,9;71;53;54;147;3,1;1,2;
2023-06-29;1400;0;926,6;1021,5;926,7;926,6;2265,7;23;23,6;9,7;23,6;21,4;12,1;8,9;13,9;55;39;41;63;4,5;2,4;
2023-06-29;1500;0;925,9;1020,6;926,6;925,9;2543,1;25;23,9;10;24,6;23,4;11,2;8,6;13,8;45;38;41;32;5,7;3,6;
2023-06-29;1600;0;924,9;1019,5;925,9;924,9;2557,2;26;24;8,8;24,9;23,3;10,9;8,4;13,7;43;37;38;35;5,7;2,1;
2023-06-29;1700;0;924,2;1018,4;924,9;924,2;2361,6;27;25;9,3;25,2;23,8;11;8,4;13,7;43;36;37;19;5,6;1,4;
2023-06-29;1800;0;923,9;1018,2;924,2;923,9;1947,3;28;24,7;9,3;25,1;24,4;10,7;8,6;13,8;41;36;38;63;4,7;1,7;
2023-06-29;1900;0;923,7;1017,9;923,9;923,7;1342,6;28;24,8;10,7;25,5;24,4;11,1;8,7;13,8;41;36;41;85;4,4;,9;
2023-06-29;2000;0;923,9;1018,8;923,9;923,6;631,6;27;22,7;12,1;26;22,7;12,1;9,1;13,1;51;36;51;34;2,8;1,4;
2023-06-29;2100;0;924;1020,1;924;923,9;65,6;24;19,2;10,6;22,7;18,5;13;10,2;12,9;60;47;58;117;2,1;,8;
2023-06-29;2200;0;924,7;1022,2;924,7;924;-3,5;19;15,6;11,8;19,2;15,4;12;10,5;12,8;79;58;78;149;2,8;1,8;
2023-06-29;2300;0;925,2;1022,9;925,2;924,7;-3,5;17;15,2;10,9;15,7;15,1;11,8;10,9;12,8;79;74;76;147;3,4;1,8;
2023-06-30;0000;0;925,7;1023,5;925,7;925,2;-3,5;16;14,9;10,5;16;14,9;11;10,5;12,8;76;71;75;154;3;1,8;
2023-06-30;0100;0;926,2;1024,2;926,2;925,7;-3,5;16;14,5;10,4;15,5;14,4;10,6;10;12,8;77;72;76;144;2,7;1,7;
2023-06-30;0200;0;926,4;1024,8;926,4;926,2;-3,5;15;13,4;10,1;14,6;13,4;10,4;10;12,7;81;76;81;146;2,5;1,7;
2023-06-30;0300;0;926,1;1024,8;926,4;926,1;-3,5;14;12,6;9,8;14;12,4;10,5;9,3;12,7;83;78;83;145;2,4;1,2;
2023-06-30;0400;0;926,2;1024,9;926,2;926;-3,5;13;12,6;9,8;13,7;11,9;10,2;8,9;12,7;84;78;83;166;2,9;1,5;
2023-06-30;0500;0;925,9;1024,5;926,2;925,9;-3,5;13;12,7;9,6;13,7;12,6;10;9,3;12,7;83;77;81;160;3,3;1,9;
2023-06-30;0600;0;925,6;1024;925,9;925,6;-3,5;13;13,2;9,8;13,3;12,7;10;9,5;12,7;81;79;80;149;3,1;1,8;
2023-06-30;0700;0;925,3;1023,7;925,7;925,3;-3,5;13;13,1;9,8;13,2;12,7;9,9;9,6;12,7;82;80;81;151;3,1;1,5;
2023-06-30;0800;0;925,5;1024,3;925,6;925,3;-3,5;13;12,1;9,2;13,2;12,1;9,9;9,2;12,6;84;80;83;139;3,1;1,3;
2023-06-30;0900;0;925,5;1024,3;925,6;925,4;-3,5;12;12,1;9,7;12,1;11,4;9,9;9;12,6;87;83;85;138;3,2;1,8;
2023-06-30;1000;0;926,3;1025,2;926,3;925,5;4,7;12;12,2;9,6;12,5;12,1;9,9;9,4;12,6;85;83;84;149;3,2;1,7;
2023-06-30;1100;0;926,8;1025;926,8;926,3;353;13;14,1;10,6;14,1;12,2;10,6;9,6;13,6;84;79;79;144;3,4;1,6;
2023-06-30;1200;0;927,2;1024,3;927,2;926,8;1066,8;16;17,3;11,3;17,3;14,1;11,5;10,5;14,1;80;67;68;126;4,7;2,1;
2023-06-30;1300;0;927,5;1023,5;927,5;927,2;1721;19;20,6;10,8;20,9;17,3;12;10,8;13,9;69;53;54;77;4,8;1,9;
2023-06-30;1400;0;927,3;1022,8;927,6;927,3;2217,3;22;21,9;10,9;22,9;20,4;11,7;9,7;13,9;56;46;50;75;6,1;2;
2023-06-30;1500;0;926,7;1021,5;927,3;926,7;2513,9;25;23,8;9,4;24,4;22;11,5;9,3;13,8;50;39;40;63;6,5;2,3;
2023-06-30;1600;0;925,8;1020,4;926,7;925,8;2555,2;26;24,1;9,1;25;23,8;10,9;7,8;13,8;43;35;39;46;6;2,1;
2023-06-30;1700;0;924,9;1019,4;925,8;924,9;2335,8;27;24,3;8,9;25,1;24;10,9;7,8;13,7;42;35;38;87;4,4;1,3;
2023-06-30;1800;0;924,4;1018,8;924,9;924,4;1498,4;27;24,4;9,7;25,2;22,8;10,4;7,9;13,8;46;35;40;172;3,9;1;
2023-06-30;1900;0;924,3;1018,8;924,4;924,2;1433,7;27;24,1;8,8;24,7;24;10,2;8,5;13,9;41;36;38;137;4;1,3;
2023-06-30;2000;0;924,3;1019,3;924,4;924,3;624,9;27;22,7;10,1;24,8;22,7;10,8;8,9;13,1;45;38;45;135;2,6;,8;
2023-06-30;2100;0;924,6;1021,2;924,6;924,3;58,2;23;17,9;11,2;22,7;17,9;11,3;9,7;12,9;65;44;65;136;2,1;1,2;
2023-06-30;2200;0;924,9;1022,3;924,9;924,6;-3,5;19;15,8;11,3;18;15,7;11,9;11,1;12,8;76;65;75;152;2,2;1,4;
2023-06-30;2300;0;925,5;1023,7;925,5;924,9;-3,5;17;13,8;10,4;15,8;13,8;11,3;10,4;12,8;80;75;80;147;3,2;1,7;
2023-07-01;0000;0;925,8;1023,9;925,8;925,5;-3,5;16;14,2;9,9;14,6;13,7;10,4;9,8;12,8;80;74;75;137;3;1,5;
2023-07-01;0100;0;926;1024,1;926;925,7;-3,5;15;14,2;10,3;15;13,9;10,4;9,9;12,8;78;74;78;140;2,6;1,2;
2023-07-01;0200;0;926,1;1024,5;926,1;926;-3,5;15;13,5;10,2;14,2;13,4;10,4;10;12,7;81;77;81;151;3,2;1,8;
2023-07-01;0300;0;926,2;1024,8;926,2;926,1;-3,5;14;12,8;10;13,8;12,8;10,2;9,6;12,7;83;78;83;154;2,8;1,9;
2023-07-01;0400;0;925,7;1024,4;926,2;925,7;-3,5;13;12,4;9,8;13,4;12,4;10,1;9,3;12,7;84;80;84;143;3;1,8;
2023-07-01;0500;0;925,4;1024,5;925,7;925,4;-3,5;13;11,3;9,4;12,4;11,1;9,7;9,2;12,7;89;84;88;155;2,8;1,7;
2023-07-01;0600;0;925;1024,1;925,4;925;-3,5;12;11,1;9;11,9;11;9,5;8,9;12,7;88;84;87;154;3,1;2,1;
2023-07-01;0700;0;924,5;1023,7;925;924,5;-3,5;12;10,8;8,7;11,2;10,8;9;8,6;12,6;88;86;87;152;3,4;2;
2023-07-01;0800;0;924,3;1023,4;924,5;924,3;-3,5;12;11;8,7;12,1;10,8;9,3;8,5;12,6;87;81;86;149;3,3;2,1;
2023-07-01;0900;0;924,5;1023,2;924,5;924,3;-3,5;12;12,1;8,8;12,3;11;9,3;8,6;12,6;86;80;80;146;3,4;1,9;
2023-07-01;1000;0;924,8;1023,3;924,8;924,5;4,8;12;12,6;8,9;12,7;11,7;9,1;8,6;12,6;82;78;78;149;3,5;2;
2023-07-01;1100;0;925,4;1023,3;925,4;924,8;354,1;13;14,5;9,6;14,5;12,5;9,9;8,8;13,6;79;72;72;142;4,3;2,3;
2023-07-01;1200;0;926;1023;926;925,4;1077,1;16;17,4;10,6;17,4;14,5;10,9;9,6;14,1;72;64;64;134;4,5;2,1;
2023-07-01;1300;0;926,1;1022,2;926,2;926;1716,8;19;19,8;10,9;20,2;17,4;11,8;10,3;13,9;65;54;57;140;4,5;1,5;
2023-07-01;1400;0;925,6;1021,1;926,1;925,6;2194,7;22;21,5;10,6;22,4;19,7;11,6;10,4;13,9;58;48;50;122;4,5;2;
2023-07-01;1500;0;924,8;1019,4;925,6;924,8;2482,5;24;23,9;9,9;24,1;21,5;11,8;9,6;13,8;51;41;41;47;3,9;1,7;
2023-07-01;1600;0;923,8;1018,2;924,8;923,8;2592,5;26;24,1;8,3;24,6;23,2;10,7;7,8;13,7;44;36;36;314;4,2;1,4;
2023-07-01;1700;0;922,8;1016,8;923,8;922,8;2268,2;27;25,2;9,1;25,2;23,3;10;7,2;13,8;40;34;36;245;4,6;1,1;
2023-07-01;1800;0;922,2;1016,2;922,8;922,2;1966,3;28;25;8,3;25,7;24,5;9,4;7,4;13,8;37;32;34;257;3,6;1,5;
2023-07-01;1900;0;921,9;1016,1;922,2;921,9;1159,6;27;24,1;8,5;25,7;23,7;9,5;7,3;13,8;37;32;37;220;4,2;2,1;
2023-07-01;2000;0;922;1016,9;922;921,8;654,7;26;22,1;8,9;24,2;22,1;9,1;7,8;13,1;43;36;43;216;4,6;2,6;
2023-07-01;2100;0;922,5;1018,6;922,5;922;60,6;22;18,7;10,3;22;18;10,6;8,8;12,9;62;43;58;198;3,9;3;
2023-07-01;2200;0;923;1020,5;923;922,5;-3,5;19;15;10,3;18,7;15;10,6;9,9;12,8;74;58;74;151;3,8;,8;
2023-07-01;2300;0;923,4;1020,6;923,4;923;-3,5;17;16;10,3;16,6;15;10,7;10,1;12,8;74;67;69;171;1,4;,7;
2023-07-02;0000;0;923,8;1021,6;923,8;923,4;-3,5;15;14,5;10,4;16;13,1;10,4;9,4;12,8;80;69;76;353;1,9;1,2;
2023-07-02;0100;0;923,9;1022,3;924;923,8;-3,5;14;12,8;9,7;14,6;12,2;10,5;9,3;12,8;84;75;82;60;3,4;1;
2023-07-02;0200;0;923,9;1022,2;924,1;923,9;-3,5;13;12,9;9,8;14;11,8;10,4;8,7;12,7;84;77;82;53;2,2;1,2;
2023-07-02;0300;0;923,6;1021,9;923,9;923,5;-3,5;13;12,8;9,5;13,6;12,3;10,1;9;12,7;82;78;80;41;2,7;,9;
2023-07-02;0400;0;923,5;1022,4;923,6;923,5;-3,5;12;11,3;9,3;13,5;10,8;9,9;8,7;12,7;88;77;87;28;2,5;2;
2023-07-02;0500;0;923,1;1022,2;923,5;923,1;-3,5;12;10,6;8,7;11,9;10,6;9,6;8,5;12,7;88;84;88;37;2,8;2,1;
2023-07-02;0600;0;922,6;1021,7;923,1;922,6;-3,5;11;10,3;8,9;11,7;10;9,6;7,9;12,7;91;85;91;120;2,8;,6;
2023-07-02;0700;0;922,3;1021,8;922,6;922,3;-3,5;10;9,3;8,2;10,4;9,2;9,2;8;12,6;93;90;93;156;2,1;1;
2023-07-02;0800;0;922,6;1022,3;922,6;922,3;-3,5;10;8,9;7,9;9,6;8,8;8,5;7,8;12,6;94;93;93;164;2,6;1,1;
2023-07-02;0900;0;922,7;1022,4;922,7;922,4;-3,5;10;8,9;7,8;9,4;8,3;8,4;7,1;12,6;94;92;93;147;2,8;2;
2023-07-02;1000;0;923,1;1022,7;923,2;922,7;6,6;10;9,2;8;9,2;8,7;8;7,6;12,6;93;92;92;158;2,8;1,7;
2023-07-02;1100;0;923,6;1022,6;923,6;923;351,6;10;10,9;9,3;10,9;8,8;9,3;7,6;13,7;92;89;89;151;2,2;1;
2023-07-02;1200;0;924;1021,3;924;923,6;1092,2;13;15,9;11,3;15,9;10,9;11,6;9,1;14,1;89;74;74;141;2,1;1,2;
2023-07-02;1300;0;924,2;1019,9;924,3;924;1726,4;18;20,5;12;20,5;15,9;12,7;11,1;14;75;58;58;131;3;1,3;
2023-07-02;1400;0;923,7;1018,8;924,2;923,7;2197,1;21;22,2;10,5;22,5;19,9;11,9;10;13,9;58;47;47;124;3,9;1,4;
2023-07-02;1500;0;922,9;1017,3;923,7;922,9;2502,2;24;23,8;9,3;24,1;22,2;11,5;9,3;13,9;49;39;40;36;3,9;1,5;
2023-07-02;1600;0;922,2;1016,3;923;922,1;2579;26;24,7;9,8;24,7;23,5;9,8;7,4;13,7;41;34;39;31;4,6;1,4;
2023-07-02;1700;0;921,3;1015,5;922,1;921,3;2441,4;27;24,2;7,6;25,8;24,2;9,6;6,4;13,5;39;30;35;194;5,4;1,6;
2023-07-02;1800;0;920,6;1014,9;921,3;920,6;1261,5;27;23,4;8,7;25,3;23,3;9;6,6;13,2;39;31;39;216;4,9;1,4;
2023-07-02;1900;0;920,7;1015;920,7;920,5;1030,6;26;23,5;8,2;25,8;23,4;10,4;6,6;13,1;43;31;38;154;4,8;1,7;
2023-07-02;2000;0;920,9;1015,8;920,9;920,7;384,6;25;21,7;8;23,5;21,7;9,2;7,8;13,1;44;38;41;186;4,4;2,2;
2023-07-02;2100;0;921,2;1017,6;921,2;920,8;69,3;22;17,5;8,5;21,7;17,5;8,5;6,2;12,9;56;39;56;125;4;1,1;
2023-07-02;2200;0;922;1019,7;922;921,2;-3,5;18;14,2;8,2;17,5;14,2;8,9;7,9;12,8;67;56;67;113;2,7;,8;
2023-07-02;2300;0;922,5;1020,1;922,5;921,9;-3,5;15;14,5;8,6;15;13,2;8,8;8;12,8;72;66;68;76;1,5;,3;
2023-07-03;0000;0;922,6;1020,8;922,8;922,4;-3,5;14;13;8,5;14,8;12,9;8,9;8,1;12,8;74;67;74;44;2,6;1,3;
2023-07-03;0100;0;923;1021,2;923;922,5;-3,5;13;12,9;8,5;13,9;11,6;9,2;7,6;12,7;78;70;75;50;2;,3;
2023-07-03;0200;0;923;1021,3;923,1;923;-3,5;12;12,8;8,1;14,2;11,7;8,9;7,3;12,7;76;68;73;117;1,4;,7;
2023-07-03;0300;0;923;1021,7;923,2;923;-3,5;12;11,7;7,8;13,5;11;8,3;7,2;12,7;79;70;77;180;1,7;1,1;
2023-07-03;0400;0;923,4;1022,8;923,4;923;-3,5;11;9,9;7,4;13,3;9,9;8,5;7,3;12,7;85;72;85;111;1,8;1;
2023-07-03;0500;0;923,3;1022,9;923,4;923,3;-3,5;11;9,3;7,1;10,4;9,3;8,1;7,1;12,7;88;85;86;151;2,4;1,4;
2023-07-03;0600;0;923,2;1022;923,4;923,2;-3,5;11;11,5;7,1;12,9;9,2;8,1;6,9;12,7;88;70;75;131;3,3;1,7;
2023-07-03;0700;0;923,5;1022,1;923,5;923,2;-3,5;11;12,2;7,2;13,2;11;7,7;6,8;12,6;76;68;71;154;3,5;1,6;
2023-07-03;0800;0;923,8;1022,6;923,8;923,5;-3,5;11;11,5;7,3;12,3;10,8;7,6;6,6;12,6;77;71;75;146;3,2;1,8;
2023-07-03;0900;0;923,9;1022,7;924;923,8;-3,5;11;11,6;7,4;11,6;9,8;7,5;6,7;12,6;81;75;76;147;3,8;1,7;
2023-07-03;1000;0;924,4;1023,5;924,4;923,9;4,8;11;11;7,4;11,6;10;7,6;6,5;12,6;81;76;78;149;3,8;1,8;
2023-07-03;1100;0;925;1023,6;925;924,4;375,8;11;12,5;8,3;12,5;10,2;8,3;6,8;13,6;81;75;76;142;3,8;1,8;
2023-07-03;1200;0;925,5;1022,8;925,5;925;1061,5;14;16,3;10;16,3;12,5;10,4;8,2;14,1;76;65;66;118;3,9;1,9;
2023-07-03;1300;0;925,6;1022,1;925,6;925,4;1778;18;18,6;9,5;18,7;16,3;10,4;8,6;14;67;54;55;116;5,7;1,7;
2023-07-03;1400;0;925,6;1021,7;925,7;925,5;2262,5;21;19,8;9,2;20,2;18,7;10,4;8,9;14;56;50;50;78;6,1;2,4;
2023-07-03;1500;0;925;1020,4;925,6;925;2548,4;22;21,6;8,5;22,2;19,8;10,5;8,5;13,8;52;43;43;87;6,1;1,9;
2023-07-03;1600;0;924,3;1019,2;925;924,3;2611,6;24;22,8;5,9;23,3;21,3;9,9;5,9;13,8;46;33;34;108;5;2;
2023-07-03;1700;0;923,5;1018;924,3;923,5;2416;26;23,7;6,7;23,9;22,7;7,3;5,2;13,8;36;31;33;113;4,6;1,4;
2023-07-03;1800;0;923,1;1017,5;923,5;923;2017,5;26;24,1;6,4;24,5;23,1;8,4;4,9;13,9;37;30;32;105;9,6;1,1;
2023-07-03;1900;0;923;1017,6;923,1;922,9;1417,5;27;23,5;5,1;24,4;23,3;6,6;4,4;13,8;33;29;30;68;2,9;1,2;
2023-07-03;2000;0;923,2;1018,7;923,2;923;672,5;26;20,9;6,2;23,9;20,9;7,8;4,4;13,1;39;29;38;186;3,3;1,7;
2023-07-03;2100;0;923,6;1020,2;923,6;923,2;79,6;22;17,7;7,3;20,9;17,7;7,5;6;12,9;51;38;50;147;3,9;1,5;
2023-07-03;2200;0;924;1021,8;924;923,6;-3,5;18;14,3;8,5;17,7;14,2;8,6;7,2;12,8;68;50;68;140;2,9;,7;
2023-07-03;2300;0;924,6;1022,9;924,6;924;-3,5;15;13,2;8,5;14,2;13;8,7;8,2;12,8;74;68;73;148;2,2;,8;
2023-07-04;0000;0;925;1023,1;925;924,7;-3,5;14;13,8;8,5;14;12,4;8,7;7,8;12,8;75;70;70;141;3,1;1,7;
2023-07-04;0100;0;925,1;1023,6;925,2;925;-3,5;13;12,9;8,1;14;12,2;8,4;7,8;12,8;75;69;73;165;3,1;,7;
2023-07-04;0200;0;925,1;1024,2;925,2;925,1;-3,5;12;11,3;7,7;13;11;8,1;6,9;12,7;80;72;78;142;1,9;,8;
2023-07-04;0300;0;924,6;1024,3;925,1;924,6;-3,5;11;9,3;7,4;11,4;9,2;8;7,1;12,7;89;76;88;161;2,1;1;
2023-07-04;0400;0;924,4;1024,4;924,6;924,4;-3,5;10;8,4;7;9,4;8,3;7,9;6,8;12,7;91;87;91;170;1,9;1,2;
2023-07-04;0500;0;924,1;1023,9;924,4;924,1;-3,5;10;9,1;7;9,3;8,3;7,6;6,9;12,7;92;87;87;154;2,7;1,9;
2023-07-04;0600;0;923,9;1023,4;924,1;923,9;-3,5;10;9,8;7,3;10,1;8,8;7,5;6,8;12,7;88;84;85;145;4;2;
2023-07-04;0700;0;923,9;1023,3;923,9;923,9;-3,5;10;10,1;7,4;10,3;9,8;7,6;7,2;12,6;85;83;84;147;3,6;2,1;
2023-07-04;0800;0;924,1;1023,5;924,1;923,9;-3,5;10;10;7,4;10,2;9,9;7,5;7,2;12,6;84;83;84;142;3,7;1,8;
2023-07-04;0900;0;924,5;1024;924,5;924,1;-3,5;10;10;7,2;10,3;9,9;7,6;7,1;12,6;84;82;82;147;3,9;2,1;
2023-07-04;1000;0;925,1;1024,7;925,1;924,5;4,6;10;9,7;7,1;10,1;9,5;7,3;6,9;12,6;84;82;84;143;4,1;1,9;
2023-07-04;1100;0;925,8;1024,6;925,8;925,1;369,9;11;12,3;8,2;12,3;9,7;8,2;7,1;13,7;84;76;76;132;4,3;1,8;
2023-07-04;1200;0;926,4;1024,5;926,4;925,8;1111,1;14;14,4;8,7;14,5;12,2;8,9;8,1;14,1;77;68;69;126;7,4;3;
2023-07-04;1300;0;926,7;1023,6;926,7;926,4;1771,8;17;17,7;8,5;18,1;14,4;9,7;8,5;14;69;54;55;99;7,4;2,3;
2023-07-04;1400;0;926,4;1022,6;926,7;926,4;2265,4;19;19,7;9,2;20,4;17,5;10;8,2;13,9;58;47;51;84;5,9;1,9;
2023-07-04;1500;0;925,7;1021,5;926,4;925,7;2550,5;22;20,7;8,7;21,1;19,2;9,9;8,3;14;51;45;46;102;5,7;2,2;
2023-07-04;1600;0;924,8;1020;925,7;924,8;2614,7;24;22,2;7,8;22,7;20,7;10,1;7,4;13,9;48;38;40;62;5,3;1,8;
2023-07-04;1700;0;924,3;1019,5;924,8;924,3;2411,7;25;22,1;7,2;23,3;21,8;8,9;6,9;13,9;42;37;38;172;5,3;1,7;
2023-07-04;1800;0;923,9;1018,7;924,3;923,9;2008,6;25;23,2;7,4;23,8;22;8,9;6,3;13,9;42;33;36;14;4,7;1,1;
2023-07-04;1900;0;923,6;1018,6;923,9;923,6;1405;26;22,4;7,8;23,6;22,2;7,9;6,1;13,9;39;34;39;127;3,3;1,4;
2023-07-04;2000;0;923,6;1019,2;923,6;923,6;667,8;25;20,6;9,2;22,5;20,6;9,6;6,9;13,1;49;37;48;151;3,3;,6;
2023-07-04;2100;0;923,7;1020,3;923,7;923,6;70,3;21;17,6;8,2;20,6;17,6;9,5;7,9;12,9;57;47;54;133;2,1;,8;
2023-07-04;2200;0;923,9;1021,9;923,9;923,7;-3,5;18;13,8;9,2;17,6;13,8;9,7;8,1;12,8;74;54;74;142;2,6;1,7;
2023-07-04;2300;0;924,4;1022,9;924,4;923,9;-3,5;15;12,5;8,6;13,8;12,4;9,2;8,5;12,8;77;74;77;150;3,1;1,8;
2023-07-05;0000;0;924,8;1022,9;924,8;924,4;-3,5;14;13,8;8,2;13,8;12,2;8,7;8,1;12,8;77;69;69;145;4;1,9;
2023-07-05;0100;0;925,1;1023,4;925,1;924,7;-3,5;14;13,3;8;14,1;12,7;8,2;7,9;12,8;72;67;70;145;4,3;1,8;
2023-07-05;0200;0;925,2;1023,5;925,3;925,1;-3,5;14;13,4;7,7;13,6;13,2;8;7,7;12,7;70;68;69;141;4,1;2;
2023-07-05;0300;0;925,1;1023,7;925,2;925;-3,5;13;12,4;7,6;13,6;12,1;7,7;7,4;12,7;73;68;72;144;3,7;2,1;
2023-07-05;0400;0;925,4;1024,3;925,5;925,1;-3,5;13;11,8;7,1;12,8;11,8;7,7;7,1;12,7;73;70;73;148;4,4;2,1;
2023-07-05;0500;0;925,2;1024;925,4;925,2;-3,5;12;12,1;7,3;13;11,7;7,6;7,1;12,7;74;70;72;150;3,7;2,3;
2023-07-05;0600;0;924,7;1023,7;925,2;924,7;-3,5;12;11,3;7,1;12,1;11;7,4;7;12,7;77;72;76;150;3,8;2,4;
2023-07-05;0700;0;924,8;1023,9;924,8;924,6;-3,5;12;11,2;7,1;11,9;11;7,4;7;12,7;77;73;75;149;3,8;2,3;
2023-07-05;0800;0;925,2;1024,2;925,2;924,8;-3,5;12;11,5;7;11,6;11,2;7,2;6,9;12,6;76;74;74;149;3,8;2,2;
2023-07-05;0900;0;925,6;1024,6;925,6;925,2;-3,5;11;11,5;6,8;11,6;11,1;7;6,8;12,6;75;73;73;142;4,6;1,9;
2023-07-05;1000;0;926;1025,1;926;925,6;4,6;11;11,3;6,9;11,6;11;6,9;6,6;12,6;75;72;74;140;5;2,3;
2023-07-05;1100;0;926,6;1025;926,6;926;371,7;12;13,5;7,4;13,5;11,2;7,6;6,8;13,6;74;67;67;128;5;2,2;
2023-07-05;1200;0;927;1024,7;927;926,6;1112,1;15;15,6;8,5;15,6;13,5;8,5;7,4;14,1;67;61;63;125;5;2,5;
2023-07-05;1300;0;927,3;1024;927,4;927;1775,3;18;18,4;8;18,8;15,6;9,3;8;14;63;51;51;91;5,5;2,2;
2023-07-05;1400;0;927,2;1023;927,4;927,2;2281,7;21;21,1;9,1;21,1;18,3;9,4;7,8;14;52;46;46;67;5;1,8;
2023-07-05;1500;0;926,4;1021,9;927,2;926,4;2572,1;23;21,8;6;22,6;20,4;9,3;6;13,8;48;35;36;59;6;2,3;
2023-07-05;1600;0;925,2;1020,4;926,4;925,2;2623,5;24;22,3;5,3;23;21,7;6,7;4,2;13,8;37;31;33;108;5,9;1,7;
2023-07-05;1700;0;924,4;1019,3;925,2;924,4;2423,3;25;23;5,7;23,3;21,9;6,3;4,1;13,8;35;31;33;110;5,1;1,5;
2023-07-05;1800;0;923,9;1018,6;924,4;923,9;2016,3;26;23,4;5,1;23,9;22,6;6,1;4,1;13,8;33;29;30;151;4,9;1,3;
2023-07-05;1900;0;923,9;1018,8;923,9;923,8;1404,1;26;22,7;5,7;23,7;22,6;6,9;4;13,8;35;29;33;123;3,8;1,4;
2023-07-05;2000;0;923,7;1019,3;923,9;923,6;681,5;25;20,5;7,3;22,7;20,5;7,3;5;13,1;42;32;42;144;3;,8;
2023-07-05;2100;0;923,8;1020,7;923,9;923,7;72,6;21;16,9;6,7;20,5;16,9;7,8;6,2;12,9;51;41;51;140;2,3;1;
2023-07-05;2200;0;924;1022,2;924;923,8;-3,5;17;13,3;8;16,9;13,3;8,3;6,9;12,8;70;51;70;137;2,1;1,2;
2023-07-05;2300;0;924,5;1023,2;924,5;924;-3,5;15;12,1;7,2;13,4;12,1;8;7,1;12,8;72;69;72;152;3,1;2,5;
2023-07-06;0000;0;924,5;1023,4;924,5;924,4;-3,5;13;11,4;6,6;12,2;11,3;7,2;6,6;12,8;74;70;72;146;3,7;2,4;
2023-07-06;0100;0;924,6;1023,1;924,6;924,4;-3,5;13;12,8;6,8;13,1;11,2;7,1;6,5;12,7;73;66;67;147;3,6;2;
2023-07-06;0200;0;924,9;1023,2;924,9;924,6;-3,5;13;13,2;6,8;13,7;12;7;6,6;12,7;70;64;65;147;3,6;2;
2023-07-06;0300;0;924,5;1022,8;924,9;924,5;-3,5;13;13,1;6,8;13,4;12,8;7;6,7;12,7;67;65;66;151;3,7;1,6;
2023-07-06;0400;0;924,5;1022,9;924,5;924,4;-3,5;13;12,9;6,7;13,3;12,6;6,9;6,6;12,7;67;65;66;148;2,9;1,8;
2023-07-06;0500;0;924,2;1022,9;924,5;924,2;-3,5;13;12,1;6,6;12,9;12,1;6,7;6,5;12,7;69;66;69;143;3,6;1,9;
2023-07-06;0600;0;923,8;1022,4;924,2;923,8;-3,5;12;12,1;6,6;12,5;11,9;6,7;6,5;12,7;70;68;69;152;3,6;2,3;
2023-07-06;0700;0;923,3;1022;923,9;923,3;-3,5;12;11,7;6,4;12,3;11,6;6,6;6,4;12,7;70;68;70;149;3,7;1,9;
2023-07-06;0800;0;923,2;1022;923,4;923,2;-3,5;12;11,5;6,3;11,8;11,3;6,4;6,1;12,6;71;69;71;142;3,9;2,1;
2023-07-06;0900;0;923,7;1022,7;923,7;923,2;-3,5;11;11;6,3;11,5;10,9;6,4;6,2;12,6;73;71;73;147;4,2;2,3;
2023-07-06;1000;0;924,3;1023,4;924,3;923,7;4,3;11;11;6,4;11,2;10,5;6,4;6,2;12,6;75;72;73;149;4,3;2,3;
2023-07-06;1100;0;925;1023,5;925;924,3;368,8;12;12,9;7,3;12,9;10,9;7,3;6,3;13,6;73;68;69;144;3,9;2,1;
2023-07-06;1200;0;925,7;1023;925,7;925;1105,4;15;16,3;7,7;16,3;12,9;8,1;6,9;14,1;69;57;57;118;4,7;1,9;
2023-07-06;1300;0;925,9;1022,4;925,9;925,7;1765,1;18;18,6;8,1;18,6;16;8,4;7,1;14;59;48;51;104;4,8;1,8;
2023-07-06;1400;0;925,5;1021,3;925,9;925,4;2273,9;21;20,5;8,2;20,9;18,3;8,7;6,6;14;51;41;45;59;6,6;2,5;
2023-07-06;1500;0;924,7;1020;925,5;924,7;2572,9;23;21,7;7,2;21,8;20,3;8;6;13,9;45;37;39;73;6,9;2,1;
2023-07-06;1600;0;923,7;1019;924,7;923,7;2630,2;24;21,5;5;22,2;21;7,9;4,3;13,9;41;32;34;101;6,5;1,7;
2023-07-06;1700;0;922,9;1018;923,7;922,9;2444,5;25;21,9;5,3;22,4;21;6,3;4,1;13,8;38;32;34;17;5,7;2,6;
2023-07-06;1800;0;922,1;1017,1;922,9;922,1;2041,6;25;22;5,4;22,7;21,7;6,7;4,8;13,8;37;32;34;52;5,5;1,9;
2023-07-06;1900;0;921,7;1016,6;922,1;921,7;1442,3;25;22;5,5;22,8;21,9;6,9;4,4;14;37;31;34;46;5,4;2,2;
2023-07-06;2000;0;921,9;1017,4;921,9;921,6;710,2;24;20,3;6;22,1;20,3;6,3;4,6;13,2;40;32;39;40;5,4;1,7;
2023-07-06;2100;0;921,8;1018,6;921,9;921,8;81,3;21;16,6;6,4;20,3;16,6;7,1;6,1;12,9;51;39;51;131;3,2;,4;
2023-07-06;2200;0;922,1;1020,1;922,1;921,8;-3,5;16;13,2;7,8;16,6;12,5;8,1;6,5;12,8;73;51;70;135;2,3;1,5;
2023-07-06;2300;0;922,6;1021,3;922,6;922,1;-3,5;14;11,6;7,3;13,2;11,5;7,8;7,2;12,8;76;70;75;143;2,9;2,3;
2023-07-07;0000;0;922,9;1021,9;922,9;922,6;-3,5;13;10,9;6,9;11,6;10,6;7,3;6,9;12,8;78;75;77;151;3,5;2,1;
2023-07-07;0100;0;923,1;1021,6;923,2;922,8;-3,5;12;12,2;6,5;12,5;10,8;6,9;6,4;12,7;77;67;68;145;4;2,4;
2023-07-07;0200;0;923,4;1022;923,4;923,1;-3,5;12;11,9;6,6;12,7;11,6;6,6;6,4;12,7;71;66;70;152;4;2,3;
2023-07-07;0300;0;923,5;1022,1;923,5;923,2;-3,5;12;12,1;6,5;12,2;11,9;6,6;6,5;12,7;70;68;69;150;3,8;2;
2023-07-07;0400;0;923,1;1021,9;923,5;923,1;-3,5;12;11,5;6,5;12,1;11,4;6,6;6,4;12,7;72;69;71;151;3,8;2,3;
2023-07-07;0500;0;923,1;1021,8;923,2;923,1;-3,5;12;11,8;6,5;12,1;11,6;6,6;6,4;12,7;71;69;70;152;4;2;
2023-07-07;0600;0;922,6;1021,3;923,1;922,5;-3,5;12;11,5;6,5;11,8;11,4;6,5;6,4;12,7;71;70;71;155;3,6;2;
2023-07-07;0700;0;922,3;1021;922,6;922,3;-3,5;12;11,4;6,3;11,8;11,4;6,5;6,3;12,7;71;70;71;152;3,7;2,2;
2023-07-07;0800;0;922,5;1021,3;922,5;922,3;-3,5;11;11,2;6,4;11,5;11,1;6,4;6,3;12,6;72;71;72;152;3,6;2,1;
2023-07-07;0900;0;922,6;1021,5;922,6;922,5;-3,5;11;10,9;6,3;11,2;10,8;6,4;6,2;12,6;74;72;73;149;3,6;2,2;
2023-07-07;1000;0;923,1;1022,1;923,1;922,6;8,3;11;10,9;6,3;11,1;10,8;6,4;6,2;12,6;74;73;73;146;4,2;2,2;
2023-07-07;1100;0;923,7;1021,9;923,7;923,1;379,5;12;13,1;7,3;13,1;10,9;7,4;6,3;13,6;73;68;68;142;4;2,1;
2023-07-07;1200;0;924,1;1021,2;924,2;923,7;1098,5;15;16,3;7,8;16,3;13,1;8,1;7,2;14,1;68;57;57;133;4,5;2,2;
2023-07-07;1300;0;924,2;1020;924,4;924,1;1772;18;20,1;8,2;20,5;16,2;9;7,5;13,9;58;45;46;110;4,4;1,3;
2023-07-07;1400;0;923,8;1019,2;924,3;923,8;2268,6;21;21,2;8,4;21,3;19,5;9,2;7,3;13,9;49;42;44;120;4,1;1,8;
2023-07-07;1500;0;922,9;1017,8;923,8;922,9;2541,8;24;22,5;7,5;23,3;21;9,7;7;13,8;46;36;38;56;6,4;2,6;
2023-07-07;1600;0;922;1016,3;922,9;922;2546;25;23,9;7,7;24;22,4;8,8;6,7;13,8;41;35;35;108;6,4;2;
2023-07-07;1700;0;921,1;1015;922;921;2376,7;26;24,8;7,7;25;23;9,1;5,9;13,8;38;31;34;107;8,4;2,2;
2023-07-07;1800;0;920,5;1014,5;921,1;920,5;1996;27;24,5;6,4;25,6;23,6;8,3;5,3;13,7;35;29;31;134;8,4;1,8;
2023-07-07;1900;0;920,2;1014,1;920,5;920,2;1501,8;28;24,5;6,1;25,3;24,4;7,8;5,6;13,8;34;29;31;81;4,6;1,2;
2023-07-07;2000;0;920,2;1014,8;920,2;920,1;660,5;27;22,4;8,8;24,5;22,3;8,8;5,7;13,1;42;30;42;148;3,8;,6;
2023-07-07;2100;0;920,4;1016,5;920,4;920,2;83,9;23;18,2;8,6;22,7;18,2;9,1;7,3;12,9;53;39;53;134;3;1,3;
2023-07-07;2200;0;920,7;1018;920,7;920,4;-3,5;19;14,8;9,5;18,2;14,8;9,8;8,6;12,8;70;53;70;143;2,6;1,8;
2023-07-07;2300;0;921,1;1019,1;921,1;920,7;-3,5;16;12,9;9;14,9;12,8;9,4;8,9;12,8;77;70;77;141;3;2,2;
2023-07-08;0000;0;921,1;1019,6;921,1;921;-3,5;14;11,5;8,3;12,9;11,1;9;8,1;12,8;82;77;81;151;2,7;1,7;
2023-07-08;0100;0;921,5;1020,6;921,5;921,1;-3,5;13;10,1;7,6;11,5;10,1;8,2;7,4;12,7;84;80;84;145;2,8;1,4;
2023-07-08;0200;0;921,3;1020,4;921,5;921,2;-3,5;12;10;7,3;10,6;9,8;7,8;7,1;12,7;85;82;84;163;3,8;2,4;
2023-07-08;0300;0;921,3;1020,3;921,5;921,3;-3,5;11;10,3;7;10,5;10;7,4;7;12,7;84;80;80;155;3,5;2,2;
2023-07-08;0400;0;921;1020,1;921,4;921;-3,5;11;10,1;6,8;10,3;9,8;7,1;6,8;12,7;82;80;80;154;3,4;2,4;
2023-07-08;0500;0;920,7;1019,8;921,1;920,7;-3,5;11;10;6,8;10,2;9,8;6,9;6,7;12,7;81;80;80;157;3,8;2,1;
2023-07-08;0600;0;920,1;1019,1;920,7;920,1;-3,5;11;10;6,6;10,5;9,9;6,9;6,6;12,7;81;78;80;155;3,9;2,3;
2023-07-08;0700;0;919,9;1018,9;920,1;919,9;-3,5;10;9,8;6,8;10;9,5;6,8;6,6;12,6;82;80;82;153;3,5;2,2;
2023-07-08;0800;0;920,2;1019,5;920,2;919,9;-3,5;10;9,3;6,7;9,8;9,3;6,9;6,6;12,6;84;82;84;158;3,5;2;
2023-07-08;0900;0;920,7;1020,3;920,7;920,2;-3,5;10;8,5;6,3;9,5;8,5;6,9;6,3;12,6;87;83;86;152;3,2;1,8;
2023-07-08;1000;0;921,1;1020,7;921,1;920,7;4,8;9;8,7;6,6;8,8;8,2;6,8;6,2;12,6;89;86;87;159;3,1;1,9;
2023-07-08;1100;0;921,8;1020,4;921,8;921,1;316,8;10;11,5;7,9;11,5;8,5;7,9;6,5;13,6;87;78;78;155;3,5;2,1;
2023-07-08;1200;0;922,4;1019,3;922,4;921,8;942,9;14;16,5;9,1;16,5;11,5;9,3;7,9;14;79;62;62;146;3,9;2,1;
2023-07-08;1300;0;922,3;1018,1;922,6;922,3;1594,9;18;19,6;8,1;19,8;16,5;9,5;8,1;14;62;47;47;130;4;1,7;
2023-07-08;1400;0;921,7;1016,3;922,3;921,7;2226,7;22;22,9;9,1;22,9;19,4;9,4;8,1;13,9;50;41;41;114;3,9;1,1;
2023-07-08;1500;0;921;1014,7;921,7;921;2512,9;25;25,4;6,9;25,5;23;10;6,4;13,8;43;30;31;331;5,7;2,9;
2023-07-08;1600;0;920,3;1013,7;921;920;2527,4;27;26,2;6,1;26,5;25;8,2;5,4;13,7;33;26;28;291;8,1;4,8;
2023-07-08;1700;0;919,7;1012,8;920,3;919,7;2303,6;28;26,9;6;27,2;26,1;7;5,3;13,7;29;25;26;290;8,3;4,3;
2023-07-08;1800;0;919,7;1012,9;919,7;919,5;1938,1;28;26,6;5,1;27,1;26,3;6,2;4,2;13,7;27;24;25;266;8,1;4,2;
2023-07-08;1900;0;919,7;1013,1;919,7;919,6;1329,7;28;26;5,3;27,1;26;6,6;4,3;13,8;28;24;27;280;8,1;4,4;
2023-07-08;2000;0;919,9;1013,8;919,9;919,7;649,9;27;24,4;6,7;26,2;24,4;7;5,2;13,1;32;26;32;291;6,9;2,3;
2023-07-08;2100;0;920,3;1016;920,3;919,9;80,9;24;19,3;8;24,4;19,1;8,2;6,5;12,9;49;32;48;316;3,1;,8;
2023-07-08;2200;0;920,6;1017,2;920,6;920,3;-3,5;20;16,7;9,1;20;16,5;9,2;7,4;12,8;62;46;61;146;1,6;,7;
2023-07-08;2300;0;921,2;1018,9;921,2;920,6;-3,5;17;13,9;9,3;16,7;13,9;9,8;8,9;12,8;74;61;74;160;2,2;1,2;
2023-07-09;0000;0;921,5;1019,6;921,5;921,2;-3,5;15;12,9;9;14;12,9;9,5;9;12,8;77;73;77;175;2,3;1,2;
2023-07-09;0100;0;921,6;1020,1;921,6;921,5;-3,5;14;11,8;8,7;13;11,7;9,1;8,6;12,8;82;77;82;157;2,6;1,2;
2023-07-09;0200;0;921,5;1019,7;921,6;921,5;-1,9;14;12,6;9,1;13;11,8;9,1;8,8;12,7;82;77;79;149;3,1;1,7;
2023-07-09;0300;0;921,4;1019,7;921,5;921,3;-2,2;14;12,4;9,1;12,7;12,3;9,4;9;12,7;82;79;80;157;3,1;1,4;
2023-07-09;0400;0;921,3;1019,4;921,4;921,2;-2,8;13;12,9;9,6;12,9;12,1;9,7;9,1;12,7;84;80;80;181;2,3;1,3;
2023-07-09;0500;0;920,9;1019,1;921,3;920,9;-2,6;13;12,5;9,7;13;12;9,8;9,4;12,7;85;80;83;161;2,2;1,5;
2023-07-09;0600;0;920,7;1018,7;920,9;920,7;-,2;14;12,9;10,1;13;12,2;10,1;9,6;12,7;85;82;83;162;2,5;1,2;
2023-07-09;0700;0;920,7;1018,4;920,7;920,6;,4;14;13,7;10,3;13,8;12,9;10,5;10,1;12,7;85;80;80;149;2,6;1,6;
2023-07-09;0800;0;921,2;1018,9;921,2;920,6;,3;14;13,8;10,6;13,9;13,5;10,6;10,3;12,6;82;80;81;145;2,7;1,8;
2023-07-09;0900;0;921,5;1019,2;921,5;921,2;-1,7;15;14;10,5;14,6;13,8;10,8;10,3;12,6;81;77;79;146;2,8;1,5;
2023-07-09;1000;0;922,1;1020;922,1;921,5;3,9;14;13,5;10,7;14;12,7;10,8;10,1;12,6;86;79;83;147;2,7;1,6;
2023-07-09;1100;0;922,5;1019,8;922,5;922,1;173,4;15;15,5;10,8;15,5;13,5;11;10,5;13;83;73;74;144;2,5;1,7;
2023-07-09;1200;0;923,3;1019,4;923,3;922,5;745;17;19;11;19;15;11,7;10,3;13,9;77;57;60;148;3,3;1,3;
2023-07-09;1300;0;923,4;1018,2;923,5;923,2;1694,2;21;22,9;9,6;22,9;19;11,2;8,9;13,9;60;43;43;120;3,8;1,5;
2023-07-09;1400;0;922,7;1017;923,4;922,7;2170,6;25;24,3;6,8;25,2;22,8;9,9;6,6;13,8;43;33;33;109;3,2;1,4;
2023-07-09;1500;0;922;1015,7;922,7;922;2440,4;27;25,8;8,4;26,7;24,3;9,3;7,3;13,7;37;30;33;52;3,6;1,6;
2023-07-09;1600;0;921,4;1014,6;922;921,4;2505,4;28;27;7,7;27,4;25,7;9,1;6,7;13,6;34;28;30;315;5,6;2,2;
2023-07-09;1700;0;920,9;1014,1;921,4;920,9;1906,9;29;27,1;9,3;27,2;26,4;9,8;7,3;13,7;34;29;33;272;6,1;2,4;
2023-07-09;1800;0;920,8;1014;921;920,7;1933,7;29;26,9;9,1;28;26,4;10,1;8;13,5;35;30;33;259;5,6;2,8;
2023-07-09;1900;0;920,9;1014,3;920,9;920,7;1256,6;29;26,4;10,9;26,9;26;11,5;9,3;13,3;39;33;38;193;5,1;2,2;
2023-07-09;2000;0;921,2;1015,4;921,2;920,9;524,4;28;24;12,3;26,7;24;12,4;9,5;13,1;49;35;48;207;5,1;2,1;
2023-07-09;2100;0;921,6;1016,6;921,6;921,1;60;25;21,9;12,7;24;21,9;12,7;12,2;12,9;56;48;56;140;3,5;,8;
2023-07-09;2200;0;922;1017,3;922;921,6;-3,3;23;20,9;13,5;21,9;20,9;13,5;12,6;12,8;63;56;63;149;2,3;,8;
2023-07-09;2300;0;922,3;1018,1;922,3;922;-3;22;19,5;14;20,9;19,3;14,1;13,3;12,8;70;63;70;152;1,7;1,2;
2023-07-10;0000;0;922,4;1018,6;922,5;922,3;-2,6;20;18,4;14;19,6;18,3;14,2;14;12,8;77;70;75;137;2,5;1,2;
2023-07-10;0100;0;922,5;1019,1;922,7;922,4;-2,6;20;17,3;13,8;18,8;17,3;14,1;13,5;12,8;80;71;80;138;2,7;1,2;
2023-07-10;0200;0;922,4;1018,6;922,6;922,4;-3,1;19;18,5;13,4;18,5;17;13,8;13,4;12,8;81;72;72;143;3,1;1,6;
2023-07-10;0300;0;922,6;1019;922,6;922,2;-3,5;19;18;13;18,6;17,1;13,4;13;12,7;78;72;72;157;3,3;1,6;
2023-07-10;0400;0;922,6;1019,6;922,6;922,5;-3,5;18;16,3;12,8;18,1;16,3;13;12,8;12,7;80;72;80;143;3,1;1,4;
2023-07-10;0500;0;922,4;1019,2;922,6;922,3;-3,5;17;16,7;12,9;16,7;15,5;12,9;12,5;12,7;83;78;78;157;3;1,8;
2023-07-10;0600;0;922,4;1019,6;922,4;922,3;-3,1;17;15,6;12,7;17;15,5;12,9;12,5;12,7;83;77;83;161;3,1;1,5;
2023-07-10;0700;0;922,1;1019,1;922,4;922;-3;17;16,2;12,8;16,2;14,9;12,9;12,5;12,7;86;80;80;158;3,5;2,1;
2023-07-10;0800;0;922,1;1019,4;922,1;921,9;-3,2;17;15,2;12,3;16,8;15,1;12,9;12;12,6;83;77;83;155;3,5;1,8;
2023-07-10;0900;0;922,2;1019,1;922,3;922,1;-2,9;17;16,3;12,6;16,3;15;12,7;12,3;12,6;84;78;79;159;3,6;2;
2023-07-10;1000;0;922,6;1019,3;922,6;922,2;9,7;17;17;12,6;17;15,9;12,6;12,2;12,6;79;76;76;151;4,1;2,6;
2023-07-10;1100;0;923;1019,5;923,1;922,6;226,5;18;17,7;13;17,7;16,3;13;12,2;13,1;77;73;74;142;4,1;2;
2023-07-10;1200;0;923,5;1019,3;923,5;923;730,7;19;19,9;13,6;20;17,7;13,9;12,9;13,5;74;66;67;131;4,7;1,8;
2023-07-10;1300;0;923,4;1018,4;923,7;923,4;1302,8;22;22,4;13,3;22,4;19,9;13,9;13,2;14;67;56;56;122;4,1;1,5;
2023-07-10;1400;0;922,9;1017;923,4;922,9;2143,7;25;25;13,1;25,1;22,4;13,9;12,2;13,8;57;44;48;105;4,6;2,1;
2023-07-10;1500;0;922,2;1015,7;922,9;922,2;2350,2;27;26,4;12,4;27;24,9;13,8;11,6;13,6;49;40;42;130;4,2;2,1;
2023-07-10;1600;0;921,4;1014,3;922,2;921,4;2460,2;29;28,1;8,7;28,6;26,4;13,4;8,4;13,7;44;29;30;47;4;1,8;
2023-07-10;1700;0;920,5;1013,1;921,4;920,5;2318,5;31;28,7;7,6;29,4;28;10,4;7,3;13,6;32;25;27;351;5,8;2,1;
2023-07-10;1800;0;920,1;1012,8;920,5;920,1;1923,3;31;28,4;9,2;29,4;28,3;9,3;7,2;13,5;30;26;30;334;6,1;2,9;
2023-07-10;1900;0;920,2;1012,8;920,3;920,2;1064,9;30;28,7;10,5;29,1;27,6;10,5;8,2;13,8;33;28;32;306;6,3;1,6;
2023-07-10;2000;0;920,7;1014;920,7;920,2;663;30;26,7;8,6;29;26,7;10;7,9;13;32;27;32;262;5,1;2,7;
2023-07-10;2100;0;921;1015,7;921;920,6;66,7;27;22,6;10,5;26,7;22,6;10,5;8,6;12,9;46;32;46;252;4,3;1,8;
2023-07-10;2200;0;921,4;1017,1;921,4;921;-3,5;23;19,7;12,2;22,6;19,7;12,2;10;12,8;62;46;62;141;2,2;,5;
2023-07-10;2300;0;921,6;1018,1;921,6;921,4;-3,5;20;17,3;12,3;19,7;16,6;12,4;11,9;12,8;75;62;72;140;2,4;1,7;
2023-07-11;0000;0;921,7;1018,8;921,7;921,6;-3,5;18;15,8;12;17,3;15,8;12,4;11,9;12,8;78;72;78;150;2,6;1,8;
2023-07-11;0100;0;921,9;1019,2;921,9;921,7;-3,5;17;15,2;11,8;15,9;14,9;12,1;11,5;12,8;81;78;80;160;2,4;1,9;
2023-07-11;0200;0;921,9;1019,6;921,9;921,9;-3,5;16;14;11,2;15,2;14;11,8;11,2;12,7;83;80;83;151;2,6;2;
2023-07-11;0300;0;921,9;1019,7;922;921,9;-3,4;15;13,9;11,2;14,3;13,7;11,5;11,1;12,7;85;83;84;150;3,4;2,1;
2023-07-11;0400;0;921,8;1019,7;921,9;921,8;-3,5;15;13,4;11;14;13,3;11,3;10,8;12,7;85;83;85;149;3;2;
2023-07-11;0500;0;921,6;1019,5;921,8;921,6;-3,5;14;13,4;10,9;13,5;13,1;11;10,7;12,7;86;85;85;134;2,7;1,1;
2023-07-11;0600;0;921,5;1019,7;921,6;921,5;-3,5;14;12,7;10,4;13,4;12,7;10,9;10,4;12,7;87;85;86;165;2,7;1,3;
2023-07-11;0700;0;921,5;1019,9;921,5;921,4;-3,5;13;12;10,1;12,8;12;10,7;10,1;12,6;88;86;88;167;2,6;1,4;
2023-07-11;0800;0;921,6;1019,8;921,6;921,5;-3,5;13;12,5;10,2;12,7;11,8;10,8;9,9;12,6;90;86;86;148;3,4;2,5;
2023-07-11;0900;0;921,9;1020,3;921,9;921,6;-3,5;13;12,2;10,1;12,6;12,2;10,4;10,1;12,6;88;86;87;148;3;1,9;
2023-07-11;1000;0;922,2;1020,7;922,3;921,9;6,6;13;12;10,2;12,3;11,5;10,4;9,8;12,6;90;87;89;145;3;2,1;
2023-07-11;1100;0;922,5;1020,2;922,5;922,2;345,3;13;14,3;11,2;14,3;11,8;11,3;10;13,6;89;82;82;148;3;2;
2023-07-11;1200;0;922,9;1018,5;922,9;922,5;1049;17;20,4;12,8;20,4;14,3;13,3;11,3;13,9;82;62;62;154;3,4;1,8;
2023-07-11;1300;0;922,7;1017,1;922,9;922,7;1701,2;22;24;12,3;24;20,5;13,2;12;13,9;63;47;48;140;3,5;1,9;
2023-07-11;1400;0;922,3;1015,8;922,8;922,3;2186,1;25;26,5;12,1;26,5;23,7;12,7;11,5;13,7;49;40;41;166;3,6;1,4;
2023-07-11;1500;0;921,6;1014,5;922,3;921,6;2448,7;28;28;11,9;28;26,3;12,7;10,8;13,6;41;35;37;120;4;1,7;
2023-07-11;1600;0;920,7;1013,3;921,6;920,7;2006,5;30;28,8;8,3;29;27,4;12,1;7;13,4;38;26;28;282;3,9;1,8;
2023-07-11;1700;0;919,8;1012,6;920,7;919,8;1614,5;30;28;10,1;29,9;27,2;10,3;7;13,5;33;25;33;67;4,2;1,6;
2023-07-11;1800;0;919,2;1011,5;919,8;919,2;1764,5;31;29,2;9,9;29,5;27,9;11,3;7,6;13,5;34;28;30;127;4,4;1,3;
2023-07-11;1900;0;919;1012;919,2;919;1339,3;31;27;11,5;29,2;27;12;8,6;13,1;39;28;38;131;4,6;2,3;
2023-07-11;2000;0;919,1;1012,5;919,1;919;543;29;25,9;12,9;27;25,9;14,3;10,7;13,1;48;36;45;139;3,8;1,4;
2023-07-11;2100;0;919,3;1013,9;919,3;919,1;83,4;27;22,1;15,5;25,9;22,1;15,5;12,5;12,9;66;45;66;127;2,7;1,2;
2023-07-11;2200;0;919,6;1015,3;919,6;919,3;-3,5;24;19,2;14,3;22,1;19,1;15,5;14,3;12,8;74;67;73;160;2,2;1,4;
2023-07-11;2300;0;919,9;1016,5;920;919,6;-3,5;20;16,5;12,8;19,2;16,5;14,3;12,8;12,8;79;73;79;152;2,6;1,4;
2023-07-12;0000;0;920,2;1017,3;920,2;919,9;-3,5;18;15,2;11,7;16,5;15,1;12,8;11,7;12,8;81;79;80;149;2,4;1,6;
2023-07-12;0100;0;920;1017,1;920,2;920;-1,9;17;15,1;11,4;15,4;14,8;11,8;11,2;12,8;80;76;79;148;2,7;1,5;
2023-07-12;0200;0;919,8;1016,7;920;919,8;-2,9;17;15,8;11,2;15,8;15,1;11,4;11,2;12,8;79;74;74;146;3,4;2,7;
2023-07-12;0300;0;919,7;1016,6;919,9;919,7;-2,5;17;15,6;11,2;15,9;15,5;11,3;11,1;12,7;76;74;75;152;3,4;2,4;
2023-07-12;0400;0;919,7;1016,5;919,7;919,6;-2,5;17;16;11,1;16,2;15,5;11,3;11,1;12,7;76;72;73;147;3,2;2,3;
2023-07-12;0500;0;919,5;1016,7;919,7;919,5;-3,3;17;14,9;11,2;16,1;14,9;11,4;11,2;12,7;79;73;79;159;2,8;1,7;
2023-07-12;0600;0;919,3;1016,8;919,5;919,3;-3,5;16;13,8;10,9;14,9;13,8;11,5;10,9;12,7;83;79;83;156;2,6;1,7;
2023-07-12;0700;0;919;1016,8;919,3;918,9;-3,5;14;13;10,4;13,8;13;11;10,4;12,7;87;83;84;146;3;2;
2023-07-12;0800;0;918,8;1016,8;919;918,8;-3,5;14;12,3;10;13,2;12,3;10,7;10;12,6;86;84;86;151;3;2;
2023-07-12;0900;0;918,6;1016,8;918,8;918,6;-3,5;13;11,8;9,6;12,5;11,8;10,2;9,6;12,6;87;85;86;150;3,8;2,2;
2023-07-12;1000;0;918,8;1015,4;918,8;918,6;6,6;14;16,4;10;16,6;11,8;10,3;9,6;12,6;87;65;66;150;4,3;2,7;
2023-07-12;1100;0;919,3;1015,5;919,3;918,8;227,8;16;17,5;10,8;17,9;16,5;10,8;10,1;13,2;66;62;65;149;4,4;1,9;
2023-07-12;1200;0;919,5;1014,9;919,5;919,3;736,9;19;19,9;11,1;19,9;17,4;11,5;10,7;13,7;66;56;57;134;4,1;1,7;
2023-07-12;1300;0;919,5;1013,8;919,5;919,5;1320;21;23,1;11,2;23,2;19,9;11,9;10,9;13,7;58;47;47;131;3,8;1,6;
2023-07-12;1400;0;919;1012,5;919,6;919;1769,8;25;25,5;10,6;25,7;23;12,3;9,6;13,8;49;37;39;143;3,7;2,1;
2023-07-12;1500;0;918,2;1010,6;919,1;918,2;2221,7;28;28,5;8,6;28,5;25,5;10,9;7,3;13,7;40;27;29;25;4,9;2,3;
2023-07-12;1600;0;917,2;1009,6;918,1;917,2;1999,3;30;28,3;6,4;29,4;27,8;9;6,3;13,7;31;25;25;328;8,5;3,2;
2023-07-12;1700;0;916,2;1008,1;917,2;916,2;1711,6;30;29,4;7,4;29,6;27,8;8,5;6,3;13,8;28;25;25;338;7,9;3,7;
2023-07-12;1800;0;915,9;1008,1;916,3;915,9;1689,4;30;28,6;8,1;29,6;27,9;8,4;6,6;13,3;28;25;28;341;8,5;4,1;
2023-07-12;1900;0;915,8;1008,4;916;915,6;1090,6;30;27,3;7,7;28,7;27,3;8,5;6,8;13,1;29;26;29;325;8,4;2,7;
2023-07-12;2000;0;915,9;1009;915,9;915,8;522,2;29;25,7;8,5;27,8;25,7;8,6;7,6;13;34;28;34;346;7,6;1,6;
2023-07-12;2100;0;916,1;1009,9;916,2;915,9;52,4;26;23,6;9,4;25,7;23,6;9,4;8,4;12,9;40;33;40;2;4;1,4;
2023-07-12;2200;0;916,3;1010,9;916,3;916,1;-3,5;24;21,4;10,3;23,6;21;10,5;9,2;12,8;51;40;49;2;3,8;,7;
2023-07-12;2300;0;917;1011,7;917;916,3;-3,4;22;21,2;9,5;22,1;20,8;11;9,4;12,8;53;45;47;324;3,7;,8;
2023-07-13;0000;0;917,3;1012,4;917,3;916,9;-3,4;21;20,3;10,2;21,3;19,3;11,1;9,6;12,8;59;47;52;315;2,3;,6;
2023-07-13;0100;0;917,8;1013,6;917,8;917,3;-3,3;21;18,2;12;21,5;18,2;12;9,8;12,8;67;47;67;53;2,9;,2;
2023-07-13;0200;0;917,4;1013,5;917,9;917,4;-3,4;19;17,2;11,6;18,5;16,5;12;11,5;12,8;72;64;70;182;2;1,4;
2023-07-13;0300;0;917,3;1014,1;917,6;917,2;-3,5;18;15,2;11,6;17,9;15,1;12;11;12,7;79;65;79;178;2,3;1,1;
2023-07-13;0400;0;917,2;1014,2;917,5;917,1;-3,5;16;14,6;11,1;16;14,2;11,8;10,8;12,7;81;75;80;167;2,2;1,3;
2023-07-13;0500;0;917,6;1014,6;917,6;917,2;-3,1;16;14,7;11,1;14,8;14,2;11,3;10,8;12,7;81;78;79;139;2,4;,5;
2023-07-13;0600;0;916,9;1013,8;917,6;916,9;-3,1;15;14,8;10,9;15;14,2;11,2;10,7;12,7;80;78;78;167;2,6;1,5;
2023-07-13;0700;0;916,7;1014,1;916,9;916,4;-3,5;15;13,3;10,8;15;12,9;11,1;10,1;12,6;86;76;85;139;2,8;1,1;
2023-07-13;0800;0;916,8;1014;916,8;916,6;-2,7;15;13,9;11;13,9;13,3;11;10,7;12,6;85;82;82;139;2,1;,9;
2023-07-13;0900;0;916,9;1014,3;917,1;916,7;-2,3;15;13,4;10,8;14,9;13,4;11,3;10,8;12,6;84;78;84;185;1,6;1,2;
2023-07-13;1000;0;917,8;1015,1;917,8;916,9;4,6;15;14,1;11,2;14,2;13,3;11,3;10,8;12,6;85;82;83;145;2,5;1;
2023-07-13;1100;0;918,3;1014,8;918,5;917,8;307,3;15;16,4;11,5;16,7;13,2;11,8;10,1;13,5;85;70;73;41;3,7;2;
2023-07-13;1200;0;918,7;1013,6;918,7;918,2;978,8;18;21,3;11,3;21,3;16,4;13,9;11,3;13,9;74;53;53;22;3;1;
2023-07-13;1300;0;918,7;1012,9;918,8;918,7;1282,9;22;23,4;12;23,5;21;12,4;10,5;13,8;56;47;49;331;3,5;1,8;
2023-07-13;1400;0;918,2;1011,7;918,7;918,2;2161,7;25;25,3;11,2;25,8;23;12,5;10,9;13,8;50;40;41;307;5,9;2,9;
2023-07-13;1500;0;917,7;1010,7;918,3;917,7;2412,2;27;26,5;11,6;26,7;25,4;12;10,4;13,7;42;37;39;292;10,5;5,5;
2023-07-13;1600;0;916,7;1009,5;917,7;916,7;2435,6;28;27;10,5;27,6;26,1;12,1;10,5;13,3;40;36;36;284;11,9;5,9;
2023-07-13;1700;0;916,1;1009;916,7;916,1;1321,3;28;26,3;11,2;27;25,5;12;10,6;13,7;41;36;39;262;11;6,5;
2023-07-13;1800;0;916;1009,2;916,1;915,8;1139,5;27;25,4;12,4;27,3;25,4;12,7;11,2;13,2;45;37;45;262;10,4;4,8;
2023-07-13;1900;0;916,1;1009,2;916,2;916;694,8;27;25,7;13,2;25,9;25,1;13,8;12,4;13,5;48;45;46;275;8,4;5,1;
2023-07-13;2000;0;916,8;1011,1;916,8;916,1;324;26;22,5;15,2;26,1;21,6;15,2;13;13;67;45;63;252;9,6;2,8;
2023-07-13;2100;0;917,1;1011,7;917,1;916,7;41;24;21,7;15,2;22,5;21,5;15,4;15,2;12,8;68;63;67;274;5;1,6;
2023-07-13;2200;0;917,5;1012,3;917,5;917,1;-2,4;23;21,1;14,9;22;20,7;15,4;14,7;12,8;72;64;67;234;8,2;3,2;
2023-07-13;2300;0;918,1;1013,3;918,2;917,5;-3,4;22;20,2;10,1;21,1;19,7;14,9;10;12,8;69;52;52;256;5,7;1,9;
2023-07-14;0000;4,4;920,2;1017,5;920,2;918,1;-3,3;19;14,8;12,9;20,2;14,3;13,4;10,3;12,8;89;52;89;242;11,6;1,9;
2023-07-14;0100;2,4;921,3;1018,9;921,4;920,2;-3;17;14,2;12,5;14,8;14;12,7;11,4;12,8;90;80;90;272;6;2,4;
2023-07-14;0200;,4;920,8;1018,7;921,3;920,4;-3,4;15;13,1;10,5;14,6;13,1;12,5;9,7;12,7;90;74;84;224;7;1,9;
2023-07-14;0300;1,8;921,4;1019,8;921,7;920,8;-3,5;14;11,9;9,9;13,2;11,9;10,6;9,4;12,7;88;80;88;240;6,5;2,3;
2023-07-14;0400;4,8;920,8;1019,4;921,4;920,1;-2,4;13;11,2;10,1;11,9;11,2;10,1;9,7;12,7;93;88;93;325;4,4;1,3;
2023-07-14;0500;1,6;920,5;1019,1;921,1;919,8;-1,4;13;11,3;10,3;11,4;11,2;10,4;10;12,7;93;93;93;337;3,8;2;
2023-07-14;0600;0;920,5;1019,1;920,7;920,1;-,7;13;11,3;10,4;11,5;11,2;10,6;10,2;12,7;94;93;94;299;3,8;2,1;
2023-07-14;0700;0;920,8;1019,4;920,9;919,8;-2;13;11,3;10,3;11,4;11,2;10,4;10,3;12,6;94;94;94;300;5,3;2,1;
2023-07-14;0800;0;920,7;1019,2;921,1;920,5;-1,4;13;11,4;10,3;11,5;11,3;10,4;10,2;12,6;94;93;93;278;4,3;2,6;
2023-07-14;0900;0;921;1019,6;921,1;920,6;-,7;13;11,3;10,3;11,4;11,2;10,4;10,2;12,6;94;93;94;302;4,5;2,6;
2023-07-14;1000;0;921,6;1020,3;921,6;921;,8;12;11,2;10,3;11,4;11,2;10,4;10,3;12,5;94;94;94;302;4,1;2,2;
2023-07-14;1100;0;922,6;1021,3;922,6;921,6;80,8;13;11,6;10,6;11,6;11,2;10,6;10,2;12,7;94;94;94;308;4,4;1,5;
2023-07-14;1200;0;923,4;1021,7;923,4;922,6;681,2;13;12,9;9,9;13,3;11,5;11,5;9,9;13,6;94;82;82;283;4,1;2;
2023-07-14;1300;0;923,5;1021,1;923,6;923,4;1376,9;15;14,8;9,2;14,9;12,7;10,1;8,2;14,2;83;65;69;261;3,8;1,6;
2023-07-14;1400;0;923,4;1021;923,6;923,4;1493,3;17;14,7;8,7;15,5;13,4;9,3;7,6;14;72;62;67;166;4;1,5;
2023-07-14;1500;0;923;1019,8;923,4;923;2726,4;19;16,9;7,5;16,9;14,7;9,5;6,3;13,9;69;51;54;260;4,7;1,4;
2023-07-14;1600;0;922;1018,2;923;922;2740,4;20;18,3;6,5;18,3;16,1;8,9;5;13,9;57;43;46;304;4,4;1,6;
2023-07-14;1700;0;921,1;1016,9;922;921,1;2573,5;21;19,2;6,1;19,4;17,6;7,4;5;13,8;48;40;42;210;4,1;1,4;
2023-07-14;1800;0;920,7;1016,2;921,1;920,6;2152,3;22;20,1;6,5;20,6;18,8;7;4,9;13,9;44;38;41;244;3,6;1,3;
2023-07-14;1900;0;920,4;1016;920,7;920,4;1543,2;23;19,5;5,7;20,6;19,3;6,6;3,7;13,9;42;35;40;230;4,3;2,2;
2023-07-14;2000;0;920,7;1017;920,8;920,4;794,1;22;17,6;6;19,9;17,6;6,9;4,5;13,2;49;38;47;216;5;3,6;
2023-07-14;2100;0;921,2;1019,3;921,2;920,7;113,2;18;12,9;6,7;17,6;12,9;6,7;5,6;12,9;66;47;66;216;5;3,5;
2023-07-14;2200;0;921,5;1020,4;921,5;921,2;-3,5;14;10,7;7,5;12,9;10,7;7,5;6,7;12,8;81;66;81;172;4,3;,8;
2023-07-14;2300;0;921,9;1021,1;921,9;921,5;-3,5;11;10;7,2;10,7;9,1;7,5;6,4;12,8;87;79;82;144;1,8;1;
2023-07-15;0000;0;922,5;1022,8;922,5;921,9;-3,5;10;7,2;5,3;10,1;7,1;6,8;5,1;12,7;88;81;88;2;2,6;,9;
2023-07-15;0100;0;922,8;1023,4;922,8;922,5;-3,5;8;6,6;5,6;8,1;6,5;6,2;5;12,7;93;85;93;158;1,6;,7;
2023-07-15;0200;0;922,9;1023,7;923;922,8;-3,5;7;5,9;5;6,8;5,8;5,8;4,8;12,7;94;93;94;154;1,6;,9;
2023-07-15;0300;0;922,8;1023,8;922,9;922,7;-3,5;6;5,3;4,5;6,1;4,8;5,2;3,9;12,7;95;94;95;135;2;1,4;
2023-07-15;0400;0;922,6;1023,9;922,8;922,5;-3,5;6;4,5;3,8;5,6;4;4,8;3,3;12,7;95;95;95;158;2,3;1,3;
2023-07-15;0500;0;922,3;1023,7;922,6;922,2;-3,5;5;4,2;3,6;4,7;4,1;4,1;3,4;12,7;95;95;95;157;2,8;2;
2023-07-15;0600;,2;921,9;1023,4;922,3;921,9;-3,5;5;3,8;3,1;4,5;3,6;3,8;3;12,6;95;95;95;142;2,5;1,3;
2023-07-15;0700;0;921,7;1023,2;921,9;921,7;-3,5;4;3,7;3,1;4;3,3;3,3;2,6;12,6;96;95;96;166;2,1;1,3;
2023-07-15;0800;0;921,8;1023,3;921,9;921,7;-3,5;4;3,9;3,2;4,1;3,4;3,5;2,8;12,6;96;95;95;159;3,5;1;
2023-07-15;0900;0;922;1022,8;922;921,7;-3,5;4;5,7;4,9;5,7;3,8;4,9;3,1;12,5;95;94;95;144;2,3;1,5;
2023-07-15;1000;0;922,3;1022,6;922,3;922;5,6;5;7;4,9;7;5,4;4,9;3,7;12,5;95;86;87;142;3,2;2;
2023-07-15;1100;0;922,8;1022,1;922,8;922,3;417,5;7;9,9;7;9,9;7;7;4,9;13,9;87;82;82;140;4,4;2;
2023-07-15;1200;0;923,5;1022;923,5;922,8;1182;10;12,4;8,3;12,4;9,9;8,3;7;14,2;83;75;76;138;6,9;3,2;
2023-07-15;1300;0;924,1;1021,7;924,1;923,5;1856,6;14;15;8,6;15;12,4;9;7,6;14,2;76;65;66;117;7,1;3,1;
2023-07-15;1400;0;923,8;1020,6;924,2;923,8;2358,1;16;17,3;7,9;18,1;15;9,6;7,7;14;66;53;54;113;6,7;3,2;
2023-07-15;1500;0;923,2;1018,9;923,8;923,2;2657,5;19;20,3;8,5;20,5;17,3;9,6;7,7;13,9;54;46;46;86;7,7;2,1;
2023-07-15;1600;0;922,2;1017,3;923,2;922,2;2699,4;22;21,6;8,6;22,6;20,1;10,3;7,6;13,9;49;41;43;93;5,6;2,3;
2023-07-15;1700;0;921,3;1015,9;922,2;921,3;2508,7;24;22,8;8,8;23,5;21,5;11,1;8,5;13,8;46;40;41;66;5,6;2,1;
2023-07-15;1800;0;920,7;1015;921,3;920,7;2096,4;25;23,5;9,2;23,8;22,7;10,6;8,7;13,8;45;39;40;128;5,1;1,4;
2023-07-15;1900;0;920,5;1014,9;920,7;920,5;1473,2;26;23,3;9,9;24,8;23,2;10,7;8,9;13,8;45;38;43;115;4,7;1,5;
2023-07-15;2000;0;920,5;1015,4;920,6;920,5;732,2;26;21,8;10,6;23,4;21,8;10,6;9,6;13,2;49;41;49;146;3,9;,9;
2023-07-15;2100;0;920,7;1016,5;920,7;920,5;94,7;23;19,1;10,2;21,8;19,1;11,2;10,1;12,9;57;49;56;125;2,6;1,3;
2023-07-15;2200;0;920,8;1017,7;920,8;920,5;-3,5;19;15,9;11,3;19,1;15,9;11,6;10,2;12,8;74;56;74;144;2,7;2,1;
2023-07-15;2300;0;921,3;1019;921,3;920,8;-3,5;17;13,9;10,7;15,9;13,9;11,2;10,7;12,8;81;74;81;154;3,5;2,5;
2023-07-16;0000;0;921,8;1019,6;921,8;921,3;-3,5;15;13,8;10,2;14,7;13,6;10,7;10,1;12,8;81;76;79;152;3,5;2,2;
2023-07-16;0100;0;922;1019,4;922;921,8;-3,5;15;15;10,3;15;13,3;10,4;9,9;12,8;80;73;73;148;3,7;2,2;
2023-07-16;0200;0;922,1;1019,5;922,1;922;-3,5;15;14,9;10,7;15,3;14,7;10,7;10,2;12,7;76;73;76;146;3,9;1,9;
2023-07-16;0300;0;922,3;1019,9;922,3;922,1;-3,5;15;14,6;10,8;15,4;14,6;11;10,6;12,7;78;75;78;162;3,2;1,4;
2023-07-16;0400;0;922,2;1020,5;922,5;922,2;-3,5;14;12,4;10,7;14,7;12,4;10,9;10,3;12,7;89;78;89;154;2,4;1,4;
2023-07-16;0500;0;922,2;1020,3;922,3;922,1;-2,3;14;13;11,3;13,1;12,3;11,5;10,7;12,7;91;89;89;162;1,9;,4;
2023-07-16;0600;0;922,1;1020,1;922,2;921,9;-2,6;14;13,3;11,5;13,3;12,8;11,6;11,2;12,7;91;88;89;331;2;1;
2023-07-16;0700;0;921,9;1020,1;922,1;921,8;-3,5;13;12,8;11,7;13,4;11,8;11,7;10,5;12,7;93;87;93;163;2;1,3;
2023-07-16;0800;0;921,8;1019,8;921,9;921,8;-2,6;13;13,1;12,1;13,1;12,1;12,1;10,9;12,6;93;91;93;156;2,9;2;
2023-07-16;0900;0;922,1;1019,7;922,1;921,8;-2,5;14;14,5;11,9;14,5;13,1;12,3;11,7;12,6;93;85;85;153;3,6;2,2;
2023-07-16;1000;0;922,8;1020,3;922,8;922,1;3,6;15;15;12,1;15,1;14,5;12,1;12;12,6;85;82;83;147;3,7;2;
2023-07-16;1100;0;923,4;1020,7;923,5;922,8;171,2;16;15,7;12,3;15,7;15;12,3;12,1;13;83;80;80;139;4,5;2,5;
2023-07-16;1200;0;924;1020,9;924;923,4;442,3;17;17,1;13,2;17,1;15,7;13,4;12,3;13,4;81;78;78;133;4,1;2;
2023-07-16;1300;0;924,1;1020;924,2;923,9;1233,8;19;19,9;14,5;19,9;17,1;14,5;13,3;13,9;79;69;71;119;4,3;1,7;
2023-07-16;1400;0;923,8;1019,4;924,2;923,8;1300,1;21;20,7;14,5;20,7;19,4;14,6;13,7;13,8;72;68;68;123;4,2;1,8;
2023-07-16;1500;0;922,9;1017,3;923,8;922,9;1895,3;23;23,9;15;23,9;20,8;15,2;14,1;13,9;68;56;57;102;4,3;1,9;
2023-07-16;1600;0;921,5;1015;922,9;921,5;2679,1;26;26,1;14,6;26,2;23,9;15,2;13;13,8;57;46;49;63;5,4;2,2;
2023-07-16;1700;0;921;1014,4;921,5;921;1770,2;27;26,5;12,9;27;25,6;15,2;12,3;13,8;52;41;43;353;5,6;2,2;
2023-07-16;1800;0;920,8;1014,1;921;920,8;1950,1;29;26,7;9,2;28,1;26,2;13,7;8,5;13,1;46;30;33;314;5,9;2,4;
2023-07-16;1900;0;920,8;1013,9;920,9;920,7;787,5;28;27,1;12,6;27,1;24,7;14,9;9,5;13,7;54;33;41;223;4,8;1,1;
2023-07-16;2000;0;920,9;1014,6;920,9;920,7;750;28;25,5;13;27,6;25,5;13,5;11,2;13;46;37;46;257;3,5;1,4;
2023-07-16;2100;0;921,3;1016,3;921,3;920,9;94;25;21,8;13,4;25,5;21,3;13,7;12,6;12,9;62;45;59;190;4;3;
2023-07-16;2200;0;921,7;1018;921,7;921,3;-3,5;22;18,1;14,2;21,9;18,1;14,3;13;12,8;78;58;78;75;4;,7;
2023-07-16;2300;0;922,2;1018,6;922,2;921,7;-3,5;20;17,8;14,4;18,7;17,5;14,9;13,9;12,8;81;75;80;116;2,2;,9;
2023-07-17;0000;0;922,4;1019,4;922,4;922,2;-3,5;18;16,2;13,9;17,9;16;14,4;13,6;12,8;87;80;86;150;2,2;1,4;
2023-07-17;0100;0;922,8;1020,2;922,9;922,4;-3,5;17;15,2;13,6;16,2;15,2;14;13,6;12,8;91;86;90;151;2,2;1,5;
2023-07-17;0200;0;922,8;1020,1;922,9;922,8;-3,5;17;15,6;13,6;15,9;15,1;14,1;13,1;12,8;91;87;88;144;2,6;2;
2023-07-17;0300;0;922,9;1019,6;922,9;922,8;-3,4;17;17,3;14,2;17,4;15,5;14,6;13,3;12,7;88;81;82;153;3,3;2;
2023-07-17;0400;0;922,8;1020;923;922,8;-3,5;17;15,7;13,8;17,6;15,6;14,4;13,4;12,7;88;81;88;143;3;1,6;
2023-07-17;0500;0;922,6;1019,9;922,8;922,6;-3,5;16;15,3;14,1;15,7;14,7;14,2;13,4;12,7;93;88;93;158;2,4;1,6;
2023-07-17;0600;0;922,3;1019,8;922,6;922,3;-3,2;16;14,7;13,5;15,3;14,6;14,1;13,4;12,7;93;92;93;152;2,9;1,6;
2023-07-17;0700;0;922,1;1019,5;922,3;922,1;-3,5;16;15;13,5;15,5;14,4;14,3;13,2;12,7;93;90;91;148;3,1;1,7;
2023-07-17;0800;0;922,1;1019,5;922,2;922;-3,2;16;14,9;13,5;16;14,4;14,7;13,2;12,6;93;89;91;153;3,1;1,8;
2023-07-17;0900;0;922,3;1019,2;922,3;922;-3,2;16;16,6;14,1;16,8;14,9;14,6;13,6;12,6;92;85;85;145;3,9;1,7;
2023-07-17;1000;0;922,7;1019,6;922,7;922,2;4,6;17;16,6;14,1;17,2;16,6;14,6;14;12,6;86;84;85;143;3,7;1,6;
2023-07-17;1100;0;923,7;1020,6;923,7;922,7;367,8;17;17;14,5;17,2;16;14,6;13,8;13,5;88;84;85;141;3,4;1,6;
2023-07-17;1200;0;924,2;1019,8;924,3;923,7;1087,9;20;20,8;15,6;20,8;17;16,1;14,5;13,9;85;72;72;115;3,5;1,6;
2023-07-17;1300;0;924,5;1019,3;924,6;924,2;1699,3;23;23,3;16,3;23,3;20,2;16,7;15,3;13,8;75;64;65;143;3,2;1,5;
2023-07-17;1400;0;924,3;1018,4;924,6;924,3;1664,9;26;25,4;14,5;25,4;23,1;16,5;14,2;13,9;66;51;51;323;3,2;1,4;
2023-07-17;1500;0;923,9;1017,5;924,3;923,9;2077,9;27;26,8;13,1;27,2;25,3;15,2;12,9;13,7;53;41;43;286;4,6;2,5;
2023-07-17;1600;0;923,1;1016,4;923,9;923,1;2321,9;29;27,2;11,3;27,7;26;13,9;10,2;13,7;46;34;37;316;5,2;2,1;
2023-07-17;1700;0;922,4;1015,7;923,1;922,4;2236,8;30;27,2;11,2;28,3;26,7;13,1;10,3;13,7;41;34;37;217;5,6;1,8;
2023-07-17;1800;0;922,1;1015,4;922,4;922,1;1561,1;30;27;11,2;28,2;26,9;11,6;10,1;13,2;38;34;37;278;5,4;2,7;
2023-07-17;1900;0;922;1015,3;922,1;922;1003,9;29;26,9;11,8;27,6;26,5;12,4;10;13,3;40;35;39;258;5,2;2,4;
2023-07-17;2000;0;922,4;1016,4;922,4;922;525,6;28;25;13,2;26,9;25;13,3;11,7;13;48;39;48;248;4,8;1,7;
2023-07-17;2100;0;922,6;1017,8;922,6;922,3;76,8;25;21,4;14,6;25;20,6;14,6;12,8;12,9;65;47;65;351;2,2;,6;
2023-07-17;2200;0;922,9;1019;922,9;922,6;-3,5;22;18,8;13,9;21,4;18,8;14,4;13,9;12,8;73;64;73;112;1,4;,4;
2023-07-17;2300;0;923,6;1020,6;923,6;922,9;-3,5;20;16,6;13,7;18,8;16,6;14,7;13,5;12,8;83;73;83;174;1,7;1,2;
2023-07-18;0000;0;923,9;1021;924;923,6;-3;18;16,5;14;17,6;16,4;14,3;13,6;12,8;85;80;85;160;2,2;1,5;
2023-07-18;0100;0;924,3;1021,4;924,3;923,9;-2,7;18;16,6;13,6;16,8;16,5;14;13,6;12,8;85;83;83;176;2,2;1,2;
2023-07-18;0200;0;924,4;1021,9;924,4;924,3;-3,5;17;15,4;13,5;16,7;15,3;13,7;13,2;12,8;88;82;88;141;2,4;1,4;
2023-07-18;0300;0;924,2;1021,8;924,5;924,2;-3,5;16;15,1;13,2;15,5;14,9;13,6;13,1;12,7;90;87;89;154;2,6;2;
2023-07-18;0400;0;924;1021,7;924,2;924;-3,5;16;14,6;13;15,1;14,5;13,4;12,8;12,7;91;89;90;167;2,6;1,3;
2023-07-18;0500;0;923,6;1021,5;924;923,6;-3,5;15;14,1;12,8;14,8;13,8;13,1;12,5;12,7;92;89;92;150;2,1;1,5;
2023-07-18;0600;0;923,3;1021,4;923,6;923,3;-3,3;15;13,4;12,2;14,1;13,4;12,7;12,1;12,7;92;91;92;154;2,2;1,6;
2023-07-18;0700;0;923,1;1021,2;923,3;923,1;-3,2;14;13,2;11,9;13,8;13,2;12,5;11,9;12,7;92;91;91;150;3;1,9;
2023-07-18;0800;0;923,1;1021,2;923,1;923;-3,5;14;13,4;11,9;13,6;13,1;12,3;11,8;12,6;92;91;91;143;3,3;2,3;
2023-07-18;0900;0;923,7;1021,6;923,7;923,1;-3,5;14;14,1;12,1;14,1;13,3;12,3;11,6;12,6;91;87;88;162;3,7;2,1;
2023-07-18;1000;0;924,7;1022,9;924,7;923,7;6,8;14;13,6;12;14,3;13,2;12,2;11,4;12,6;91;86;90;182;3,5;1;
2023-07-18;1100;0;925,4;1022,9;925,4;924,7;359,5;15;15,8;12,9;15,8;13,5;12,9;11,7;13,5;91;83;83;142;2,9;1,4;
2023-07-18;1200;0;926,2;1022,1;926,2;925,4;1067,4;18;20,6;14,6;20,6;15,8;15,2;12,9;14;83;67;69;146;2;1,2;
2023-07-18;1300;0;926,3;1020,7;926,3;926,2;1737,6;23;25,1;15,6;25,1;20,6;15,9;14,3;13,8;69;55;55;170;2,3;,8;
2023-07-18;1400;0;926;1019,6;926,3;926;2195,6;27;27,4;11;27,9;25,1;16,1;11;13,7;57;36;36;341;4,4;2,6;
2023-07-18;1500;0;925,6;1018,8;926,1;925,6;2541,3;29;28,5;9,2;29,3;27,4;12,1;8;13,7;38;27;30;300;6,3;3,1;
2023-07-18;1600;0;924,9;1017,9;925,6;924,9;2488,3;30;28,8;10,7;28,9;27,9;10,7;7,1;13,5;33;27;33;251;7,3;3,3;
2023-07-18;1700;0;924,2;1017;924,9;924,2;2338,1;31;29,3;8,5;29,4;28,5;10,7;8,3;13,5;32;27;27;270;6,8;2,4;
2023-07-18;1800;0;923,9;1017,2;924,3;923,9;1758,8;31;27,5;9,3;29,5;27,5;10,7;7,5;13,1;33;26;32;240;6,3;3,5;
2023-07-18;1900;0;924;1017,9;924;923,8;582,6;29;25,9;11,3;28,8;25,9;12,6;9,2;13;43;31;40;211;5,9;2,5;
2023-07-18;2000;1,2;924,4;1019,8;924,6;924;276,6;26;21,4;16,6;25,9;20,7;17,7;11;13;80;40;74;215;5,7;1,4;
2023-07-18;2100;0;924,8;1020,7;924,8;924,4;51,2;23;20,1;14,1;21,6;20;16,2;13,8;12,8;74;63;68;176;2;,6;
2023-07-18;2200;0;925,5;1021,1;925,5;924,8;-2,2;21;21,2;15;21,2;19;15,5;13,1;12,8;79;63;68;138;3,3;1,4;
2023-07-18;2300;0;926,3;1022;926,3;925,5;-3,1;21;21;15,1;21,8;20,2;15,2;14,5;12,8;72;65;69;168;4,9;2,4;
2023-07-19;0000;0;926,7;1022,9;926,8;926,3;-3,5;21;19,8;14,8;21;19,8;15,1;14,8;12,8;73;68;73;195;6;1,6;
2023-07-19;0100;0;927,1;1023,7;927,1;926,8;-3,5;20;18,7;14,8;19,9;18,6;14,9;14,7;12,8;78;72;78;178;3,7;1,4;
2023-07-19;0200;0;927,2;1024;927,3;927,1;-3,5;19;18,2;14,8;19,1;17,5;14,9;14,4;12,8;83;76;80;303;3,7;,8;
2023-07-19;0300;0;927,2;1024;927,3;927,2;-3,2;18;18,2;14,7;18,4;17,1;15;14,3;12,7;85;79;80;268;1,5;,7;
2023-07-19;0400;0;927,3;1025;927,4;927,2;-3,4;18;15,8;14,4;18,2;15,6;14,7;13,9;12,7;92;80;91;162;2,5;1,2;
2023-07-19;0500;0;926,9;1024,3;927,4;926,9;-3,5;17;16,4;14,4;16,8;15,8;14,8;14,2;12,7;92;87;87;169;2,6;1,4;
2023-07-19;0600;0;926,3;1024;926,9;926,3;-3,5;17;15,5;14;16,5;15,4;14,6;13,8;12,7;92;87;91;122;2,2;,8;
2023-07-19;0700;0;926,1;1023,9;926,3;926,1;-3,5;16;15,1;13,9;16,1;15,1;14,7;13,7;12,7;92;90;92;158;2,5;1,4;
2023-07-19;0800;0;926,5;1024,1;926,5;926,1;-3,5;16;15,7;14,4;15,7;14,8;14,4;13,5;12,6;93;91;92;145;3,1;1,7;
2023-07-19;0900;0;926,8;1024,2;926,8;926,5;-3,5;16;16,3;13,9;16,4;15,5;14,4;13,5;12,6;92;86;86;147;2,6;1,5;
2023-07-19;1000;0;927,2;1024,4;927,2;926,7;4;16;17;13,8;17;16,1;14,1;13,6;12,6;86;82;82;139;3,2;1,5;
2023-07-19;1100;0;928;1025,1;928,1;927,2;238,6;17;17,5;14,1;17,5;16,6;14,1;13,6;13,2;84;80;80;142;3,9;2,1;
2023-07-19;1200;0;928,9;1025,3;928,9;928;858,9;19;19,8;15,5;19,8;17,5;15,6;14,1;13,7;81;75;76;151;3,9;1,3;
2023-07-19;1300;0;929,4;1025,4;929,4;928,9;1196;21;21,1;15,1;21,3;19,8;15,7;14,9;13,8;76;67;69;139;4,5;1,7;
2023-07-19;1400;0;929,3;1024,4;929,4;929,3;1653,1;23;23,9;15,8;23,9;21,1;16,2;15;13,8;70;59;61;98;4,2;1,5;
2023-07-19;1500;0;928,6;1023,2;929,3;928,6;2428,7;26;25,1;15,3;25,3;23,6;16,2;14,7;13,8;62;53;55;78;4,6;1,9;
2023-07-19;1600;0;927,9;1022,1;928,6;927,9;2140,5;28;26;14,8;26,2;24,7;16,8;14,4;13,7;58;49;50;115;4,4;1,5;
2023-07-19;1700;0;927,2;1021,1;927,9;927,2;2262,9;29;26,7;13,9;26,9;26;16,3;13,7;13,7;54;45;45;88;4,6;1,7;
2023-07-19;1800;0;926,7;1020,5;927,2;926,7;1686,3;30;26,9;15;27,2;26,3;15;12,8;13,7;49;42;48;66;4,1;1,3;
2023-07-19;1900;0;926,7;1021;926,8;926,5;920,6;29;25,4;14,1;27;25,4;14,7;13;13,2;50;43;50;142;3,5;1,5;
2023-07-19;2000;0;927,3;1022,3;927,3;926,6;520,8;27;23,6;14,7;25,4;23,6;15,4;14,1;13;58;50;57;156;6,5;2,7;
2023-07-19;2100;0;927,7;1023,6;927,7;927,3;82,6;24;21,1;15,7;23,6;21,1;15,8;14,5;12,9;71;57;71;153;4,9;1,3;
2023-07-19;2200;0;928,2;1024,6;928,2;927,7;-3,5;22;19,7;15,5;21,1;19,6;15,9;15,5;12,8;78;71;77;150;4,1;2;
2023-07-19;2300;0;928,6;1025,4;928,6;928,2;-3,5;21;18,7;15,1;19,7;18,7;15,5;15,1;12,8;80;76;80;157;4,1;1,3;
2023-07-20;0000;0;929;1025,9;929;928,6;-3,5;20;18,4;14,5;18,9;18,2;15,1;14,4;12,8;80;78;78;157;3,4;1,4;
2023-07-20;0100;0;929,2;1026,2;929,3;929;-3,5;19;18,2;14,4;18,5;17,9;14,5;14,3;12,8;80;77;78;142;3,7;1,8;
2023-07-20;0200;0;929,4;1026,1;929,5;929,2;-3,5;19;19,1;14,5;19,1;17,9;14,7;14,3;12,8;80;75;75;122;5,2;2,6;
2023-07-20;0300;0;929,4;1026,3;929,4;929,3;-3,5;19;18,5;14,3;19,1;18,5;14,5;14,3;12,7;77;75;77;118;6,1;1,9;
2023-07-20;0400;0;929,3;1026,5;929,4;929,3;-3,5;19;17,6;13,8;18,5;17,1;14,3;13,8;12,7;81;77;79;113;4,7;1,8;
2023-07-20;0500;0;929,2;1026,5;929,3;929,2;-3,5;18;17,4;12,9;17,6;16,9;13,8;12,9;12,7;79;75;75;109;5;2,4;
2023-07-20;0600;0;928,9;1026,2;929,2;928,9;-3,5;18;17,2;12,5;17,6;16,8;13;12,5;12,7;76;73;74;107;6,7;2,6;
2023-07-20;0700;0;928,7;1026,3;928,9;928,6;-3,5;17;16,5;12,3;17,4;16,2;12,6;12,3;12,7;78;73;76;112;7,3;3,1;
2023-07-20;0800;0;928,7;1026,4;928,8;928,7;-3,5;17;16,2;12;16,5;16,1;12,3;12;12,6;77;75;76;122;8;3,1;
2023-07-20;0900;0;929;1026,7;929;928,7;-3,5;17;16,1;11,9;16,5;16,1;12;11,8;12,6;76;75;76;122;8;2,5;
2023-07-20;1000;0;929,4;1027,4;929,4;929;7,5;16;15,5;11,9;16,2;15,4;11,9;11,8;12,6;79;76;79;112;7,6;2,4;
2023-07-20;1100;0;929,9;1027,4;929,9;929,4;398,7;17;17;12,2;17;15,5;12,3;11,9;13,5;79;73;73;113;7,5;3,1;
2023-07-20;1200;0;930,7;1027,5;930,7;929,9;1114,9;19;19,3;12,7;19,4;17;13,1;12,1;13,9;74;65;65;99;8;2,8;
2023-07-20;1300;0;930,9;1027,1;931;930,7;1760,5;21;21,1;13,4;21,2;19,1;13,7;12,4;13,9;67;60;62;100;8,8;2,6;
2023-07-20;1400;0;930,6;1026,4;931;930,6;2209,2;23;22;13,6;23,2;20,8;14,3;12,6;13,8;62;54;59;90;7,4;2,2;
2023-07-20;1500;0;929,9;1024,9;930,6;929,8;2369,1;25;24,3;13,9;24,3;22,1;14,5;13;13,9;59;52;52;76;7,5;2,2;
2023-07-20;1600;0;928,7;1023,2;929,9;928,7;2635,8;26;25,3;14,3;25,3;23,7;14,9;13,1;13,8;55;49;50;78;7,5;2,1;
2023-07-20;1700;0;927,7;1022,1;928,7;927,7;2462,7;28;25,4;14,3;25,9;24,6;14,3;13,1;13,8;52;46;50;63;7,6;2,7;
2023-07-20;1800;0;927,1;1021,4;927,8;927,1;2061,7;28;25,5;13,7;26,2;25,1;14,7;12,9;13,8;50;45;48;100;7,3;2;
2023-07-20;1900;0;927;1021,5;927,1;927;1467;28;24,9;12,9;25,9;24,9;14,6;12,5;13,8;50;45;47;107;5,9;1,9;
2023-07-20;2000;0;927,4;1022,4;927,4;927;738;27;23,5;13,5;25;23,4;13,8;12,5;13,1;54;46;53;131;4,9;1,3;
2023-07-20;2100;0;927,7;1023,5;927,7;927,4;103,1;25;21,3;12,9;23,5;21,2;13,6;12,9;12,9;60;53;59;137;4,3;1,4;
2023-07-20;2200;0;928;1024,8;928;927,7;-3,5;22;18,4;12,6;21,3;18,4;12,9;12,3;12,8;69;59;69;168;3;,4;
2023-07-20;2300;0;928,6;1025,6;928,6;928;-3,5;19;18;12,7;18,9;17,4;13;12,4;12,8;75;67;71;152;2,3;1,1;
2023-07-21;0000;0;928,8;1025,9;928,8;928,6;-3,5;18;17,9;12,9;18,2;17,5;13;12,7;12,8;74;71;73;137;3,5;1,5;
2023-07-21;0100;0;929,3;1026,7;929,3;928,9;-3,5;18;17,2;12,5;18,3;17,2;12,9;12,5;12,8;74;70;74;120;6,2;1,4;
2023-07-21;0200;0;929,6;1027,3;929,6;929,3;-3,5;18;16,5;12,2;17,2;16,3;12,6;12,2;12,8;77;74;76;115;5,4;1,8;
2023-07-21;0300;0;929,7;1027,6;929,8;929,6;-3,5;17;15,8;12;16,6;15,5;12,2;11,9;12,7;80;75;78;133;4,8;,9;
2023-07-21;0400;0;929,5;1028,1;929,7;929,5;-3,5;16;13,7;11,3;15,8;13,7;11,9;11,3;12,7;86;78;85;181;2,8;,9;
2023-07-21;0500;0;929;1027,6;929,6;929;-3,5;15;13,6;11,1;14,2;13,6;11,7;11;12,7;86;84;85;160;2,2;1,5;
2023-07-21;0600;0;928,6;1026,8;929;928,6;-3,5;14;14,7;11,7;14,7;13,6;11,8;11,2;12,7;86;82;83;143;3,6;1,7;
2023-07-21;0700;0;928,4;1026,7;928,6;928,4;-3,5;15;14,4;11,7;14,8;14,2;11,8;11,4;12,7;84;82;84;139;4,4;1,8;
2023-07-21;0800;0;928,7;1027;928,7;928,3;-3,5;15;14,5;11,7;14,7;14,4;11,8;11,5;12,6;84;82;84;108;4,4;1,1;
2023-07-21;0900;0;929,3;1027,7;929,3;928,7;-3,5;14;14,2;11,5;14,6;14;11,8;11,4;12,6;85;83;84;111;3,2;,9;
2023-07-21;1000;0;929,7;1028,3;929,7;929,3;6,8;14;13,9;11,6;14,3;13,6;11,8;11,2;12,6;87;84;86;156;3,4;,8;
2023-07-21;1100;0;930,2;1028,1;930,2;929,7;389;15;16;12,5;16;13,2;12,5;10,9;13,6;88;80;80;112;4,5;1,5;
2023-07-21;1200;0;930,6;1027,5;930,6;930,1;1145,6;18;19;13,4;19,2;16;14;12,6;14;80;69;70;67;5;1,8;
2023-07-21;1300;0;930,9;1027;930,9;930,6;1861,7;21;21,3;13,8;21,3;18,8;14;13;13,9;71;62;62;77;6,9;2,3;
2023-07-21;1400;0;930,5;1026,3;930,9;930,5;2381,1;23;22,1;13,3;22,6;20,5;14,2;12,8;13,9;63;56;57;62;7,4;2,6;
2023-07-21;1500;0;929,6;1025;930,5;929,5;2633,3;25;23,1;13,8;23,4;22;14,2;12,8;13,8;60;53;56;58;7,1;2,8;
2023-07-21;1600;0;928,6;1023,8;929,6;928,6;2686;26;23,3;12,5;24,4;22,9;14,7;12,4;13,8;56;49;51;70;8,1;2,5;
2023-07-21;1700;0;927,6;1022,3;928,6;927,6;2535;27;24,6;12,4;25,1;23,3;14,2;12,4;13,7;54;47;47;65;7;2,4;
2023-07-21;1800;0;926,8;1021,3;927,7;926,8;2112,8;27;24,8;12,4;25,6;24,3;13,6;11,7;13,7;49;44;46;88;6,9;1,9;
2023-07-21;1900;0;926,7;1021,3;926,9;926,7;1259,7;27;24,6;11,7;25,1;23,2;12,9;11;13,8;50;43;44;97;4,9;1,3;
2023-07-21;2000;0;926,7;1021,7;926,7;926,6;789,2;27;23,3;12,5;25;23,2;12,5;11;13,2;51;43;51;107;4,1;1;
2023-07-21;2100;0;926,8;1022,7;926,9;926,7;112,6;24;20,6;12,1;23,3;19,6;12,5;11,8;12,9;63;49;58;143;4;,8;
2023-07-21;2200;0;927,2;1024,2;927,2;926,8;-3,5;21;17,6;12,4;20,6;17,6;12,4;11,8;12,8;72;58;72;134;2,5;1,4;
2023-07-21;2300;0;927,5;1025,1;927,5;927,2;-3,5;18;16,1;11,9;17,6;15,9;12,6;11,9;12,8;78;72;76;148;2,5;1,4;
2023-07-22;0000;0;927,7;1025;927,7;927,5;-3,5;17;16,8;11,9;17;16,1;12,1;11,6;12,8;76;72;73;125;2,1;,6;
2023-07-22;0100;0;927,8;1025,7;927,8;927,7;-3,5;16;15,2;11,8;16,9;15,2;12,3;11,5;12,8;80;73;80;164;2,3;1,2;
2023-07-22;0200;0;927,8;1025,8;927,9;927,8;-3,5;16;15;12,1;15,5;14,9;12,2;11,6;12,8;83;80;83;148;3;1,9;
2023-07-22;0300;0;927,9;1025,9;927,9;927,8;-3,5;15;14,9;11,9;15,2;14,9;12,2;11,9;12,7;83;82;82;153;3,1;1,4;
2023-07-22;0400;0;927,7;1026;927,9;927,7;-3,5;15;14,1;11,8;15;13,9;11,9;11,4;12,7;86;82;86;154;2,7;,9;
2023-07-22;0500;0;927,3;1025,6;927,8;927,3;-3,5;15;14,1;11,5;14,9;14,1;12,1;11,5;12,7;86;83;84;149;3,1;1,8;
2023-07-22;0600;0;926,8;1025;927,3;926,8;-3,5;14;14,2;11,6;14,3;13,5;11,8;11,3;12,7;87;84;84;144;4,2;1,4;
2023-07-22;0700;0;926,3;1024,1;926,8;926,3;-3,5;15;15,2;11,9;15,4;14,2;11,9;11,6;12,7;85;80;80;136;4,1;1,7;
2023-07-22;0800;0;926,2;1024;926,3;926,1;-3,5;15;15,2;11,8;15,5;15,1;12;11,7;12,6;81;79;80;121;7,5;2;
2023-07-22;0900;0;926,9;1025;926,9;926,1;-3,5;15;14,5;11,6;15,3;14,3;11,9;11,3;12,6;83;80;83;108;6,9;1,6;
2023-07-22;1000;0;927,3;1025,4;927,3;926,9;5,9;15;14,5;11,2;14,8;14,1;11,6;11,1;12,6;83;80;81;116;5,6;2,4;
2023-07-22;1100;0;928,1;1025,8;928,1;927,3;401,9;15;15,8;11,6;15,8;14,2;11,6;11,1;13,6;82;76;76;127;6,4;2,4;
2023-07-22;1200;0;928,8;1025,7;928,8;928,1;1150,6;18;18,3;12,3;18,3;15,8;12,7;11,6;14;76;68;68;108;6,4;2,7;
2023-07-22;1300;0;929,1;1025,6;929,2;928,7;1825,4;20;19,7;12,4;20,1;18,2;13,3;11,6;13,9;70;60;63;110;7,5;2,7;
2023-07-22;1400;0;928,7;1024,4;929,2;928,7;2337,3;22;21,8;12,6;21,8;19,3;13,1;11,7;13,9;64;55;56;102;6,9;2,4;
2023-07-22;1500;0;928,3;1024;928,7;928,3;2639,1;24;21,7;11,7;22,6;21,3;13,3;11,7;13,8;58;53;53;118;7,9;2,7;
2023-07-22;1600;0;927,3;1022,4;928,3;927,3;2704;25;23,1;11,4;24;21,5;13,8;11;13,8;56;45;48;106;7,1;2,5;
2023-07-22;1700;0;926,6;1021,2;927,3;926,6;2526,9;26;24,6;11,5;25;23,1;12,4;10,3;13,7;49;42;44;71;6,2;2,2;
2023-07-22;1800;0;926,1;1020,6;926,6;926,1;2128,9;27;24,7;11,5;25;23,9;12,3;9,8;13,8;46;40;44;70;6,7;2,2;
2023-07-22;1900;0;925,9;1020,6;926,1;925,9;1542,3;27;24,1;11;24,9;23,8;11,8;10;13,3;45;40;44;69;7;1,9;
2023-07-22;2000;0;925,8;1020,8;925,9;925,8;680,4;26;23,1;11,3;24,1;22,9;11,5;10,1;13,2;49;43;47;106;7;,6;
2023-07-22;2100;0;925,9;1022,3;925,9;925,7;115,9;24;18,9;11,5;23,1;18,8;11,9;11,1;12,9;63;47;62;157;3;,6;
2023-07-22;2200;0;926,2;1023,5;926,2;925,9;-3,5;20;16,6;12,1;19;16,6;12,1;11,4;12,8;75;62;75;142;2,2;,9;
2023-07-22;2300;0;926,7;1024,5;926,7;926,2;-3,5;18;15,3;11,2;17,2;15,3;12,1;11;12,8;77;68;77;156;3,1;1,5;
2023-07-23;0000;0;927;1024,7;927;926,7;-3,5;17;15,6;10,7;16,2;15;11,4;10,6;12,8;78;71;72;149;3,5;1,7;
2023-07-23;0100;0;927,1;1024,6;927,1;927;-3,5;16;16,2;10,8;16,5;15,6;10,9;10,6;12,8;72;69;70;139;3,7;2;
2023-07-23;0200;0;927,1;1024,7;927,1;927;-3,5;16;15,9;10,5;16,3;15,6;10,8;10,4;12,7;72;70;70;140;3,5;1,8;
2023-07-23;0300;0;927,3;1025,2;927,3;927;-3,5;16;15;10,1;16;15;10,5;10,1;12,7;73;70;73;148;4,1;2,1;
2023-07-23;0400;0;927,3;1025,6;927,4;927,3;-3,5;16;14,1;9,8;15,3;14,1;10,2;9,8;12,7;75;71;75;147;4,1;1,9;
2023-07-23;0500;0;927;1024,9;927,3;927;-3,5;15;15;9,8;15,1;13,9;10;9,5;12,7;77;71;71;142;3,5;1,9;
2023-07-23;0600;0;926,6;1024,3;927;926,6;-3,5;15;15,6;9,7;15,7;14,7;9,8;9,5;12,7;72;67;68;134;5,1;2,2;
2023-07-23;0700;0;926,6;1024,4;926,7;926,6;-3,5;16;15,1;9,8;15,9;14,9;9,8;9,6;12,7;71;67;71;127;6,2;2,3;
2023-07-23;0800;0;926,5;1024,2;926,6;926,4;-3,5;15;15,4;9,9;15,5;14,9;10;9,7;12,6;72;69;70;122;6,7;2,6;
2023-07-23;0900;0;926,8;1024,8;926,8;926,5;-3,5;15;14,7;9,9;15,5;14,7;10;9,8;12,6;73;70;73;127;5,6;2,4;
2023-07-23;1000;0;927,5;1025,6;927,5;926,8;7,2;15;14,5;10;15,1;14,3;10;9,8;12,6;75;71;74;144;5,9;2,4;
2023-07-23;1100;0;928,3;1025,9;928,3;927,5;413,1;16;16,4;10,4;16,4;14,5;10,4;9,9;13,6;74;67;68;133;5,9;2,6;
2023-07-23;1200;0;928,8;1025,5;928,9;928,3;1185,3;18;19,1;11,4;19,1;16,4;11,4;10,3;14;68;60;61;132;8;2,1;
2023-07-23;1300;0;929,5;1025,4;929,5;928,8;1853,2;21;21,4;11;21,4;19,1;11,7;10,3;13,9;61;50;52;115;6,4;2,1;
2023-07-23;1400;0;929,4;1024,8;929,5;929,3;2365,5;24;23,1;10,9;23,6;21,1;11,9;10;13,9;53;43;46;93;8,2;2,3;
2023-07-23;1500;0;928,9;1023,5;929,4;928,9;2670;26;25,1;11;25,4;23,1;11,7;10;13,8;48;40;41;65;6,5;1,9;
2023-07-23;1600;0;928,2;1022,5;928,9;928,2;2563,9;27;25,8;8,4;25,9;23,9;11,4;7,6;13,4;42;32;33;91;5,3;1,8;
2023-07-23;1700;0;927,5;1021,9;928,2;927,5;1861,8;28;25,5;8,1;26,2;24,2;10,1;6,3;13,8;41;30;33;57;5,5;1,8;
2023-07-23;1800;0;927;1021,6;927,5;927;1577,5;28;24,7;7,1;26,4;24,7;9,2;6,9;13,2;36;31;32;326;6,6;1,2;
2023-07-23;1900;0;926,9;1021,6;927;926,9;978,6;27;24,2;7,5;25,9;24;12,1;6,9;13,1;46;30;34;126;2,5;,8;
2023-07-23;2000;0;927,2;1022,4;927,2;926,8;411,3;26;22,8;10,7;24,4;22,8;11,3;7;13,1;47;33;46;131;3;,7;
2023-07-23;2100;0;927,5;1024,1;927,5;927,2;79,5;23;18,9;11,6;22,8;18,9;11,6;9,5;12,9;63;43;63;128;2,1;1,3;
2023-07-23;2200;0;927,8;1025,1;927,8;927,5;-3,5;20;16,9;11;18,9;16,4;11,9;11;12,8;71;63;68;142;2,6;1,6;
2023-07-23;2300;0;928,1;1026,1;928,1;927,8;-3,5;18;15,2;10,3;17,1;15,1;11;10,2;12,8;73;66;73;135;2,5;,7;
2023-07-24;0000;0;928,2;1026,3;928,2;928;-3,5;16;14,9;10,3;16;14,8;10,4;10,2;12,8;74;69;74;151;2,9;2,1;
2023-07-24;0100;0;928,4;1026,1;928,4;928,1;-3,5;16;16;9,7;16,2;14,4;10,4;9,7;12,8;75;66;66;139;3,3;1,4;
2023-07-24;0200;0;928,3;1026,4;928,4;928,3;-3,5;16;14,8;9,4;17;14,8;9,8;9,2;12,7;70;61;70;147;2,5;1,6;
2023-07-24;0300;0;928;1026,2;928,3;928;-3,5;15;14,5;9,1;14,9;13,6;9,6;9,1;12,7;75;69;70;134;2,5;1,4;
2023-07-24;0400;0;927,8;1026,3;928,1;927,8;-3,5;14;13,7;8,9;14,7;12,3;9,4;8,3;12,7;78;69;73;164;3,3;1,4;
2023-07-24;0500;0;927,3;1026;927,8;927,3;-3,5;13;12,9;8,9;13,7;12,6;9,2;8,5;12,7;78;73;77;153;3,5;2,4;
2023-07-24;0600;0;926,7;1025,1;927,3;926,7;-3,5;14;13,5;9,1;13,9;12,9;9,3;8,8;12,7;77;73;75;149;3,5;2,1;
2023-07-24;0700;0;926,5;1024,5;926,7;926,4;-3,5;14;14,6;8,8;14,8;12,9;9,3;8,7;12,7;76;68;68;151;3,9;2,2;
2023-07-24;0800;0;926,3;1024,4;926,5;926,2;-3,5;14;14,4;8,5;15,5;14,1;8,9;8,4;12,6;69;65;68;149;4,3;2,1;
2023-07-24;0900;0;926,7;1024,7;926,7;926,3;-3,5;14;14,6;8,7;15,2;14,2;8,8;8,5;12,6;69;65;68;148;4,5;2,5;
2023-07-24;1000;0;927,1;1025,3;927,1;926,7;7,9;15;14,1;9,1;14,7;14,1;9,1;8,6;12,6;72;68;72;146;4,8;2,3;
2023-07-24;1100;0;927,6;1024,9;927,6;927,1;411,6;15;16,9;10,6;16,9;14,1;10,7;9,1;13,6;72;66;67;135;4,9;2,4;
2023-07-24;1200;0;928;1024,3;928;927,5;1178,2;19;20;12,1;20,1;16,9;12,5;10,7;13,9;67;60;60;121;5,8;2;
2023-07-24;1300;0;928,3;1023,6;928,4;928;1841,9;22;22,9;14,3;22,9;20;14,3;12,3;13,8;62;56;58;103;5,7;1,7;
2023-07-24;1400;0;928,1;1023;928,3;928;2350,3;24;24,1;13,8;24,6;22,5;14,6;13;13,8;58;51;52;83;5,7;1,9;
2023-07-24;1500;0;927,3;1021,8;928,1;927,3;2652,2;26;25,1;13,2;25,1;23,5;14,7;12,6;13,7;55;47;48;90;6;2,2;
2023-07-24;1600;0;926,5;1020,8;927,4;926,5;2673,1;27;25,3;10,2;26;24,3;14,5;10,2;13,3;50;39;39;103;5,4;2,2;
2023-07-24;1700;0;925,7;1020;926,5;925,7;1499;28;25,2;8,8;26,4;24,3;10,9;8;13,8;42;34;35;154;5,4;,9;
2023-07-24;1800;0;925,1;1019,3;925,7;925,1;1604,6;28;25,1;10,4;26,3;25;11,5;7,3;13,2;41;31;39;97;4,1;1,6;
2023-07-24;1900;0;924,8;1018,5;925,1;924,8;1461,1;29;26,5;10,2;26,9;25;11,7;8,9;13,8;43;34;36;51;3,4;,8;
2023-07-24;2000;0;924,9;1019,3;924,9;924,7;799,8;29;24,5;12,6;26,5;24,5;12,7;9,1;13,1;47;34;47;68;3,5;,6;
2023-07-24;2100;0;925;1021,2;925;924,9;121,4;26;19,4;12;24,5;19,4;13;11,4;12,9;62;47;62;153;2,1;,6;
2023-07-24;2200;0;925,1;1021,7;925,1;924,9;-3,5;21;18,3;12,1;20,7;18;12,1;11,6;12,8;67;57;67;137;2,3;1,6;
2023-07-24;2300;0;925,4;1022,4;925,4;925,1;-3,5;19;17,1;12,3;18,4;16,8;12,5;12,1;12,8;75;67;73;152;2,4;1,7;
2023-07-25;0000;0;925,6;1023,3;925,7;925,4;-3,5;18;15,3;12,2;17,1;15,3;12,4;12,1;12,8;82;73;82;151;2,5;1,5;
2023-07-25;0100;0;925,7;1023,2;925,8;925,6;-3,5;17;15,8;12,2;16,6;15,3;12,6;11,8;12,8;82;76;79;144;3;1,8;
2023-07-25;0200;0;925,7;1022,9;925,8;925,7;-3,5;17;16,7;12,9;17,1;15,8;12,9;12,2;12,8;79;76;78;150;3,3;2;
2023-07-25;0300;0;925,4;1022,8;925,8;925,4;-3,5;17;16;12,8;17;16;13,2;12,7;12,7;81;78;81;148;3,2;1,7;
2023-07-25;0400;0;925,3;1022,8;925,5;925,3;-3,5;17;15,6;13,3;16,6;15,3;13,5;12,7;12,7;86;81;86;148;2,7;1,7;
2023-07-25;0500;0;924,8;1022,2;925,3;924,8;-3,4;16;15,7;13,7;16;14,8;13,7;12,7;12,7;89;84;88;149;2,7;1,9;
2023-07-25;0600;0;924,3;1021,9;924,8;924,3;-3,5;16;15;13,2;15,8;14,5;13,7;12,7;12,7;91;86;89;151;2,5;1,5;
2023-07-25;0700;0;924;1021,8;924,3;923,9;-3,5;15;14,4;12,6;15,3;14,3;13,7;12,5;12,7;91;87;89;150;2,5;1,7;
2023-07-25;0800;0;923,8;1021,6;924;923,8;-3,5;15;14,4;12,5;15,2;14,4;13,4;12,5;12,6;91;87;89;162;2,5;1,3;
2023-07-25;0900;0;924;1021,9;924;923,8;-3,5;15;14,2;13;14,6;13,7;13;12,2;12,6;92;89;92;157;2,1;1,3;
2023-07-25;1000;0;924,4;1022,4;924,4;924;9,6;14;14,1;12,9;14,3;13,4;13,1;12,2;12,6;93;91;92;148;3;1,9;
2023-07-25;1100;0;925;1022,2;925;924,4;344,6;15;16,5;14,2;17,1;14,1;14,2;12,7;13,4;92;80;86;171;2,6;,4;
2023-07-25;1200;0;925,5;1021,3;925,5;925;1158;19;20,5;14,9;20,5;16,5;15;13,7;13,9;86;70;70;91;2;,7;
2023-07-25;1300;0;925,7;1021;925,8;925,5;1602,1;22;22,2;14,3;23,1;20,6;15,3;13,7;13,9;71;57;61;64;4,5;1,7;
2023-07-25;1400;0;925,2;1019,7;925,7;925,2;1850,6;24;24,3;13,6;24,3;21,5;14,6;12,6;13,8;63;49;51;54;4,5;2;
2023-07-25;1500;0;924,2;1018,4;925,2;924,2;2462,5;26;24,8;12;25,1;23,3;13,8;11,3;13,7;53;43;45;34;6,9;3,4;
2023-07-25;1600;0;923,4;1017,5;924,2;923,4;2191,6;27;24,9;12;26,2;24,5;12,8;10,7;13,8;46;41;45;37;6,8;2,3;
2023-07-25;1700;0;922,5;1016,1;923,4;922,5;1892,4;28;26,3;12,1;26,4;24,4;13;10,9;13,7;47;40;41;53;5;2,2;
2023-07-25;1800;0;921,8;1015,6;922,5;921,8;1339,6;28;25,5;11,7;26,6;24,4;12,7;10,3;13,7;47;38;42;94;4,4;1,8;
2023-07-25;1900;0;921,5;1015,7;921,8;921,5;521,3;27;24;13,4;25,6;23,8;14,5;11,2;13,1;55;41;52;110;4;,3;
2023-07-25;2000;0;921,7;1016,5;921,7;921,5;342,6;26;22,5;15,9;24,2;22,5;16,3;11,8;13;67;46;66;84;1,7;,3;
2023-07-25;2100;0;921,8;1017,5;921,8;921,6;72,6;24;19,9;13,8;22,5;19,9;16,1;13,8;12,9;71;61;68;229;,9;,5;
2023-07-25;2200;0;922,3;1018,4;922,3;921,8;-3,4;21;18,8;14;20,1;18,4;14,6;13,6;12,8;78;67;74;135;2,5;1,2;
2023-07-25;2300;0;922,6;1018,9;922,7;922,3;-2,5;20;18,3;13,7;18,8;17,7;14;13,6;12,8;78;74;75;153;1,9;1,1;
2023-07-26;0000;0;922,9;1019,6;922,9;922,6;-2,5;19;17,2;13,5;18,3;17;13,7;13,5;12,8;80;75;79;147;2,1;1,4;
2023-07-26;0100;0;923;1019,7;923;922,8;-2,4;18;17,3;12,9;17,3;16,8;13,5;12,9;12,8;79;75;75;150;2,6;2,1;
2023-07-26;0200;0;923;1019,9;923;922,9;-2,3;18;16,7;12,7;17,6;16,7;12,9;12,6;12,8;78;73;77;145;2,6;1,1;
2023-07-26;0300;0;922,8;1019,7;923;922,8;-2,2;18;16,7;12,4;17,1;16,6;12,8;12,2;12,7;78;73;76;146;2,1;1;
2023-07-26;0400;0;922,3;1019,4;922,8;922,3;-3,2;17;16;12,1;16,7;15,5;12,4;12,1;12,7;81;74;78;140;3,1;2,2;
2023-07-26;0500;0;922;1019,2;922,3;922;-3,5;17;15,5;11,2;16,4;15,2;12,1;11,2;12,7;81;73;76;164;3,1;1,6;
2023-07-26;0600;0;922;1019,1;922,1;921,8;-3,5;15;15,8;11,3;15,8;13,4;11,5;10,9;12,7;86;74;74;134;3,4;1,8;
2023-07-26;0700;0;921,8;1019;922;921,7;-3,5;15;15,6;10,6;16,3;15,3;11,1;10,4;12,7;74;69;72;129;3,4;1,7;
2023-07-26;0800;0;922;1019,7;922;921,8;-3,5;15;14,1;10,3;15,6;13,8;10,6;10;12,6;79;72;78;148;3,1;1,5;
2023-07-26;0900;0;922,4;1020;922,4;922;-3,5;15;14,5;10,3;15,2;14,1;10,6;10,2;12,6;78;74;76;155;3,5;1,5;
2023-07-26;1000;0;922,7;1020,4;922,8;922,4;8;14;14,2;10,6;14,6;14,1;10,6;10,2;12,6;79;76;79;149;3,2;1,6;
2023-07-26;1100;0;923,5;1020,4;923,5;922,7;412;15;16,8;11,4;16,8;14,1;11,4;10,4;13,6;79;70;71;140;3,3;1,6;
2023-07-26;1200;0;924,5;1020,3;924,5;923,5;1179,2;19;20,3;13;20,3;16,8;13;11,3;13,9;70;62;63;107;4,6;1,6;
2023-07-26;1300;0;924,7;1019,9;924,7;924,5;1854,1;22;22,2;12,9;22,6;20,3;13,5;12,2;13,9;63;53;56;76;6;2,1;
2023-07-26;1400;0;924,7;1019,4;924,8;924,7;2363;24;23,6;12,9;24,3;22,2;13,3;11,8;13,8;56;46;51;91;6,3;1,9;
2023-07-26;1500;0;924,1;1018,2;924,7;924,1;2665,5;26;25,3;9,4;25,5;23,5;13,1;9,4;13,7;52;37;37;48;6,2;2,2;
2023-07-26;1600;0;923,4;1017;924,1;923,4;2724,4;28;26,5;9,5;26,6;25;11,4;8,2;13,6;42;33;34;14;4,7;1,5;
2023-07-26;1700;0;922,5;1015,8;923,4;922,5;2553,4;29;27,1;8,7;27,1;25,7;10,3;7,5;13,7;37;30;31;237;4,6;1,8;
2023-07-26;1800;0;922;1015,3;922,5;922;2206,5;30;26,9;7,3;27,7;26,3;9,3;7;13,8;32;28;29;59;4,6;1,3;
2023-07-26;1900;0;922,1;1015,7;922,1;921,9;1670,9;30;26,1;7,9;27,9;26,1;8,9;5,8;13,1;32;25;32;218;4,9;2,7;
2023-07-26;2000;0;922,5;1016,5;922,5;922,1;545,3;28;25;8,7;26;24,9;9,7;7,6;13,2;38;31;35;168;4,9;1,8;
2023-07-26;2100;0;922,9;1017,8;922,9;922,5;144,8;26;22,5;10,9;25,4;22,5;12,3;8,4;12,9;52;35;48;114;3,3;1,1;
2023-07-26;2200;0;923,5;1018,8;923,5;922,9;-3,4;24;21,4;11,2;22,6;21,2;11,4;10,8;12,8;54;48;52;151;2,4;1,5;
2023-07-26;2300;0;924;1020,2;924;923,5;-3,4;22;19,1;12,2;21,4;19,1;12,2;11,1;12,8;64;52;64;148;2,2;1,3;
2023-07-27;0000;0;924,4;1021,2;924,4;924;-3,5;20;17,4;12;19,2;16,7;12,4;11,8;12,8;74;63;71;146;2,2;1,4;
2023-07-27;0100;0;924,6;1021,8;924,7;924,4;-3,5;18;16,2;11,5;17,5;16,2;12,1;11,4;12,8;74;69;73;153;2,6;2;
2023-07-27;0200;0;924,8;1022,3;924,8;924,6;-3,5;17;15,5;11,3;16,2;15,4;11,5;11,2;12,8;76;74;76;144;2,9;2,1;
2023-07-27;0300;0;924,5;1022,2;924,8;924,5;-3,5;16;14,8;11;15,6;14,4;11,3;10,8;12,7;79;76;78;154;2,9;2,2;
2023-07-27;0400;0;924,3;1022,2;924,5;924,3;-3,5;15;14,3;10,7;14,8;14,1;10,9;10,5;12,7;80;78;79;154;3;2,1;
2023-07-27;0500;0;924;1022,4;924,3;924;-3,5;15;12,8;10,1;14,4;12,8;10,7;10,1;12,7;84;78;84;151;2,6;1,8;
2023-07-27;0600;0;923,4;1021,9;924;923,4;-3,5;14;12,3;9,8;12,8;11,8;10,4;9,7;12,7;88;84;85;147;3,8;2,4;
2023-07-27;0700;0;923,5;1022;923,5;923,3;-3,5;13;12,3;9,5;13,4;12,1;10,2;9,4;12,7;85;79;83;153;3,1;2,5;
2023-07-27;0800;0;923,8;1022,8;923,8;923,5;-3,5;13;11;9,4;12,5;10,8;9,7;8,7;12,6;90;82;90;179;3,1;,7;
2023-07-27;0900;0;923,9;1023,1;923,9;923,7;-3,5;12;10,6;9;11,2;10,5;9,5;8,8;12,6;90;88;90;146;2,8;2,3;
2023-07-27;1000;0;924,3;1023,6;924,3;923,9;9,4;11;10,5;8,9;10,7;10,3;9,1;8,6;12,6;90;89;90;147;3,4;2;
2023-07-27;1100;0;924,8;1022,5;924,9;924,3;418,1;13;14,9;10,4;14,9;10,5;10,4;9;13,7;90;74;74;149;3,8;2,1;
2023-07-27;1200;0;925,2;1021,2;925,2;924,8;1188;17;20;11,1;20;14,9;11,6;10,4;14;75;56;56;114;5;2,1;
2023-07-27;1300;0;925,6;1020,7;925,6;925,2;1859,1;21;22,8;12;22,9;20;12,4;10,7;13,9;58;50;51;101;5,7;1,7;
2023-07-27;1400;0;925,4;1020;925,7;925,4;2366,3;24;24,2;11,7;24,4;22,5;13,1;11,4;13,8;52;44;46;94;6,8;2,2;
2023-07-27;1500;0;924,7;1018,6;925,4;924,7;2667,7;26;25,9;11;26,3;24;13,1;10,5;13,7;48;37;39;58;6,8;2;
2023-07-27;1600;0;923,7;1017,3;924,7;923,7;2723,9;28;26,5;8,5;26,9;25,4;12,8;7,3;13,6;43;30;32;79;6,5;2,2;
2023-07-27;1700;0;922,9;1016;923,7;922,9;2545,6;29;27,8;8,5;27,8;26;9,5;6,9;13,7;34;28;30;56;4,5;1,4;
2023-07-27;1800;0;922,8;1016,1;922,9;922,7;2149,8;30;27,2;8,4;27,8;26,6;9,1;6;13,8;33;25;31;59;6;2;
2023-07-27;1900;0;922,9;1016,4;922,9;922,7;1539,2;30;26,8;8,2;27,6;26,7;9,4;6,9;13,7;33;28;31;99;3,5;1,5;
2023-07-27;2000;0;923,1;1017,1;923,1;922,9;800,7;29;25,3;10,5;26,8;25,1;11,3;8,1;13,1;40;31;40;117;3,8;1;
2023-07-27;2100;0;923,4;1018,9;923,4;923,1;117,8;26;20,9;10,7;25,3;20,9;11,8;9,9;12,9;53;39;52;146;2,8;,5;
2023-07-27;2200;0;923,8;1020,2;923,8;923,4;-3,5;22;18,3;11,6;21,3;18;11,9;10,3;12,8;66;49;65;126;2,6;,5;
2023-07-27;2300;0;924,4;1021,4;924,4;923,8;-3,5;19;16,8;11,3;18,3;16,8;11,7;11,2;12,8;70;65;70;148;2;1,3;
2023-07-28;0000;0;924,7;1022,2;924,7;924,4;-3,5;17;15,4;11;17,1;15,4;11,4;11;12,8;75;69;75;136;2,3;,9;
2023-07-28;0100;0;925;1022,6;925;924,7;-3,5;16;15,2;10,8;15,7;14,7;11,2;10,8;12,8;78;74;75;143;1,7;1,3;
2023-07-28;0200;0;925,3;1023;925,4;925;-3,5;16;15,2;10,4;15,4;14,5;10,8;10,3;12,7;76;72;73;149;2,5;1,9;
2023-07-28;0300;0;925,2;1023;925,4;925,2;-3,5;16;14,7;10,2;15,2;14,7;10,4;10,2;12,7;74;73;74;152;3;2,6;
2023-07-28;0400;0;925,1;1023;925,2;925,1;-3,5;15;14,4;10,3;15,1;14,1;10,6;10,2;12,7;78;74;77;152;3,2;2,1;
2023-07-28;0500;0;924,7;1022,5;925,2;924,7;-3,5;15;14,5;10,5;15,5;14,3;10,7;10,2;12,7;78;72;77;155;3,3;1,9;
2023-07-28;0600;0;924,3;1021,9;924,7;924,3;-3,5;15;15,2;10,8;15,2;14;10,9;10,2;12,7;79;75;75;155;3,5;1,9;
2023-07-28;0700;0;924,3;1021,6;924,4;924,3;-3,5;15;16;11;16,1;14;11,2;10,5;12,7;80;72;72;143;3,7;1,8;
2023-07-28;0800;0;924,4;1022;924,4;924,3;-3,5;15;15,1;11,4;16;14;11,4;10,6;12,6;81;72;79;144;2,8;1,5;
2023-07-28;0900;0;924,9;1022,5;924,9;924,4;-3,3;15;15,2;11,2;15,8;14,8;11,5;11;12,6;79;75;77;153;2,5;1,5;
2023-07-28;1000;0;925,5;1023,2;925,5;924,9;13,6;15;15,2;11,3;15,3;14,6;11,5;11;12,6;80;77;78;149;2,8;1,8;
2023-07-28;1100;0;926,4;1023,7;926,4;925,5;251,8;16;16,6;12;16,6;14,7;12,1;11,3;13,3;81;74;74;152;3;1,7;
2023-07-28;1200;0;926,8;1022,7;926,8;926,4;987,6;18;20,8;13;20,8;16,6;13,2;12;14;75;61;61;120;4,3;1,6;
2023-07-28;1300;0;927,1;1022,6;927,1;926,8;1499,1;22;22,1;12,8;23,1;20,7;14;12,6;13,7;63;53;56;111;6,4;1,5;
2023-07-28;1400;0;926,7;1021,1;927,1;926,7;2061,2;24;25,2;13,4;25,4;22;14,1;12,9;13,9;59;46;48;39;4,8;2;
2023-07-28;1500;0;925,7;1019,2;926,7;925,7;2641,1;27;27,4;11,8;27,5;25;13,9;10,1;13,7;49;35;38;61;4,9;1,8;
2023-07-28;1600;0;924,8;1018,1;925,7;924,8;2763,2;29;27,9;9,4;28,2;26,7;12,8;7,9;13,4;39;28;31;28;6;2,1;
2023-07-28;1700;0;924,1;1017,1;924,8;924,1;1661,3;29;28,5;9,2;28,5;26,5;11,8;8,3;13,7;40;29;30;192;5,2;1,3;
2023-07-28;1800;0;923,5;1016,5;924,1;923,5;1876,7;30;28,4;8;28,8;26,6;9,4;7;13,6;31;27;28;266;6,8;3,3;
2023-07-28;1900;0;923,4;1017;923,5;923,4;1166,9;30;26,5;9,7;29,2;25,8;9,7;7,3;13,7;35;26;35;272;6,8;2;
2023-07-28;2000;0;923,7;1017,6;923,7;923,4;763,9;29;25,7;10;27,2;25,7;10,4;8,5;13,1;37;32;37;240;3,9;2,4;
2023-07-28;2100;0;924,1;1019,2;924,1;923,7;125,9;26;22,1;11;25,7;22,1;11,2;10;12,9;49;37;49;210;3,9;1,7;
2023-07-28;2200;0;924,5;1020,7;924,5;924,1;-3,5;23;19,2;11,7;22,2;19,2;12;10,6;12,8;62;48;62;175;2,3;,8;
2023-07-28;2300;0;924,8;1021,7;924,9;924,5;-3,5;20;17,3;11,9;19,2;17;12,3;11,6;12,8;72;62;70;169;1,5;,9;
2023-07-29;0000;0;925;1022,4;925;924,8;-3,5;18;15,8;11,5;17,3;15,8;12,1;11,5;12,8;77;70;76;144;2;1,5;
2023-07-29;0100;0;925,1;1023;925,1;925;-3,5;17;14,4;11,2;15,8;14,4;11,7;11,2;12,8;81;76;81;123;2;,8;
2023-07-29;0200;0;925,3;1022,2;925,6;925,1;-3,5;16;17,3;11,7;17,3;13,7;11,8;10,8;12,7;83;70;70;200;6;3,3;
2023-07-29;0300;0;924,8;1021,8;925,3;924,8;-3,5;17;16,8;11,7;18,5;15,6;12,4;10,6;12,7;74;64;72;126;6;,9;
2023-07-29;0400;0;924,8;1022,2;924,9;924,7;-3,5;17;15,8;11,3;17,3;15,8;12,3;11,3;12,7;76;70;75;61;3,1;,8;
2023-07-29;0500;0;924,2;1021,3;924,8;924,2;-3,5;16;16,6;13,2;17,3;14,7;13,2;11,2;12,7;82;73;80;160;4,5;1,3;
2023-07-29;0600;0;923,9;1021;924,3;923,9;-3,5;16;16,5;12,6;17,2;14,1;13,4;10,8;12,7;85;76;78;189;3,5;1,8;
2023-07-29;0700;0;923,5;1021,3;923,9;923,5;-3,5;15;14,4;11,6;16,6;14,4;12,7;11,6;12,7;85;77;83;43;2,8;1;
2023-07-29;0800;0;923,7;1021,5;923,8;923,5;-3,5;14;14,3;11,8;15,6;13,7;12,9;11,1;12,6;89;81;85;353;1,5;,7;
2023-07-29;0900;0;923,8;1022;923,8;923,7;-3,3;14;13,3;11,5;15,6;13,3;13,5;11,3;12,6;90;82;89;43;2,2;1,3;
2023-07-29;1000;0;924;1021,8;924;923,7;2,6;14;14,4;12,9;14,4;13,1;12,9;11,5;12,6;92;89;91;174;2,5;1,4;
2023-07-29;1100;0;924,6;1021,9;924,6;924;196,4;15;16,1;13,3;16,1;14,4;13,3;12,4;13,1;91;83;84;157;3,2;1,8;
2023-07-29;1200;0;925,7;1022,1;925,7;924,6;730,8;17;18,9;14,2;18,9;16,1;14,4;13,3;13,8;84;74;74;149;3,4;1,3;
2023-07-29;1300;0;925,8;1021,2;925,9;925,7;1425,5;21;21,9;13;21,9;18,9;14,7;12,8;13,9;75;57;57;134;4,2;2;
2023-07-29;1400;0;925,4;1019,9;925,8;925,4;2127,7;24;24,4;12,5;24,5;21,9;13,7;12,1;13,8;58;47;48;66;5;1,8;
2023-07-29;1500;0;924,8;1018,9;925,5;924,8;2559;26;25,3;11,9;25,8;24,2;13,5;11,5;13,7;51;41;43;63;5;1,6;
2023-07-29;1600;0;924,1;1017,8;924,8;924,1;2699,6;28;26,3;10,6;26,3;24,4;12,3;10,2;13,7;45;37;37;134;4,7;1,1;
2023-07-29;1700;0;923,5;1017,6;924,1;923,4;1810,5;29;25,1;11,5;27,5;25,1;12,1;9,8;13,3;43;35;43;187;4,6;1,4;
2023-07-29;1800;0;923;1016,4;923,5;923;1726,2;28;27,1;9,8;27,4;25,1;11,9;8,7;13,6;43;32;34;204;5,3;2,7;
2023-07-29;1900;0;923,1;1016,8;923,1;922,9;1592,6;29;26,1;9,5;27,2;26;10,8;8,9;13,7;38;32;35;238;6,8;3;
2023-07-29;2000;0;923,4;1017,7;923,4;923,1;809,4;28;24,3;10,9;26,1;24,3;11,2;9,4;13,2;43;35;43;215;5,5;3;
2023-07-29;2100;0;923,7;1019,4;923,7;923,4;141,8;25;20,4;11,2;24,4;20,3;11,4;11;12,9;56;43;55;219;4,5;3,2;
2023-07-29;2200;0;924,5;1021,1;924,5;923,7;-3,5;21;18;11,8;20,5;17,9;11,9;11,1;12,8;67;55;67;36;3,8;1,2;
2023-07-29;2300;0;924,8;1021,8;924,8;924,5;-3,5;19;16,9;12;18,3;16,9;12,2;11,5;12,8;73;67;73;43;1,9;,8;
2023-07-30;0000;0;925,3;1022,8;925,3;924,8;-3,5;17;15,6;11,5;17,2;15,3;12,5;11;12,8;78;72;76;189;2,2;,2;
2023-07-30;0100;0;925,7;1023,1;925,7;925,3;-3,5;16;16,2;11,8;17,7;15,4;12,6;11,3;12,8;79;71;75;314;3,9;,3;
2023-07-30;0200;0;926;1023,8;926;925,7;-3,5;16;15;11,5;16,9;14,5;12,3;11;12,7;83;74;79;250;1,7;,7;
2023-07-30;0300;0;925,8;1024,1;926;925,8;-3,5;15;13,5;10,8;15;13,5;12,2;10,8;12,7;85;79;84;301;1,6;,8;
2023-07-30;0400;0;925,3;1023,8;925,8;925,3;-3,5;14;13;11,5;13,7;12,3;11,8;10,5;12,7;91;84;91;47;2,4;,7;
2023-07-30;0500;0;925,1;1023,9;925,3;925,1;-3,5;13;12,1;11;13;11,5;11,4;9,9;12,7;93;88;93;142;1,8;1,2;
2023-07-30;0600;0;925;1024,1;925,1;925;-3,5;13;11,1;10;12,7;11,1;11,7;10;12,7;93;92;93;137;1,8;,8;
2023-07-30;0700;0;924,8;1023,7;925;924,8;-3,5;12;11,6;10,7;12;10,7;11,1;9,7;12,6;94;93;94;153;2,8;1,3;
2023-07-30;0800;0;924,7;1023,2;924,8;924,6;-3,5;12;12,6;11,8;12,7;10,9;11,8;10;12,6;94;94;94;133;3,2;1,3;
2023-07-30;0900;0;925;1023,5;925;924,7;-3,5;12;12,8;11,6;12,8;11,9;11,7;10,9;12,6;94;92;93;157;2,9;1,6;
2023-07-30;1000;0;925,4;1023,9;925,4;925;10,6;13;12,9;11,5;13,4;12,8;12,1;11,4;12,6;93;91;91;144;3,3;1,7;
2023-07-30;1100;0;926;1023,7;926;925,4;411,1;14;15,3;12,6;15,4;12,9;12,9;11,7;13,6;92;84;84;112;4,1;1,7;
2023-07-30;1200;0;926,9;1024,1;926,9;926;1184,4;16;17,1;13,3;17,2;15,3;13,6;12,5;14,1;85;78;78;120;5,8;2,5;
2023-07-30;1300;0;927,2;1023,3;927,2;926,9;1856,1;19;20,1;14,5;20,1;17,1;14,5;13,3;13,9;80;69;70;114;5,8;2,2;
2023-07-30;1400;0;927,2;1022,6;927,4;927,1;2354,2;22;22,3;14,2;23;20,2;14,8;13,9;13,9;70;58;60;103;5,8;2;
2023-07-30;1500;0;926,4;1020,9;927,2;926,4;2655,2;25;24,6;13,3;24,9;22,3;14,8;13,2;13,8;61;49;50;46;4,4;1,8;
2023-07-30;1600;0;925,5;1019,7;926,4;925,5;2634,1;27;25,4;13,5;25,9;24,3;14,3;12;13,9;52;44;48;94;4,3;1,3;
2023-07-30;1700;0;924,5;1018,4;925,5;924,5;2351,4;28;26;12,4;26,7;24,3;13,9;11,7;13,7;49;40;43;164;3,8;1,2;
2023-07-30;1800;0;924,2;1018,1;924,5;924,2;1398,3;28;25,9;11,2;26,5;24,9;12,9;10,6;13,4;48;38;40;74;3;1,4;
2023-07-30;1900;0;924;1017,7;924,2;924;1724,1;29;26,4;11,2;27,1;25,9;12,2;10;13,3;41;36;39;138;3,9;1,6;
2023-07-30;2000;0;924,2;1018,5;924,2;924;606,9;28;24,6;12,1;26,4;23,9;13,3;10,8;13,1;50;38;46;194;5,3;1,7;
2023-07-30;2100;0;924,8;1020,1;924,8;924,2;143,8;25;21,8;13,4;24,7;21,8;13,4;11,5;12,9;59;44;59;169;4,3;1,7;
2023-07-30;2200;0;925,3;1021,6;925,3;924,8;-3,5;22;19,2;13,5;21,7;19,1;13,7;13,2;12,8;70;59;70;176;3,1;,5;
2023-07-30;2300;0;925,6;1022,2;925,7;925,3;-3,5;20;18,4;12,8;19,5;18,3;13,7;12,8;12,8;70;69;70;163;2,2;1,3;
2023-07-31;0000;0;926,2;1024;926,2;925,6;-3,5;18;15,2;12,5;18,4;15,2;13,2;12,5;12,8;84;70;84;138;2;1;
2023-07-31;0100;0;926,5;1024,3;926,6;926,2;-3,5;17;15,2;12,1;15,7;14,9;13;12,1;12,8;86;81;82;148;2,8;1,6;
2023-07-31;0200;0;926,8;1024,9;926,8;926,5;-3,5;16;14,4;12,1;15,2;14,2;12,1;11,8;12,7;86;82;86;149;2,9;2,2;
2023-07-31;0300;0;926,8;1025,3;927;926,8;-3,5;15;13,4;11,6;14,5;13,4;12,2;11,6;12,7;89;86;89;139;2,9;1,1;
2023-07-31;0400;0;926,4;1024,8;926,8;926,4;-3,5;14;13,6;12,1;13,8;13;12,5;11,5;12,7;92;89;91;153;2,9;2,2;
2023-07-31;0500;0;925,9;1024,1;926,4;925,9;-3,5;14;13,8;12,2;14,1;13,1;12,3;11,4;12,7;91;87;90;156;3,1;2,2;
2023-07-31;0600;0;925,6;1023,5;925,9;925,5;-3,5;14;14,5;12,1;14,5;13;12,4;11,3;12,7;91;86;86;153;3,4;2,2;
2023-07-31;0700;0;925,7;1023,9;925,7;925,5;-3,5;15;13,7;12,1;15,1;13,5;12,4;11,4;12,7;90;83;90;150;4,4;2;
2023-07-31;0800;0;925,8;1023,8;925,8;925,6;-3,5;14;14,5;12,3;14,5;13,7;12,5;11,7;12,6;90;86;87;151;3,4;2,1;
2023-07-31;0900;0;926,5;1024,4;926,5;925,8;-3,5;15;14,9;12,3;15;14,5;12,5;12,1;12,6;87;84;84;139;3,1;1,6;
2023-07-31;1000;0;927,1;1025,2;927,1;926,5;11,4;15;14,6;12,2;14,9;14,6;12,4;12,1;12,6;86;84;85;151;2,9;1,5;
2023-07-31;1100;0;927,9;1025,4;927,9;927,1;412,9;15;16,5;13,2;16,5;14,6;13,4;12,1;13,6;86;81;81;151;2,7;1,5;
2023-07-31;1200;0;928,3;1024,7;928,3;927,9;1180,3;18;19,8;14,6;19,8;16,5;14,6;13,3;14;81;71;72;127;4,3;1,7;
2023-07-31;1300;0;928,4;1024,1;928,4;928,3;1855,6;22;21,7;14,1;22,5;19,5;15,1;13,9;14;72;60;62;119;4,1;2;
2023-07-31;1400;0;928,1;1023,1;928,4;928;2369,2;25;23,7;13,7;24,4;21,6;15,6;13,4;13,8;64;52;53;86;4,2;1,9;
2023-07-31;1500;0;927,2;1021,5;928,1;927,2;2701,7;27;25,6;13,4;25,9;23,5;14,8;11,3;13,7;56;42;47;162;4;1,1;
2023-07-31;1600;0;926,1;1020,3;927,2;926,1;2606,9;28;25,4;9,8;26,6;25,1;13,3;9,8;13,6;46;36;37;320;5,8;2;
2023-07-31;1700;0;924,9;1018,4;926,1;924,9;2677,6;29;27,3;9,5;27,8;25,4;11,3;8,9;13,7;39;32;33;328;6,9;1,9;
2023-07-31;1800;0;924,3;1017,6;924,9;924,3;2197,5;29;27,7;9,8;28,1;26,8;10,2;8,5;13,7;34;30;33;258;6;2,5;
2023-07-31;1900;0;924,1;1017,5;924,3;924,1;1490,2;30;27,3;9,1;28,1;26,8;9,9;8;13,7;33;30;32;279;5,4;2,6;
2023-07-31;2000;0;924,4;1018,2;924,4;924,1;770,9;29;26,3;9,2;27,5;26,3;9,8;8,7;13,1;35;31;34;296;5,8;1,9;
2023-07-31;2100;0;924,8;1020,2;924,8;924,3;147,5;26;21,6;11;26,3;21,6;11;9,3;12,9;51;34;51;223;3,9;3,1;
2023-07-31;2200;0;925,2;1021,2;925,2;924,8;-3,5;22;19,9;11,2;21,6;19,3;11,5;10,4;12,8;59;51;57;54;3,8;,4;
2023-07-31;2300;0;925,7;1022,7;925,7;925,2;-3,5;19;17,1;11,5;19,9;16,6;11,9;11;12,8;71;57;69;176;2,1;,6;
2023-08-01;0000;0;926,2;1024;926,2;925,7;-3,5;18;15,2;11,6;17,4;14,8;12;11,1;12,8;81;68;79;154;1,9;1,3;
2023-08-01;0100;0;926,5;1024,4;926,5;926,2;-3,5;17;15;12;16,4;14,9;12,1;11,4;12,8;82;75;82;156;2,9;1,5;
2023-08-01;0200;0;926,6;1024,5;926,6;926,5;-3,5;16;15;12,6;15,5;14,7;12,8;11,9;12,7;86;82;86;145;2,7;1,7;
2023-08-01;0300;0;926,3;1024,6;926,7;926,2;-3,5;15;13,7;12;15,1;13,7;12,7;11,9;12,7;90;85;90;139;2,7;,5;
2023-08-01;0400;0;926,1;1024,5;926,3;926,1;-3,5;14;13,3;12,2;13,9;12,9;12,5;11,6;12,7;93;90;93;164;1,9;1,1;
2023-08-01;0500;0;925,6;1024,3;926,1;925,5;-3,5;14;12,4;11,4;13,3;12;12,2;11;12,7;94;92;94;150;1,9;1,3;
2023-08-01;0600;0;925,2;1024;925,6;925,2;-3,5;13;12;11,1;12,4;11,9;11,5;10,9;12,7;94;94;94;151;2,1;1,4;
2023-08-01;0700;0;924,4;1023,2;925,2;924,4;-3,5;13;11,9;11,1;12,1;11,3;11,1;10,4;12,6;94;94;94;153;2,5;2,1;
2023-08-01;0800;0;924,4;1023,2;924,7;924,3;-3,5;13;11,9;10,9;12,1;11,7;11,1;10,8;12,6;94;93;93;160;2,8;1,6;
2023-08-01;0900;0;924,8;1023,3;924,9;924,4;-3,5;13;12,6;11,4;12,6;11,6;11,4;10,5;12,6;93;92;93;148;3,4;2,3;
2023-08-01;1000;,2;925,4;1023,5;925,4;924,8;18;13;13,9;11,7;13,9;12,6;11,8;11,3;12,6;93;86;86;152;4,1;2,3;
2023-08-01;1100;0;926;1023,5;926;925,4;456,5;14;15,9;12,8;15,9;13,8;12,8;11,5;13,6;87;82;82;140;4,7;2;
2023-08-01;1200;0;926,7;1023,1;926,7;926;1178,5;17;19,3;13,8;19,3;15,9;14,1;12,7;14;82;70;71;135;4,6;2,2;
2023-08-01;1300;0;927,4;1022,7;927,4;926,7;1898,8;21;22,7;14;22,7;19,3;14;13,1;13,9;71;55;58;113;5,7;2,2;
2023-08-01;1400;0;927,3;1021,9;927,4;927,2;2401,2;24;24,7;13,2;24,9;22,3;14;12,6;13,8;58;48;49;98;5,5;1,6;
2023-08-01;1500;0;927;1021,5;927,3;927;2699;27;24,9;11,9;26,3;24,6;13,7;10,7;13,7;50;39;44;133;5,1;2,4;
2023-08-01;1600;0;925,8;1019,6;927;925,8;2703,8;28;26,7;11,2;26,7;24,6;12,5;10,4;13,6;45;38;38;94;5;1,7;
2023-08-01;1700;0;925,1;1018,7;925,8;925;2619,8;29;27;9,2;27,4;25,9;11,6;9,1;13,8;39;32;33;151;4,5;1,4;
2023-08-01;1800;0;924,5;1017,9;925,1;924,5;2064,9;30;27,5;8,2;28,3;26,7;10,9;8,2;13,7;35;29;30;358;4,5;2;
2023-08-01;1900;0;924,1;1017,2;924,5;924,1;1554,7;30;28,2;8;28,4;27;9,8;7,8;13,7;32;28;28;180;3,5;,8;
2023-08-01;2000;0;924,3;1018,3;924,3;924,1;832,5;30;25,6;9,6;28,2;25,6;11,2;7,7;13,1;40;28;36;177;2,6;,9;
2023-08-01;2100;0;924,7;1019,9;924,7;924,3;129,5;27;22,2;11,5;25,7;21,2;12,1;9,7;12,9;52;37;51;42;2,2;,6;
2023-08-01;2200;0;925;1021,7;925;924,7;-3,5;22;17,9;12;22,2;17,9;12,2;11,2;12,8;68;51;68;144;3;2,5;
2023-08-01;2300;0;925,3;1022,6;925,3;925;-3,5;19;16,2;11,3;17,9;16,2;12;11,3;12,8;72;68;72;149;3;1,9;
2023-08-02;0000;0;925,7;1023,3;925,7;925,3;-3,5;18;15,5;10,7;16,8;15,5;11,3;10,7;12,8;74;68;73;131;3,1;1,8;
2023-08-02;0100;0;926;1023,3;926;925,7;-3,5;17;16,3;11,7;16,3;15;11,7;10,7;12,8;76;73;74;145;2,6;1,8;
2023-08-02;0200;0;925,8;1023,3;926;925,8;-3,5;17;15,8;11,8;16,4;15,7;12;11,6;12,7;77;74;77;149;3,1;1,9;
2023-08-02;0300;0;925,8;1023,6;925,9;925,8;-3,5;16;14,9;11,3;15,9;14,7;11,8;11,1;12,7;79;76;79;152;3;2,3;
2023-08-02;0400;0;925,5;1023,3;925,8;925,4;-3,5;16;14,9;11,2;15,4;14,4;11,4;11;12,7;80;77;79;152;3,2;2,3;
2023-08-02;0500;0;925;1022,9;925,5;925;-3,5;15;14,4;10,9;14,9;14,2;11,2;10,7;12,7;80;78;79;153;3,1;2,1;
2023-08-02;0600;0;924,8;1022,5;925;924,7;-3,5;15;14,9;10,7;15,5;13,9;11;10,1;12,7;80;73;76;153;3,3;2,2;
2023-08-02;0700;0;924,5;1022,6;924,8;924,4;-3,5;14;13,7;10,4;15;13,4;10,7;10,1;12,7;81;75;80;152;3,1;2,6;
2023-08-02;0800;0;924,6;1022,5;924,6;924,3;-3,5;14;14,2;10,2;14,2;12,9;10,5;9,9;12,6;83;77;77;150;4,6;2,3;
2023-08-02;0900;0;925,2;1022,9;925,2;924,6;-3,5;14;15;10,3;15;14,1;10,4;10,1;12,6;77;74;74;152;4,6;2,4;
2023-08-02;1000;0;925,6;1023,4;925,6;925,2;12,6;15;15;10,3;15,2;14,8;10,3;10,2;12,6;74;72;73;148;4,5;2,3;
2023-08-02;1100;0;926,4;1023,5;926,4;925,6;447,6;16;17;11;17;14,9;11,2;10,3;13,6;74;67;68;142;4,9;2,5;
2023-08-02;1200;0;926,8;1022,9;926,8;926,4;1253;19;20,1;11,9;20,1;17;11,9;11;13,9;68;59;59;125;5,7;2,2;
2023-08-02;1300;0;927,1;1022,3;927,1;926,8;1945,4;22;22,9;12,1;22,9;20,1;12,3;10,6;13,8;59;47;50;103;4,6;2;
2023-08-02;1400;0;926,8;1021,4;927,2;926,8;2456,9;25;24,6;11,6;24,8;22,5;12,2;10,5;13,8;50;42;44;102;5,7;1,9;
2023-08-02;1500;0;926,4;1020,6;926,8;926,4;2748,9;27;25,6;9,9;26,1;24,6;11,8;9,3;13,7;44;36;37;112;5;1,9;
2023-08-02;1600;0;925,6;1019,1;926,4;925,6;2828,4;28;27,4;6,9;27,7;25,3;11,4;6,9;13,6;40;27;27;83;4,6;,9;
2023-08-02;1700;0;924,5;1017,6;925,6;924,5;2683,4;30;28,3;2,1;28,4;26,4;9;2,1;13,6;32;18;18;317;4,1;1,3;
2023-08-02;1800;0;923,8;1016,9;924,5;923,8;2273,1;31;28,2;6,2;28,6;27,7;7,1;-1,1;13,5;26;15;25;135;4,1;1,4;
2023-08-02;1900;0;923,6;1016,7;923,8;923,6;1633,4;31;28,1;5,4;28,8;27,8;7,7;5,4;13,6;27;24;24;106;3,2;,9;
2023-08-02;2000;0;923,7;1017;923,7;923,5;857,7;31;27,4;7,8;28,5;27,4;8,3;5,5;13,1;30;24;29;26;2,1;,9;
2023-08-02;2100;0;923,8;1018,9;923,8;923,7;144,8;28;22,1;9;27,4;21,8;12;7,1;12,9;44;28;43;346;1,9;,5;
2023-08-02;2200;0;924;1020,4;924,1;923,8;-3,5;22;18,4;10;22,1;18,1;10;8;12,8;58;42;58;170;2,2;1,2;
2023-08-02;2300;0;924,3;1021,5;924,3;924;-3,5;19;16,2;10,2;18,4;15,6;10,4;10;12,8;70;58;67;143;2,7;1,9;
2023-08-03;0000;0;924,6;1022,3;924,6;924,3;-3,5;17;14,9;9,8;16,5;14,9;10,3;9,8;12,8;72;67;72;145;2,9;1,7;
2023-08-03;0100;0;924,8;1023;924,8;924,6;-3,5;16;13,5;9,9;14,9;13,4;10;9,6;12,8;79;72;79;153;2,8;1,9;
2023-08-03;0200;0;924,7;1022,8;924,8;924,6;-3,5;15;13,7;9,7;14,2;13,5;10;9,7;12,7;79;75;77;157;2,6;2;
2023-08-03;0300;0;924,5;1023,2;924,7;924,5;-3,5;14;12,2;9,2;13,9;12,2;9,8;9,1;12,7;82;76;82;139;2,7;1,6;
2023-08-03;0400;0;924,3;1022,9;924,5;924,3;-3,5;13;12,3;9,1;12,8;12,1;9,6;9,1;12,7;82;80;81;169;2,1;1,4;
2023-08-03;0500;0;924;1022,8;924,3;924;-3,5;13;11,7;8,7;12,3;11,5;9,2;8,6;12,7;83;81;82;162;2,5;1,8;
2023-08-03;0600;0;923,7;1023;924;923,7;-3,5;12;10,3;8,1;11,7;10,3;8,7;7,9;12,7;87;82;86;157;2,6;1,2;
2023-08-03;0700;0;923,6;1023;923,7;923,6;-3,5;11;9,8;7,8;10,3;9,6;8,1;7,6;12,6;88;86;88;154;2,3;1,4;
2023-08-03;0800;0;923,7;1023,3;923,7;923,5;-3,5;10;9,5;7,8;10,1;9,1;8,1;7,2;12,6;89;86;89;162;2,2;1,4;
2023-08-03;0900;0;924,4;1024,2;924,4;923,7;-3,5;10;9,2;7,3;10;9,1;8;7,1;12,6;89;85;88;168;2,1;1,3;
2023-08-03;1000;0;925,1;1024,9;925,1;924,4;16;10;9,3;8;9,3;8,4;8;6,9;12,6;92;88;92;146;2,6;2;
2023-08-03;1100;0;925,5;1024,1;925,6;925,1;451,5;11;12,6;9,3;12,6;9,3;9,3;7,6;13,7;92;80;81;151;2,7;1,1;
2023-08-03;1200;0;925,8;1022,2;925,8;925,5;1276,8;15;19;10;19,1;12,6;10,5;9,4;14,1;81;56;56;138;4,1;1,9;
2023-08-03;1300;0;926;1020,9;926;925,8;1952,5;20;23,3;10,1;23,6;19;11,5;9,6;13,9;57;42;43;138;4,1;1,4;
2023-08-03;1400;0;925,6;1019,9;926;925,6;2461,3;24;25,1;8,7;25,6;23,3;10,6;7,7;13,8;44;33;35;101;3,6;1,6;
2023-08-03;1500;0;925;1018,5;925,7;925;2773,5;27;27,2;7,8;27,4;25,1;9,4;7;13,7;36;28;29;222;4,8;1,9;
2023-08-03;1600;0;923,9;1017,2;925;923,9;2835,2;29;27,7;7,9;28,2;26,4;8,5;6,5;13,6;31;26;29;300;4,8;1,2;
2023-08-03;1700;0;922,9;1015,9;923,9;922,9;2617,4;30;28,2;6,3;28,9;27,5;8,5;6;13,5;30;25;25;197;6,1;1,5;
2023-08-03;1800;0;922,3;1015,2;922,9;922,3;2201,5;31;28,3;5,9;29,6;27,9;7,5;5,9;13,5;27;23;24;181;4,4;2,1;
2023-08-03;1900;0;922;1014,8;922,3;922;1596,6;31;28,6;7,6;30,1;28,3;8,1;6;13,5;27;22;27;235;9,2;1,7;
2023-08-03;2000;0;922,2;1015,7;922,2;922;866,6;30;26,5;8,5;28,9;26,5;8,7;6,4;13,1;32;24;32;220;4,4;2,9;
2023-08-03;2100;0;922,4;1017,4;922,4;922,2;161,2;27;22,1;9,5;26,5;21,9;9,6;8,3;12,9;45;32;45;205;4,3;3,3;
2023-08-03;2200;0;922,7;1018,6;922,7;922,4;-3,5;23;19,5;9,4;22,5;19,5;9,6;7,7;12,8;52;39;52;63;4;1;
2023-08-03;2300;0;923;1019,2;923;922,7;-3,5;20;18,7;9;19,5;17,8;9,2;8,7;12,8;56;50;54;145;1,9;1;
2023-08-04;0000;0;923,3;1020,2;923,4;923;-3,5;18;16,8;8,3;18,7;15,9;9;8,1;12,8;62;53;57;255;1,8;,5;
2023-08-04;0100;0;923,8;1021,5;923,8;923,3;-3,5;16;14,6;8,5;17,1;14,6;8,5;8;12,8;67;56;67;151;1,5;,8;
2023-08-04;0200;0;923,8;1022,2;923,9;923,8;-3,5;15;12,7;9,2;14,6;12,2;9,2;8,5;12,7;80;67;79;157;2,4;1,7;
2023-08-04;0300;0;923,6;1022,2;923,8;923,6;-3,5;14;12,2;8,9;12,8;11,5;9,1;8,5;12,7;83;78;80;164;2,5;1;
2023-08-04;0400;0;923,3;1022;923,7;923,3;-3,5;13;11,8;8,9;12,5;11,5;9;8,5;12,7;83;79;82;150;2,2;1,2;
2023-08-04;0500;0;922,6;1021,1;923,3;922,6;-3,5;12;12,2;8,8;13,6;11,9;9;8,5;12,7;82;73;80;159;1,9;,7;
2023-08-04;0600;0;922,2;1020,9;922,6;922,2;-3,5;12;11,3;8,5;12,7;10,9;9,1;8,2;12,7;85;77;83;181;1,7;1,1;
2023-08-04;0700;0;922,2;1021,2;922,2;922,1;-3,5;11;10,7;8,3;11,6;9,9;8,9;7,6;12,6;89;83;85;160;1,9;1;
2023-08-04;0800;0;922,5;1021,7;922,5;922,2;-3,5;11;10,1;8,6;10,9;9,8;8,7;7,9;12,6;90;85;90;154;2;1,2;
2023-08-04;0900;0;923,1;1022,6;923,1;922,5;-3,5;10;9,5;8,2;10,2;8,9;8,7;7,3;12,6;92;88;92;147;2,3;1,5;
2023-08-04;1000;0;923,3;1022,8;923,4;923,1;16;10;9,6;8,4;9,6;8,9;8,4;7,5;12,6;92;91;92;156;2,7;1,8;
2023-08-04;1100;0;923,7;1021,9;923,7;923,3;441;11;13,2;10;13,2;9,5;10;8,2;13,7;92;81;81;157;3,2;2,1;
2023-08-04;1200;0;924;1019,7;924;923,7;1255,4;16;20,3;10,9;20,3;13,2;11,6;10;14,1;81;54;55;135;3,4;1,4;
2023-08-04;1300;0;924,5;1019,1;924,5;924;1939,3;21;23,7;9,7;23,7;20,3;11,7;9,7;13,9;57;41;41;131;4,3;2,1;
2023-08-04;1400;0;924,3;1018,1;924,5;924,3;2458,6;25;26,2;8,5;26,6;23,6;11,1;8,3;13,8;44;32;33;78;5,1;1,9;
2023-08-04;1500;0;923,7;1016,9;924,3;923,7;2788,9;27;27,7;8,9;27,7;25,8;10;7,7;13,6;36;30;31;55;6,5;2;
2023-08-04;1600;0;922,9;1016,1;923,7;922,8;2843,5;29;27,6;8,3;28,3;26,5;9,2;6,6;13,6;32;27;30;45;5,3;2,3;
2023-08-04;1700;0;921,9;1014,9;922,9;921,9;2639,7;30;28;7,2;28,3;27,1;8,5;5,9;13,5;30;25;27;80;6,2;1,4;
2023-08-04;1800;0;921,2;1013,9;921,9;921,2;2201,7;31;28,5;5,9;29;28;7,9;5,6;13,5;28;24;24;69;6,2;,9;
2023-08-04;1900;0;921;1013,8;921,2;921;1594,8;31;28,2;5,4;30;28,1;6,7;4,5;13,6;26;21;23;114;3,6;1,5;
2023-08-04;2000;0;921,3;1014,6;921,3;921;852,3;30;26,7;8,3;28,6;26,6;8,3;5,2;13,1;31;23;31;166;3;,8;
2023-08-04;2100;0;921,8;1016,6;921,8;921,3;148,8;27;22,5;7,7;26,7;22,5;8,6;6,4;12,9;39;29;39;139;2;1,3;
2023-08-04;2200;0;922,1;1018,4;922,1;921,8;-3,5;22;18,1;9,4;22,5;18,1;9,7;7,7;12,8;57;39;57;143;2,3;1,8;
2023-08-04;2300;0;922,7;1019,8;922,7;922,1;-3,5;19;15,9;8,8;18,1;15,8;9,4;8,8;12,8;63;57;62;158;2,8;1,6;
2023-08-05;0000;0;923,2;1020,8;923,2;922,7;-3,5;17;14,8;8,3;15,9;14,4;9;8,3;12,8;69;62;65;163;2,6;1,1;
2023-08-05;0100;0;923,6;1021,3;923,6;923,2;-3,5;15;14,7;8,1;14,8;13,6;8,4;7,8;12,8;70;64;65;153;1,7;,6;
2023-08-05;0200;0;923,7;1022,1;923,7;923,5;-3,5;14;12,8;8,6;14,7;12,8;8,7;7,8;12,7;76;65;76;160;2,2;1,6;
2023-08-05;0300;0;923,7;1022,4;923,8;923,7;-3,5;14;11,9;9,2;13,4;11,3;9,3;8,5;12,7;85;75;84;180;2,3;1,6;
2023-08-05;0400;0;923,2;1021,8;923,7;923,2;-3,5;13;12;9,3;12,4;11,2;9,6;8,7;12,7;86;82;84;171;2,3;1,3;
2023-08-05;0500;0;922,8;1021,6;923,2;922,8;-3,5;13;11,2;9;12,5;11;9,8;8,5;12,7;87;83;86;151;2,3;1,4;
2023-08-05;0600;0;922,7;1021,5;922,8;922,6;-3,5;12;11,2;9;11,4;10,9;9,5;8,8;12,7;88;86;86;161;2;1;
2023-08-05;0700;0;922,6;1021,7;922,7;922,6;-3,5;11;10,5;8,9;11,2;10,4;9;8,6;12,6;90;86;90;161;1,6;1,3;
2023-08-05;0800;0;922,6;1021,7;922,7;922,6;-3,5;11;10,5;8,9;10,5;10,2;9;8,5;12,6;91;89;90;161;2,4;1,7;
2023-08-05;0900;0;923,3;1022,6;923,3;922,6;-3,5;11;10;8,1;10,8;10;9,1;8,1;12,6;90;86;88;154;2,8;1,6;
2023-08-05;1000;0;923,8;1023,2;923,8;923,3;18;10;10;8,3;10,4;9,5;9;8;12,6;92;88;89;161;2,3;1,5;
2023-08-05;1100;0;924,5;1022,3;924,5;923,8;454,9;12;14,6;10,9;14,6;9,8;11;8,1;13,7;91;78;78;165;2,9;1,7;
2023-08-05;1200;0;925,1;1021;925,1;924,5;1255,6;16;20,2;10,6;20,3;14,6;11,2;10,4;14;79;54;54;134;3,7;1,9;
2023-08-05;1300;0;925,4;1020,2;925,4;925,1;1930,6;21;23,5;10,1;23,6;20,2;11,2;9,8;13,9;55;42;43;131;4,8;2,1;
2023-08-05;1400;0;925,2;1018,9;925,4;925,2;2438,7;25;26,8;9,6;26,8;23,5;10,7;8,7;13,8;43;33;34;91;4,9;1,8;
2023-08-05;1500;0;924,7;1017,9;925,2;924,7;2744;28;28;6,6;28,3;26,4;10,5;6,2;13,6;36;25;26;60;4,4;1,5;
2023-08-05;1600;0;923,8;1016,7;924,7;923,8;2807,1;30;28,8;6,9;29,2;27,9;8,3;5,5;13,5;29;23;25;12;3,8;2,1;
2023-08-05;1700;0;922,9;1015,5;923,8;922,9;2596,4;31;29,4;6,1;29,8;28,5;7,8;5,4;13,6;26;22;23;112;3,8;1,8;
2023-08-05;1800;0;922,5;1014,8;922,9;922,5;2164;32;30,3;5,1;31;28,9;7,2;4,9;13,5;25;20;20;207;3,9;,8;
2023-08-05;1900;0;922,4;1014,9;922,5;922,4;1554,3;32;29,6;5,1;30,4;29,3;6,3;3,6;13,6;22;19;21;145;2,5;1;
2023-08-05;2000;0;922,6;1015,7;922,6;922,4;817,1;32;27,9;8,8;29,8;27,9;8,9;3,3;13,1;31;19;30;109;2,2;,6;
2023-08-05;2100;0;923;1017,6;923;922,6;139,9;28;23,4;7,5;27,9;23,2;9,6;5,6;12,9;36;26;36;78;1,5;,5;
2023-08-05;2200;0;923,2;1019,3;923,2;923;-3,5;23;19;9,2;23,4;18,9;10;6,6;12,8;54;35;53;146;3,3;1,7;
2023-08-05;2300;0;923,8;1020,4;923,8;923,2;-3,5;20;17,8;8,9;19;16,8;9,2;8,8;12,8;61;53;56;154;2,7;1;
2023-08-06;0000;0;924,2;1021,3;924,2;923,8;-3,5;18;16,4;8,8;18,2;16,4;9;8,5;12,8;60;54;60;138;2,5;1,1;
2023-08-06;0100;0;924,4;1021,9;924,4;924,2;-3,5;17;15,4;9,3;16,4;15,1;9,7;8,7;12,8;68;61;67;150;2,5;1,2;
2023-08-06;0200;0;924,3;1021,9;924,4;924,3;-3,5;16;15,2;9;16,1;14,6;9,5;9;12,7;70;64;66;149;2,6;2,2;
2023-08-06;0300;0;924,4;1022,3;924,5;924,3;-3,5;15;14,2;9,2;15,3;14;9,5;9;12,7;73;66;72;184;2,6;1,3;
2023-08-06;0400;0;924,2;1022,4;924,5;924,2;-3,5;15;13,4;9,3;14,2;13,1;9,4;9;12,7;77;72;76;152;2;1,4;
2023-08-06;0500;0;923,8;1022,1;924,2;923,8;-3,5;14;13,1;9;13,6;12,8;9,3;8,7;12,7;77;74;76;141;1,8;1,2;
2023-08-06;0600;0;923,3;1020,7;923,8;923,3;-3,5;14;15,4;8,9;15,4;13,1;9,1;8,5;12,7;76;65;65;168;3,1;1,9;
2023-08-06;0700;0;923,2;1020,8;923,3;923,1;-3,5;14;14,7;8,4;16,3;13,9;8,8;7,9;12,6;69;59;66;154;4,1;2,3;
2023-08-06;0800;0;923,2;1020,1;923,2;923,2;-3,5;15;16,6;8,1;16,9;14,7;8,4;8;12,6;66;57;57;135;4,1;2,1;
2023-08-06;0900;0;923,8;1020,7;923,8;923,2;-3,5;16;17;8,2;17,2;16,3;8,3;8,1;12,6;59;55;56;129;5,1;2;
2023-08-06;1000;0;924,5;1021,4;924,5;923,8;15,9;16;17,1;8,4;17,3;16,8;8,4;8,1;12,6;57;55;57;126;4,8;2;
2023-08-06;1100;0;924,9;1021,3;924,9;924,5;460,7;17;18,7;9,3;18,7;17;9,3;8,4;13,6;57;54;54;128;5,3;2,3;
2023-08-06;1200;0;925,8;1021,3;925,8;924,9;1261,5;20;21,6;10,5;21,6;18,7;10,5;9,1;13,9;55;48;49;130;6,9;2,2;
2023-08-06;1300;0;925,7;1020,2;925,8;925,7;1944,2;23;24,4;9,7;24,5;21,6;10,6;9,5;13,8;49;39;39;109;6;2,1;
2023-08-06;1400;0;925,8;1019,9;925,9;925,7;2450,3;26;25,6;9;26,4;24,1;10,9;8,6;13,7;42;34;35;67;7,8;3;
2023-08-06;1500;0;925,2;1018,5;925,8;925,2;2762,4;28;28;10,2;28;25,5;10,9;8,9;13,6;38;32;33;105;8,2;2,2;
2023-08-06;1600;0;924,2;1017,1;925,2;924,2;2831,1;30;28,9;9,1;28,9;27,1;10,7;7,7;13,6;34;27;29;44;5,5;2,2;
2023-08-06;1700;0;923,3;1016;924,2;923,3;2619,6;31;29,2;7,9;29,6;27,7;9,1;7,2;13,5;29;25;26;66;5,3;2;
2023-08-06;1800;0;922,8;1015,3;923,3;922,8;2213,1;31;29,6;6,5;29,7;28,6;7,9;6,1;13,6;27;23;23;78;6,2;1,2;
2023-08-06;1900;0;922,4;1015,2;922,8;922,4;1604,9;32;28,6;7,3;29,6;28,6;8;5;13,6;27;22;26;58;5;1,9;
2023-08-06;2000;0;922,8;1016,1;922,8;922,4;854,7;31;27,3;7,6;28,9;27,2;8,8;6,5;13,1;30;25;29;69;4;1,3;
2023-08-06;2100;0;923;1018;923;922,7;156,9;28;22,1;9;27,5;22,1;9,5;7,8;12,9;43;29;43;181;3,3;,6;
2023-08-06;2200;0;923,3;1019,2;923,3;923;-3,5;23;19,6;10,1;22,9;19,4;10,1;8,3;12,8;55;40;54;137;3,1;1,9;
2023-08-06;2300;0;923,7;1020,4;923,7;923,3;-3,5;21;17,5;9,7;19,7;17,5;10,2;9,6;12,8;60;54;60;149;3,2;1,9;
2023-08-07;0000;0;924,1;1020,6;924,2;923,7;-3,5;19;18,1;9;19;17,2;9,7;9;12,8;61;53;55;147;3,5;1,7;
2023-08-07;0100;0;924,5;1020,9;924,5;924;-3,5;19;18,5;9;19,5;17,3;9,5;8,8;12,8;60;51;54;144;3,6;2,1;
2023-08-07;0200;0;924,6;1021,5;924,7;924,5;-3,5;19;17,1;9,3;18,5;16,7;9,3;8,9;12,8;61;54;60;145;3,7;2,4;
2023-08-07;0300;0;924,4;1020,9;924,6;924,4;-3,5;18;18,3;8,9;18,5;16;9,5;8,9;12,7;65;54;54;146;3,7;2,1;
2023-08-07;0400;0;924,3;1021,6;924,4;924,3;-3,5;18;15,8;9,1;19;15,8;9,1;8,7;12,7;64;52;64;151;3,6;2,1;
2023-08-07;0500;0;924,3;1021,6;924,4;924,3;-3,5;17;15,8;9,1;17,5;15,3;9,3;8,8;12,7;66;57;64;153;3,9;2;
2023-08-07;0600;0;924;1021,1;924,3;923,9;-3,5;16;16,3;8,6;16,9;14,9;9,1;8,5;12,7;67;59;60;149;3,9;2;
2023-08-07;0700;0;923,8;1021,8;924;923,8;-3,5;16;13,8;8,8;16,4;13,2;8,9;8,3;12,7;74;60;72;145;3,7;2,5;
2023-08-07;0800;0;923,7;1021,1;923,8;923,7;-3,5;15;15,4;8,1;15,6;13,2;9;8;12,6;74;62;62;143;3,6;2,4;
2023-08-07;0900;0;924,4;1021,6;924,4;923,7;-3,5;15;16,1;7,8;16,1;15;8,1;7,8;12,6;63;58;58;157;4,3;2,5;
2023-08-07;1000;0;924,9;1022,2;924,9;924,4;17,2;16;16;7,7;16,3;15,6;7,8;7,6;12,6;59;57;58;149;3,8;2,3;
2023-08-07;1100;0;925,6;1022,3;925,6;924,9;488,1;17;18;8,5;18;16;8,5;7,7;13,5;58;53;54;141;4,4;2;
2023-08-07;1200;0;926,3;1021,9;926,3;925,6;1299,2;20;21,5;8,5;21,5;18;9,3;8,1;13,9;54;44;44;116;4;1,2;
2023-08-07;1300;0;926,4;1020,8;926,5;926,3;1987,5;23;25;8;25;21,3;9,6;7,6;13,8;45;34;34;91;5,1;1,7;
2023-08-07;1400;0;925,7;1019,4;926,4;925,7;2486,3;26;26,9;7,2;27,8;24,8;8,8;7,2;13,7;36;28;29;56;5,4;1,9;
2023-08-07;1500;0;925;1018,3;925,7;925;2770,3;29;27,8;7,2;28,3;26,6;8,5;6,4;13,6;31;26;27;58;5,5;2,2;
2023-08-07;1600;0;924,2;1016,9;925;924,2;2810,8;30;29,4;5,7;29,6;27,8;8,1;4,7;13,5;28;21;22;16;5,7;1,7;
2023-08-07;1700;0;923,4;1015,7;924,2;923,3;2597;32;30,6;4,4;30,7;28,6;6,6;4,1;13,5;24;19;19;274;6,5;2,4;
2023-08-07;1800;0;923,1;1015,2;923,4;923,1;2184,8;32;31;5,1;31,2;29,9;5,4;3,4;13,5;21;18;20;293;7,9;3;
2023-08-07;1900;0;922,7;1014,9;923,1;922,7;1573;32;30,5;5,3;31,2;29,9;5,4;3,9;13,6;21;18;20;289;6,5;2,3;
2023-08-07;2000;0;922,9;1016;922,9;922,7;827,7;31;27,9;7,3;30,5;27,9;7,3;4,6;13,1;27;19;27;214;5,3;2,1;
2023-08-07;2100;0;923,5;1017,9;923,5;922,9;154,7;29;24;7,6;27,9;24;8,1;6,6;12,9;35;26;35;211;3,3;1,9;
2023-08-07;2200;0;924;1019,9;924;923,5;-3,5;24;19,8;9,6;24,1;19,7;10,1;7,5;12,8;54;35;52;146;2,7;,6;
2023-08-07;2300;0;924,7;1021,5;924,7;924;-3,5;21;17,6;10,1;19,9;17,6;10,6;9,3;12,8;62;51;62;142;2,1;1,3;
2023-08-08;0000;0;925;1022,4;925,1;924,7;-3,5;19;15,8;10;17,6;15,5;10,1;9,7;12,8;69;62;68;161;2,8;1,8;
2023-08-08;0100;0;925,2;1022,9;925,2;925;-3,5;17;15;9,6;16,1;15;9,9;9,6;12,8;70;66;70;155;2,7;1,6;
2023-08-08;0200;0;925,2;1023,1;925,2;925,1;-3,5;16;14,6;9,5;15,2;13,9;9,6;9,2;12,7;74;69;71;148;3,3;2,2;
2023-08-08;0300;0;924,9;1023,1;925,2;924,9;-3,5;15;13,6;9,2;14,7;13,4;9,5;9,2;12,7;76;71;75;146;2,8;2,3;
2023-08-08;0400;0;924,6;1022,8;925;924,6;-3,5;14;13,4;9,1;13,6;12,6;9,3;8,9;12,7;79;74;76;146;3,2;2,4;
2023-08-08;0500;0;924;1022,3;924,6;924;-3,5;14;13,1;8,9;13,6;13;9,1;8,8;12,7;76;74;75;144;3,5;2,1;
2023-08-08;0600;0;923,8;1021,7;924;923,8;-3,5;14;14;8,8;14;12,5;9;8,7;12,7;78;71;71;150;3,5;2,5;
2023-08-08;0700;0;923,8;1022;923,9;923,7;-3,5;14;13,2;8,9;14,5;13;9;8,7;12,6;76;69;75;145;3,6;2,4;
2023-08-08;0800;0;924;1022,3;924;923,8;-3,5;14;13,1;8,9;13,3;12,7;9;8,7;12,6;77;75;76;158;3,7;2,4;
2023-08-08;0900;0;924,2;1022,5;924,2;924;-3,5;14;13,2;8,9;13,9;12,4;9;8,6;12,6;78;72;75;150;3,2;2,5;
2023-08-08;1000;0;924,7;1023,3;924,7;924,2;17,9;13;12,4;8,8;13,3;12,3;8,9;8,7;12,6;79;75;79;160;3,4;1,7;
2023-08-08;1100;0;925;1022,2;925,1;924,7;462,7;14;16,4;9,8;16,4;12,4;10,1;8,8;13,6;79;65;65;143;3;1,6;
2023-08-08;1200;0;925,4;1020,6;925,4;925;1236,5;19;22,2;10;22,2;16,5;10,9;9,6;13,9;66;44;46;118;5,1;2,2;
2023-08-08;1300;0;925,6;1020;925,7;925,4;1892,8;23;24,7;9,1;24,8;22,2;10,4;9,1;13,8;46;37;37;113;6;2,5;
2023-08-08;1400;0;925,5;1019,2;925,8;925,5;2390,7;26;26,8;8,6;27;24,7;10;7,8;13,7;38;32;32;130;5,5;1,9;
2023-08-08;1500;0;924,8;1017,7;925,5;924,8;2688,3;29;29;8,9;29;26,8;9,4;7,7;13,7;32;27;28;101;5,8;2,3;
2023-08-08;1600;0;924;1016,7;924,8;924;2750,8;31;29,5;7,9;30,1;29;9,2;7,5;13,6;29;25;26;92;5,8;2,4;
2023-08-08;1700;0;923,3;1016;924;923,3;2538,8;32;29,4;7,3;30,2;28,7;8,7;6,9;13,5;28;24;25;105;5;2,2;
2023-08-08;1800;0;922,9;1015,3;923,3;922,9;2140,3;32;30;8,2;30,6;29,2;9,2;7,3;13,5;27;24;26;28;4,7;2,7;
2023-08-08;1900;0;922,9;1015,4;923;922,8;1587,2;33;29,8;7,8;30,4;29,5;9,3;7,3;13,5;27;24;25;30;4,6;2;
2023-08-08;2000;0;923;1016;923;922,9;817,3;32;28,1;8,7;30;28,1;9,2;7,5;13,1;30;25;29;57;3,8;1,6;
2023-08-08;2100;0;923,6;1018,1;923,6;923;146,8;29;24;9,7;28,1;24;10,6;8,7;12,9;40;30;40;151;3,5;,7;
2023-08-08;2200;0;924,2;1018,9;924,2;923,6;-3,5;25;23,5;12,4;24;22,4;12,4;9,5;12,8;51;40;50;168;5,6;3,2;
2023-08-08;2300;0;924,6;1020;924,6;924,2;-3,5;24;21,5;13,4;23,5;21,5;13,5;12,1;12,8;60;50;60;147;5,6;1,5;
2023-08-09;0000;0;924,9;1020,7;924,9;924,6;-3,5;22;20,4;13,4;21,7;20,3;13,6;13,2;12,8;64;59;64;159;5,1;2,3;
2023-08-09;0100;0;925,2;1021,7;925,2;924,9;-3,5;21;18,4;13,3;20,4;18,4;13,5;13,2;12,8;72;64;72;98;5,1;,8;
2023-08-09;0200;0;925,4;1022,1;925,6;925,2;-3,5;20;17,9;13,3;18,8;17,9;13,6;13,2;12,8;75;71;75;143;7,5;1,9;
2023-08-09;0300;0;925;1021,3;925,4;925;-3,5;19;19;13;19,2;17,9;13,4;13;12,7;75;68;68;121;7,9;3,2;
2023-08-09;0400;0;925;1021,5;925,2;925;-3,5;19;18,4;12,7;19,2;18,2;13;12,6;12,7;70;67;69;115;7,5;2,2;
2023-08-09;0500;0;924,3;1020,8;925;924,3;-3,5;19;18,2;12,4;18,5;18;12,7;12,3;12,7;70;69;69;113;7,3;3;
2023-08-09;0600;0;923,8;1020,2;924,4;923,8;-3,5;19;18,3;12,2;18,6;18;12,4;12,2;12,7;69;67;68;106;8,3;3,1;
2023-08-09;0700;0;923,9;1020,6;924,1;923,8;-3,5;19;17,5;12,4;18,3;17,5;12,4;12,2;12,7;72;68;72;121;8,5;2,6;
2023-08-09;0800;0;923,8;1020,4;924,1;923,7;-3,5;18;17,7;12,5;17,7;17,2;12,5;12,3;12,6;73;71;72;107;8,5;2,5;
2023-08-09;0900;0;924,1;1021,2;924,1;923,8;-3,5;18;16,4;12,4;17,7;16,3;12,5;12,3;12,6;77;71;77;115;7;3,2;
2023-08-09;1000;0;924,8;1022;924,8;924,1;18,3;17;16,3;12,5;16,4;16,1;12,5;12,3;12,6;79;77;78;114;8,1;3,5;
2023-08-09;1100;0;924,9;1021,4;925;924,7;468,4;18;18,5;13;18,5;16,3;13;12,5;13,5;79;70;70;101;9,2;2,5;
2023-08-09;1200;0;925,7;1021,6;925,7;924,9;1248,7;20;20,3;13,3;20,3;18,3;13,3;12,7;13,9;71;64;64;98;10,7;2,5;
2023-08-09;1300;0;925,6;1020,8;926,2;925,5;1904,6;22;22,3;13,2;22,4;20,1;13,8;12,8;13,8;64;56;56;92;11,4;3,8;
2023-08-09;1400;0;925,3;1019,9;925,6;925,2;2469,4;24;24,1;13;24,3;22;13,7;12,8;13,8;57;49;50;103;11,4;3;
2023-08-09;1500;0;924,9;1019,1;925,3;924,9;2747,4;26;25,1;12,6;25,1;23,6;13,5;12,4;13,7;51;46;46;97;10;3,2;
2023-08-09;1600;0;923,9;1017,5;924,9;923,9;2804,6;28;26,8;12,2;27,4;25,1;13,6;11,3;13,6;47;39;40;87;11,5;3,4;
2023-08-09;1700;0;922,7;1015,8;923,9;922,7;2642,4;29;27,8;11,7;28,1;26,6;12,3;10,9;13,7;40;35;37;82;8,8;2,7;
2023-08-09;1800;0;922,4;1015,5;922,8;922,4;2209,9;30;27,8;11,1;28,1;27,2;11,3;10,2;13,7;37;33;35;56;8,5;3,4;
2023-08-09;1900;0;922,4;1015,5;922,4;922,2;1576,4;30;27,7;10,6;28,4;27,5;11,4;10,3;13,7;35;33;34;71;9;2,3;
2023-08-09;2000;0;922,6;1016,2;922,6;922,3;835,3;30;26,3;10,3;27,9;26,3;10,8;9,7;13,1;37;33;37;51;6,1;2,2;
2023-08-09;2100;0;922,9;1017,9;922,9;922,6;154,6;27;22,2;11,6;26,3;22,2;11,6;10,3;12,9;51;37;51;182;5;,6;
2023-08-09;2200;0;923,1;1018,7;923,1;922,9;-3,5;23;20,4;12;22,2;20,4;12;11,5;12,8;59;51;59;140;2,1;1,2;
2023-08-09;2300;0;923,5;1019,2;923,5;923,1;-3,5;21;20,4;11,7;20,6;19;12,2;11,7;12,8;64;57;57;140;2,9;1,9;
2023-08-10;0000;0;923,7;1019,3;923,8;923,5;-3,5;21;20,6;11,8;21,3;19,4;12;11,6;12,8;61;55;57;135;3,7;1,8;
2023-08-10;0100;0;923,9;1019,9;924;923,7;-3,5;21;19,6;11,9;20,7;19,5;12;11,8;12,8;61;57;61;135;3,7;1,8;
2023-08-10;0200;0;923,7;1019,9;924;923,7;-3,5;20;18,9;11,8;19,6;18,8;12;11,8;12,8;64;61;63;132;4,3;1,6;
2023-08-10;0300;0;923,3;1019,1;923,7;923,2;-3,5;19;19,9;11,6;20,1;18,7;11,9;11,5;12,7;64;58;59;97;7,2;2,4;
2023-08-10;0400;0;923,1;1019,3;923,3;923,1;-3,5;20;18,7;11,6;20,1;18,7;11,6;11,4;12,7;63;58;63;124;7,2;2,1;
2023-08-10;0500;0;922,7;1019;923,1;922,7;-3,5;19;18,3;11,8;18,8;17,9;11,8;11,6;12,7;67;63;65;121;5,5;2,4;
2023-08-10;0600;0;922,4;1018,9;922,7;922,4;-3,5;19;17,7;11,8;18,4;17,7;11,8;11,7;12,7;68;65;68;127;6,5;2,4;
2023-08-10;0700;0;922,4;1018,9;922,5;922,3;-3,5;18;17,6;11,9;18;17,6;11,9;11,8;12,7;69;68;69;114;7;2,8;
2023-08-10;0800;0;922,3;1019;922,4;922,3;-3,5;18;16,9;11,8;17,7;16,8;11,9;11,6;12,6;72;69;72;108;7,3;1,9;
2023-08-10;0900;0;922,9;1019,8;922,9;922,3;-3,5;17;16,6;11,9;17,4;16,3;12;11,7;12,6;75;70;74;132;7,3;2,5;
2023-08-10;1000;0;923,4;1020,5;923,4;922,9;18,8;17;16,2;11,9;16,6;15,9;11,9;11,7;12,6;77;74;76;117;6,5;2,5;
2023-08-10;1100;0;923,9;1020,3;923,9;923,4;484,1;18;18,3;12,3;18,3;16,2;12,4;11,9;13,5;76;68;68;110;6,8;2,4;
2023-08-10;1200;0;924,5;1020,1;924,5;923,9;1272;20;20,9;12,2;21,3;18,3;12,8;12,1;13,9;68;57;57;86;6,7;2,3;
2023-08-10;1300;0;924,7;1019,4;924,8;924,5;1941,6;23;23,5;12,7;23,5;20,7;13,2;11,9;13,8;59;50;51;79;7,9;2,4;
2023-08-10;1400;0;924,1;1018,3;924,7;924;2470,2;26;25;11,8;25,2;23,3;12,9;11,6;13,7;51;43;44;74;8,2;2,8;
2023-08-10;1500;0;923,2;1016,9;924,1;923,2;2768,9;28;26,3;11,5;27,1;25;13;11,5;13,7;46;39;40;42;7,4;3,8;
2023-08-10;1600;0;922;1014,9;923,2;922;2830,8;29;28,2;10,9;28,8;26,2;12,4;10,3;13,7;42;34;34;51;7,4;3;
2023-08-10;1700;0;921,1;1013,8;922;921,1;2649,5;31;28,6;10,4;29,5;27,8;11,8;10,2;13,6;37;31;32;70;6,3;2,2;
2023-08-10;1800;0;920,6;1013;921,1;920,6;2225;31;29,4;10,5;29,5;28,4;11,2;9,9;13,5;33;30;31;68;5,9;2,2;
2023-08-10;1900;0;920,6;1013,2;920,6;920,5;1603,5;32;28,7;9,3;29,5;28,7;10,7;9,1;13,6;32;29;30;53;6;2,2;
2023-08-10;2000;0;921;1014;921;920,6;850,8;31;27,5;10,3;28,7;27,4;10,4;9,1;13,1;34;30;34;43;6;1,8;
2023-08-10;2100;0;921,3;1015,8;921,3;921;160,8;28;23,1;12,3;27,5;23,1;12,7;10,1;12,9;51;34;51;183;3,2;,6;
2023-08-10;2200;0;921,5;1016,7;921,5;921,3;-3,5;25;21,1;12,7;23,5;21;12,8;11,7;12,8;59;48;59;147;2,8;1,7;
2023-08-10;2300;0;922,1;1017,9;922,1;921,5;-3,5;22;19,7;11,8;21,1;19,5;12,6;11,7;12,8;62;56;60;150;3;1,8;
2023-08-11;0000;0;922,5;1018;922,5;922,1;-3,5;21;20,7;11,6;20,7;19,7;11,8;11,4;12,8;60;56;56;141;3,6;1,9;
2023-08-11;0100;0;922,9;1018,7;922,9;922,5;-3,5;21;19,9;11,5;20,7;19,7;11,6;11,5;12,8;59;56;59;145;3,8;2,1;
2023-08-11;0200;0;923,2;1019,3;923,2;922,9;-3,5;20;19;11,5;19,9;19;11,6;11,4;12,8;62;59;62;149;3,8;1,7;
2023-08-11;0300;0;922,9;1019,3;923,2;922,9;-3,5;19;18;11,4;19,3;18;11,7;11,4;12,7;65;61;65;138;4;1,5;
2023-08-11;0400;0;922,8;1019,2;922,9;922,8;-3,5;19;18,1;11,4;18,4;17,8;11,6;11,3;12,7;66;64;65;140;3,7;1,3;
2023-08-11;0500;0;922,6;1019,2;922,8;922,6;-3,5;18;17,4;11,4;18,1;17;11,4;11,2;12,7;68;65;68;144;2,9;1,9;
2023-08-11;0600;0;922,2;1019,1;922,6;922,2;-3,5;18;16,4;11,3;17,4;15,9;11,4;11;12,7;73;68;72;146;3,3;1,7;
2023-08-11;0700;0;921,8;1018,4;922,2;921,8;-3,5;17;17,2;11,1;17,3;16,4;11,3;11,1;12,7;72;67;68;140;3,4;1,8;
2023-08-11;0800;0;921,8;1018,5;921,9;921,8;-3,5;17;17;11,2;17,5;16,7;11,3;11;12,6;70;67;69;133;3,7;1,7;
2023-08-11;0900;0;922,4;1019,2;922,4;921,8;-3,5;17;16,7;11,2;17;16,6;11,4;11,1;12,6;70;69;70;139;4,2;2,2;
2023-08-11;1000;0;922,8;1019,8;922,8;922,4;21,6;17;16,3;11,3;16,7;16,1;11,4;11,2;12,6;73;70;72;133;5,6;2,2;
2023-08-11;1100;0;923,5;1019,7;923,6;922,8;509,9;18;18,8;11,8;18,8;16,3;11,8;11,3;13,6;72;64;64;124;4,9;2,5;
2023-08-11;1200;0;923,9;1019,2;923,9;923,5;1309,4;21;21,7;11,8;21,8;18,8;12,4;11,6;13,9;64;53;53;113;5,5;2,8;
2023-08-11;1300;0;924;1018,3;924;923,9;1997,9;24;24,6;11,9;24,6;21,7;12,3;11,5;13,8;53;45;45;111;5,4;2;
2023-08-11;1400;0;923,8;1017,1;924,1;923,7;2517,1;27;27,6;11,5;27,6;24,4;12,6;10,3;13,6;46;36;37;77;6;2;
2023-08-11;1500;0;923;1015,7;923,8;923;2787,7;29;29,2;10,1;29,7;27,2;11,5;9,6;13,5;37;30;31;64;5,7;1,7;
2023-08-11;1600;0;922,1;1014,6;923;922,1;2830,3;31;29,4;8,9;30,1;28,5;10,5;8,8;13,5;32;27;28;109;5,9;1,6;
2023-08-11;1700;0;921,1;1013;922,1;921,1;2636,4;32;31,2;8,2;31,6;29,3;10,1;7,8;13,5;30;23;24;39;5,7;1,6;
2023-08-11;1800;0;920,5;1012,2;921,1;920,5;2094,6;33;31,5;8,6;32,1;30,5;8,8;7,6;13,5;26;23;24;306;6;1,9;
2023-08-11;1900;0;920,5;1012,2;920,5;920,4;1508,4;33;31,4;7,3;32,4;30,6;8,8;6,4;13,5;25;20;22;251;6,2;3;
2023-08-11;2000;0;920,9;1013;920,9;920,5;868,2;33;30,5;8,8;32;30,2;8,8;7,1;13,1;26;22;26;260;6,3;2;
2023-08-11;2100;0;921,4;1014,6;921,4;920,9;198,4;31;27;8,3;30,6;27;8,4;7,3;12,9;31;23;31;247;4,8;2,6;
2023-08-11;2200;0;921,9;1016,7;921,9;921,4;-3,5;27;22,5;10,9;27;22,3;11;8,4;12,8;48;31;48;29;3,2;1,3;
2023-08-11;2300;0;922,5;1018,2;922,5;921,9;-3,5;23;20,1;12;22,6;20;12,1;10,9;12,8;60;48;60;144;2,5;,6;
2023-08-12;0000;0;922,8;1019,2;922,8;922,5;-3,5;21;18,1;12;20,9;18;12,2;11,3;12,8;68;55;68;148;2,7;1,9;
2023-08-12;0100;0;923,6;1019,3;923,8;922,8;-3,5;20;20,2;13,9;20,8;17,1;14;11,7;12,8;70;58;67;113;9,7;1,4;
2023-08-12;0200;0;923,1;1019,5;923,6;923,1;-3,5;20;18,2;14,2;20,2;18,1;14,2;13,7;12,8;77;67;77;125;7;1,2;
2023-08-12;0300;0;923,4;1020,2;923,7;923,1;-3,5;19;17;13,5;18,6;16,9;14,2;13,1;12,7;80;75;80;103;5;1,3;
2023-08-12;0400;0;922,7;1019,9;923,4;922,7;-3,5;17;15,6;13,1;17;15,6;13,7;12,8;12,7;85;80;85;150;2,6;1,8;
2023-08-12;0500;0;922,2;1019,8;922,7;922,2;-3,5;16;14,4;12,8;16,4;14,3;13,8;12,6;12,7;90;83;90;149;2,6;1,3;
2023-08-12;0600;0;921,6;1019,6;922,2;921,6;-3,5;15;13,3;11,9;14,5;13,3;13;11,9;12,7;92;90;91;147;2,2;1,7;
2023-08-12;0700;0;921,3;1019,4;921,6;921,3;-3,5;15;12,7;11,5;13,7;12,7;12,4;11,5;12,6;93;91;92;153;2,9;1,4;
2023-08-12;0800;0;921,4;1019,1;921,4;921,3;-3,5;14;13,9;11,5;13,9;12,6;12,1;11,3;12,6;93;85;85;151;3,5;2,5;
2023-08-12;0900;0;921,9;1019,7;921,9;921,4;-3,5;14;13,9;11,2;14,9;13,3;12;11;12,6;87;80;84;150;3,7;2,3;
2023-08-12;1000;0;922,4;1020,2;922,4;921,9;21,6;15;13,9;11,5;15,6;13,5;12,1;11;12,6;86;79;85;155;3,8;2,4;
2023-08-12;1100;0;922,8;1019;922,8;922,3;509,5;16;18,5;12,5;18,5;13,9;12,6;11,5;13,6;85;68;68;144;3,8;2,3;
2023-08-12;1200;0;923,2;1018;923,2;922,8;1251,7;20;22,8;13,1;22,8;18,5;13,2;12,5;13,9;68;54;54;126;4,7;2,1;
2023-08-12;1300;0;923,6;1017,4;923,6;923,2;1964;24;26,1;12,1;26,3;22,8;13,2;11,7;13,8;55;41;42;121;4,7;1,7;
2023-08-12;1400;0;923,4;1016,2;923,6;923,4;2473,9;28;28,9;10,9;29,2;25,9;12,6;10,6;13,7;43;33;33;108;4,9;1,8;
2023-08-12;1500;0;922,5;1014,7;923,4;922,5;2765,8;30;30,5;9,9;30,8;28,4;11,6;9;13,5;34;26;28;54;6;2,4;
2023-08-12;1600;0;921,8;1013,5;922,5;921,8;2681,8;32;31,9;9,2;31,9;29,9;9,9;7,8;13,5;28;24;25;59;5,2;1,8;
2023-08-12;1700;0;921,1;1012,9;921,8;921,1;2709,2;34;31,4;8,4;32,2;30,7;9;7,4;13,4;25;22;24;212;5;1,5;
2023-08-12;1800;0;920,8;1013,3;921,1;920,8;1061,6;33;29,1;9,2;32;28,8;9,7;7;13,1;30;23;29;208;4,4;,9;
2023-08-12;1900;0;920,4;1012,5;920,8;920,4;882,2;31;30,3;7,5;30,8;28;14,7;6,3;13,6;44;22;24;80;1,7;1,1;
2023-08-12;2000;0;920,8;1013,4;920,8;920,3;618,8;31;28,7;8,8;31;27,8;9,5;6,1;13,1;32;22;29;172;4,2;1,8;
2023-08-12;2100;0;921,2;1015,1;921,2;920,8;110,4;29;25;8,8;28,8;25;9,2;8,1;12,9;36;29;36;226;3,9;3;
2023-08-12;2200;0;921,6;1016,5;921,6;921,2;-3,5;26;22;11,2;25;21,8;11,2;8,8;12,8;51;36;51;152;3,9;,9;
2023-08-12;2300;0;922,4;1017,2;922,6;921,6;-3,5;23;22,7;12,1;23,2;21,4;12,1;10,2;12,8;53;48;51;184;10,7;4,6;
2023-08-13;0000;0;922,8;1018,1;922,8;922,4;-3,5;23;21,3;12,6;22,7;21,2;12,8;12,2;12,8;58;51;58;141;10,5;1,7;
2023-08-13;0100;0;923,1;1018,9;923,2;922,8;-3,5;22;20;13,2;21,4;19,9;13,3;12,7;12,8;65;57;65;84;7,2;1,4;
2023-08-13;0200;0;922,9;1019,2;923,4;922,9;-3,5;21;18,5;13,7;20,1;18,5;13,8;13,2;12,8;74;65;74;144;3,6;1,3;
2023-08-13;0300;0;922,9;1019,3;922,9;922,6;-3,5;19;18;13,6;18,5;17,6;13,7;13,4;12,7;77;73;75;154;2,8;1,1;
2023-08-13;0400;0;922,3;1018,2;923;922,3;-3,5;19;19,2;13,1;19,3;17,9;13,5;13,1;12,7;75;67;68;124;4,9;2;
2023-08-13;0500;0;921,8;1017,7;922,3;921,8;-3,5;19;19,2;12,6;19,5;18,8;13,1;12,5;12,7;69;65;65;120;5,3;1,8;
2023-08-13;0600;0;921,6;1017,9;921,9;921,5;-3,5;19;18;12,6;19,3;18;12,6;12,4;12,7;70;65;70;121;5,3;1,8;
2023-08-13;0700;0;921,3;1017,6;921,6;921,2;-3,5;19;17,9;12,5;18;17,4;12,6;12,4;12,7;72;70;71;134;4;2;
2023-08-13;0800;0;921,5;1018,3;921,5;921,3;-3,5;18;16,6;12,6;17,9;16,3;12,6;12,3;12,6;78;71;77;144;4,4;1,8;
2023-08-13;0900;0;921,8;1018,3;921,8;921,5;-3,5;18;17,5;12,7;17,8;16,5;12,9;12,5;12,6;78;73;73;136;4,5;1,8;
2023-08-13;1000;0;922,5;1018,8;922,5;921,8;20;18;18,1;12,9;18,1;17,1;12,9;12,6;12,6;75;72;72;128;4,1;1,6;
2023-08-13;1100;0;923,1;1019,2;923,1;922,5;324,9;19;19;13,4;19;17,9;13,6;12,8;13,4;73;70;70;129;4,1;1,6;
2023-08-13;1200;0;923,7;1018,8;923,7;923,1;1239,7;21;22,2;13,3;22,2;19;13,9;13,3;13,8;70;57;57;122;4,5;1,7;
2023-08-13;1300;0;923,9;1017,9;923,9;923,7;2043,3;25;25,5;13,7;25,5;22,1;14,1;12,7;13,8;58;47;48;87;5,3;2,3;
2023-08-13;1400;0;923,6;1017,2;923,9;923,6;2228,3;27;26,5;13,1;26,8;24,5;13,6;12,5;13,7;49;43;44;103;5,3;2,3;
2023-08-13;1500;0;923;1016,1;923,6;923;2376,4;29;27,8;12,5;28,6;26,4;13,8;11,5;13,5;44;36;39;89;5,5;1,4;
2023-08-13;1600;0;922,2;1015;923;922,2;2337,3;31;28,7;11,2;30;27,1;13,3;10,6;13,6;40;33;34;54;6;2,1;
2023-08-13;1700;0;921,2;1014;922,2;921,2;1646,3;31;28,3;10,7;29,3;28,3;11,9;10,5;13,2;35;33;33;228;4,9;1,9;
2023-08-13;1800;0;920,6;1013,2;921,2;920,6;912,1;31;28,8;11,4;29,2;28;12,4;10,5;13,5;37;33;34;170;3,3;,9;
2023-08-13;1900;0;920,7;1014,2;920,8;920,5;810,2;31;26,1;12,7;29,1;26,1;12,8;10,9;13;44;33;44;196;6,6;3,6;
2023-08-13;2000;0;921,6;1016,7;921,6;920,7;82;26;21,5;15,8;26,1;21,4;16,1;12,8;12,9;70;44;70;293;6,6;1,6;
2023-08-13;2100;0;922,4;1018,3;922,4;921,6;17,1;23;19,4;14;21,4;19,4;16,1;13;12,8;75;63;71;276;6,8;3;
2023-08-13;2200;0;923,3;1019,6;923,3;922,4;-2,5;21;18,4;14,5;19,6;18,1;14,5;13,5;12,8;79;69;78;253;5,3;2,2;
2023-08-13;2300;0;924,1;1020,5;924,1;923,3;-2,1;20;18,5;14,2;18,6;18,1;14,7;14,1;12,8;81;75;76;104;3,9;,7;
2023-08-14;0000;0;924,1;1020,8;924,1;923,9;-3,4;20;17,5;14,6;18,7;17,5;14,7;13,9;12,8;84;74;83;158;1,7;,7;
2023-08-14;0100;0;923,7;1020,3;924,1;923,7;-3,4;19;17,6;14;17,9;17;14,5;14;12,7;84;79;80;130;3,4;2;
2023-08-14;0200;0;923,8;1020,6;923,9;923,7;-3,5;18;17,1;13,7;17,8;15,9;14,3;13,3;12,7;86;77;80;153;3,4;1,9;
2023-08-14;0300;0;923,6;1020,8;923,8;923,6;-3,5;17;16,1;13,8;17,2;15,6;13,8;12,9;12,7;87;80;86;155;2,8;1,4;
2023-08-14;0400;0;923,2;1020,6;923,6;923,2;-3,5;17;15,3;13,3;16,5;15,2;13,9;13,2;12,7;88;83;88;155;2,9;2,2;
2023-08-14;0500;0;922,8;1019,9;923,2;922,8;-3,5;17;16;13,3;16,6;15,3;13,7;13;12,7;88;82;84;148;3,3;1,6;
2023-08-14;0600;0;922,6;1019,6;922,8;922,6;-3,5;17;16,4;13,7;16,7;16;14,1;13,4;12,6;85;84;84;142;3;1,6;
2023-08-14;0700;0;922,7;1019,7;922,7;922,5;-3,5;17;16,2;14,1;16,6;16;14,1;13,5;12,6;87;83;87;146;3,3;1,1;
2023-08-14;0800;0;922,6;1019,6;922,7;922,5;-3,5;16;16,2;14,2;16,3;15,6;14,2;13,5;12,6;89;86;88;141;2,8;1,4;
2023-08-14;0900;0;923,1;1020,1;923,1;922,5;-3,5;17;16,5;14,1;16,7;15,9;14,3;13,7;12,5;88;85;86;139;3,9;1,4;
2023-08-14;1000;0;923,7;1020,6;923,7;923,1;27,4;17;17;14,2;17;16,3;14,2;13,9;12,6;86;84;84;120;5,1;1,7;
2023-08-14;1100;0;924,2;1020,5;924,2;923,7;417,8;18;18,8;14,7;18,8;16,9;14,8;14,1;13,4;84;77;77;117;4,5;2;
2023-08-14;1200;0;924,7;1020,5;924,7;924,2;838,6;20;20,5;14,5;20,6;18,7;14,9;14,2;13,6;78;68;68;117;6,7;2,6;
2023-08-14;1300;0;925,1;1019,8;925,1;924,7;1926,3;23;23,8;14,4;24;20,5;15,2;13,9;13,8;69;55;56;95;7;2,6;
2023-08-14;1400;0;924,6;1018,7;925,2;924,6;2533,6;26;25,5;14,9;25,8;23,2;15,5;13,6;13,7;56;50;52;107;7,3;2;
2023-08-14;1500;0;923,8;1017,3;924,6;923,8;2782,7;28;26,9;13,6;27,2;25,1;15,1;13,1;13,6;52;44;44;54;6,7;2,7;
2023-08-14;1600;0;923;1016,3;923,8;922,9;2855,5;30;27,4;11,5;28,2;26,6;14,1;11,4;13,5;45;36;37;17;5,3;2,8;
2023-08-14;1700;0;921,9;1014,8;923;921,9;2592,5;31;28,3;11,5;29,2;27,3;13,2;11,5;13,5;40;35;35;17;5,3;2,6;
2023-08-14;1800;0;921,4;1014,5;921,9;921,4;1606,5;31;27,5;12,5;29,4;27,4;13,4;11,6;13,3;41;35;39;88;5,2;1,3;
2023-08-14;1900;0;921,2;1014,3;921,4;921,2;1072;31;27,3;12,3;28,3;27,3;13,2;12,2;13,1;41;37;39;41;3,9;1,4;
2023-08-14;2000;0;921,6;1014,9;921,6;921,2;455;29;26,8;13,5;27,4;26,7;13,8;12,2;13,1;45;39;44;36;2,7;,8;
2023-08-14;2100;0;921,9;1016,1;921,9;921,6;82,3;27;24,3;14;26,8;24,3;15,8;13,6;12,9;56;44;53;140;1,6;,6;
2023-08-14;2200;0;922,4;1017,2;922,4;921,9;-3,5;25;22,5;14,6;24,2;22,1;14,7;14,1;12,8;63;53;61;139;2,9;1,5;
2023-08-14;2300;0;923,1;1018,2;923,1;922,4;-3,4;23;21,8;11,5;22,5;21,4;14,4;11,5;12,8;61;52;52;142;3,7;1,8;
2023-08-15;0000;0;923,7;1019;923,9;923,1;-3,3;23;21,5;12,1;22,1;21,3;12,2;11,3;12,8;55;51;55;326;5,8;2,1;
2023-08-15;0100;0;924,5;1020,4;924,5;923,5;-3,5;22;20,1;13,4;21,5;19,8;13,6;12,2;12,8;66;55;65;301;4,8;3,2;
2023-08-15;0200;0;924,6;1020,9;924,6;924,5;-3,4;21;18,9;13,2;20,1;18,7;13,4;12,9;12,8;71;65;69;309;5;1,5;
2023-08-15;0300;0;923,9;1020,6;924,6;923,9;-3,5;20;17,4;13,5;18,9;17,3;13,6;12,6;12,7;79;69;78;140;2,1;1,4;
2023-08-15;0400;0;923,4;1020,3;923,9;923,4;-3,5;19;16,9;13,2;17,4;16,8;13,6;13,2;12,7;80;78;79;150;2,1;1,3;
2023-08-15;0500;0;923;1019,9;923,5;923;-3,3;18;16,6;12,8;17,1;16,5;13,4;12,8;12,7;81;78;78;130;1,8;,7;
2023-08-15;0600;0;922,5;1019,6;923;922,5;-3,5;17;16;12,8;16,9;15,5;13,2;12,6;12,7;85;78;81;144;3,3;1,9;
2023-08-15;0700;0;922,6;1019,4;922,6;922,3;-3,3;17;16,8;13,4;16,8;15,9;13,4;12,8;12,7;82;80;80;162;3;1,5;
2023-08-15;0800;0;922,7;1019,8;922,7;922,5;-3,5;17;16,1;13,4;16,9;15,8;13,5;13,1;12,6;85;80;84;146;3,1;1,7;
2023-08-15;0900;0;923,3;1020,1;923,3;922,7;-3,3;17;17,1;13,3;17,2;16,1;13,6;13,3;12,6;84;78;78;143;3,4;1,5;
2023-08-15;1000;0;923,9;1020,6;923,9;923,3;26;18;17,6;13,3;17,6;17,1;13,3;13,1;12,6;78;76;76;153;3,6;1,8;
2023-08-15;1100;0;924,5;1020,4;924,5;923,9;523;19;19,9;13,9;19,9;17,6;13,9;13,2;13,5;76;68;68;117;3,9;1,7;
2023-08-15;1200;0;924,7;1019,5;924,7;924,4;1255;22;23,4;13,3;23,6;20;14,1;13,3;13,9;68;52;53;84;5,5;1,7;
2023-08-15;1300;0;925;1019,5;925;924,7;1681,3;25;24,4;12,9;24,6;23;13,6;12,8;13,8;54;49;49;71;6,1;2,4;
2023-08-15;1400;0;924,6;1018,5;925;924,6;2114,2;26;25,9;13,4;25,9;23,8;14;12,3;13,7;51;45;46;75;5,8;2,1;
2023-08-15;1500;0;924,1;1017,7;924,6;924,1;2584,7;28;26,8;11,9;27,8;25,3;13,7;11,7;13,6;46;38;40;60;6,2;2,4;
2023-08-15;1600;0;923,1;1016,4;924,1;923,1;2411,3;30;27,2;12,3;28;26,3;13,1;11,4;13,6;42;38;40;54;6,3;2,1;
2023-08-15;1700;0;922,2;1015,5;923,1;922,1;2180,7;30;27,2;11,6;28,4;27;12,6;10,8;13,3;40;35;38;58;6,6;1,5;
2023-08-15;1800;0;921,6;1014,9;922,2;921,6;1035,4;30;27;11,6;27,8;26,7;12,4;11,4;13,2;40;37;38;45;5,4;2,3;
2023-08-15;1900;0;921,6;1014,9;921,6;921,3;1010,4;29;26,9;11,7;27,6;26,8;12,2;11,1;13,1;40;36;39;69;5,4;1,7;
2023-08-15;2000;0;922;1015,6;922;921,5;542,9;29;26,1;12;26,9;26;12,4;11,6;13,1;43;39;42;58;5;1,5;
2023-08-15;2100;0;922,7;1017,2;922,7;922;109,7;27;23,5;12,8;26,1;23,5;13,4;12,1;12,9;51;42;51;186;3,6;,9;
2023-08-15;2200;0;922,9;1018;922,9;922,6;-3,5;24;21,8;13,7;23,5;21,8;13,7;12,7;12,8;60;51;60;137;2,5;,9;
2023-08-15;2300;0;923,3;1019;923,3;922,8;-3,5;22;20,3;13,8;21,8;20,2;14;13,5;12,8;67;60;67;141;1,6;,9;
2023-08-16;0000;0;923,8;1019,9;923,8;923,3;-3,5;21;19,2;13,8;20,3;18,7;14,2;13,6;12,8;74;66;71;149;2,4;1,4;
2023-08-16;0100;0;924,3;1020,8;924,3;923,8;-3,4;20;18,1;13,3;19,7;18,1;14;13,3;12,8;75;68;74;123;2,5;,9;
2023-08-16;0200;0;924,4;1021,1;924,4;924,2;-3,5;19;17,7;13,6;18,1;17,2;13,8;13,4;12,8;79;74;77;159;2;1,1;
2023-08-16;0300;0;924,3;1021,5;924,4;924,3;-3,5;18;16,3;13,3;18;16,1;13,6;13;12,7;83;74;83;203;1,6;,6;
2023-08-16;0400;0;924,2;1021,5;924,4;924,1;-3,5;17;15,9;13;16,9;15,3;13,6;11,5;12,7;85;75;83;152;1,3;1,1;
2023-08-16;0500;0;923,6;1021;924,2;923,6;-3,5;16;15,5;13,1;15,9;15,1;13,2;12,7;12,7;87;83;86;147;1,9;,7;
2023-08-16;0600;0;923,4;1021;923,6;923,4;-3,5;16;14,7;12,6;15,5;14,7;13,1;12,5;12,7;87;84;87;141;1,8;1,1;
2023-08-16;0700;0;923,4;1021,1;923,4;923,3;-3,5;16;14,4;12,5;15,6;14,4;13,2;12,3;12,7;89;84;88;142;2,3;,7;
2023-08-16;0800;0;923,4;1021;923,4;923,3;-3,5;15;14,7;12,9;14,7;14,1;13,1;12,3;12,6;90;88;89;165;2,6;1,6;
2023-08-16;0900;0;923,8;1021,3;923,9;923,4;-3,5;15;15,3;12,5;15,8;14,6;13,1;12,3;12,6;89;82;83;140;2,6;,4;
2023-08-16;1000;0;924,3;1021,4;924,4;923,8;30,4;15;16,4;13,1;16,4;15,2;13,2;12,5;12,7;85;81;81;125;3,3;1,1;
2023-08-16;1100;0;924,7;1020,7;924,8;924,3;485;17;19,8;13,8;19,8;16,4;13,9;13,1;13,5;80;68;69;82;4,4;1,8;
2023-08-16;1200;0;925,3;1020,7;925,3;924,7;921,8;20;21,8;14;21,8;19,5;14,3;13,4;13,8;70;61;61;54;6,7;2,6;
2023-08-16;1300;0;925,8;1020,6;925,9;925,3;1719,9;23;23,5;13,5;24;21,7;14,2;13,3;13,9;61;52;54;71;8;2,4;
2023-08-16;1400;0;925,8;1020,2;926;925,8;2265;25;24,9;14;24,9;23;14,2;13,1;13,8;55;51;51;73;8,1;2,9;
2023-08-16;1500;0;925,2;1019,4;925,8;925,2;2501,7;27;25,4;13;25,7;24,2;13,9;12,4;13,8;52;45;46;53;9,3;4,2;
2023-08-16;1600;0;924,7;1018,5;925,2;924,7;2502,3;28;26,3;11,9;26,6;25,2;13,2;11,4;13,7;46;40;41;81;10,9;2,8;
2023-08-16;1700;0;923,9;1017,3;924,7;923,9;2612,4;29;27,4;11,5;27,7;26,2;12,5;10,8;13,7;41;37;37;68;7,7;2,8;
2023-08-16;1800;0;923,2;1016,6;923,9;923,2;2230;30;27,2;10,8;28,1;26,5;11,8;9,7;13,7;38;34;36;93;7,8;2,4;
2023-08-16;1900;0;922,9;1016,6;923,2;922,8;1599,8;30;26,2;9,8;27,4;26,2;11,2;9,3;13,4;37;33;36;52;7,5;3;
2023-08-16;2000;0;923,3;1017,3;923,3;922,9;703,5;28;25,3;10,1;26,5;25,1;10,5;9,2;13,1;39;35;38;71;7,5;1,8;
2023-08-16;2100;0;923,6;1018,5;923,6;923,2;158,8;26;22,7;11,1;25,3;22,7;11,1;9,8;12,9;48;38;48;113;4,9;1,3;
2023-08-16;2200;0;923,9;1019,5;923,9;923,5;-3,5;23;20,6;11,4;22,8;20,6;11,5;10,8;12,8;56;47;56;138;3,6;,9;
2023-08-16;2300;0;924,2;1020,1;924,2;923,9;-3,5;22;20;11,5;20,9;20;11,7;11,4;12,8;58;55;58;135;3,1;1,6;
2023-08-17;0000;0;924,3;1020,4;924,5;924,1;-3,5;21;19,5;11,7;20,1;19,3;11,8;11,5;12,8;61;58;61;151;3,4;1,1;
2023-08-17;0100;0;924,5;1020,6;924,5;924,3;-3,5;20;19,4;11,6;20,3;19,1;11,8;11,4;12,8;62;58;61;120;3;,8;
2023-08-17;0200;0;924,4;1020,6;924,6;924,4;-3,5;20;19;11,3;19,8;18,9;11,7;11,2;12,8;61;58;61;135;3;1,2;
2023-08-17;0300;0;923,9;1020,2;924,4;923,9;-3,5;19;18,6;11,1;19,4;18,2;11,5;11;12,7;63;60;62;136;3,8;1,8;
2023-08-17;0400;0;923,6;1020;924;923,6;-3,5;19;18,4;11,3;18,9;18,1;11,3;11,1;12,7;64;61;63;138;5,1;1,9;
2023-08-17;0500;0;923,2;1019,7;923,7;923,2;-3,5;19;18;11,4;18,5;17,7;11,5;11;12,7;66;63;66;126;5,1;1,5;
2023-08-17;0600;0;922,9;1019,4;923,2;922,9;-3,5;18;17,9;11,6;18,4;17,6;11,6;11,4;12,7;67;64;66;126;4,6;1,3;
2023-08-17;0700;0;922,6;1019,2;922,9;922,5;-3,5;18;17,5;11,7;18,1;17,5;11,8;11,5;12,7;69;66;69;126;4,9;1,9;
2023-08-17;0800;0;922,3;1018,8;922,6;922,3;-3,5;18;17,7;11,9;17,9;17,5;11,9;11,7;12,6;69;68;69;124;6,1;2;
2023-08-17;0900;0;922,6;1019,3;922,7;922,3;-3,5;18;17,1;11,9;17,9;17,1;12;11,8;12,6;71;68;71;117;5,2;1,9;
2023-08-17;1000;0;923,2;1020,2;923,2;922,6;23,7;17;16,5;12;17,3;16,4;12;11,8;12,6;75;71;75;124;4,7;1,9;
2023-08-17;1100;0;923,7;1019,8;923,7;923,2;595,8;18;19,3;12,6;19,3;16,5;12,7;12;13,6;75;65;65;121;5,7;2;
2023-08-17;1200;0;924,2;1019,4;924,3;923,7;1392,5;21;22;13,3;22;19,2;13,3;12,4;13,9;65;57;58;68;6,4;1,7;
2023-08-17;1300;0;924,4;1019;924,5;924,2;2096,2;24;23,9;13,1;23,9;21,8;13,3;12,4;13,9;58;51;51;47;7,4;3,4;
2023-08-17;1400;0;923,9;1018,1;924,4;923,9;2618,6;26;25;13,5;25,3;23;13,5;12;13,7;51;46;49;61;8,1;2,1;
2023-08-17;1500;0;923;1016,8;923,9;923;2913,5;28;25,9;10,8;27,1;24,8;13,6;10,5;13,6;49;38;39;51;6,9;2,6;
2023-08-17;1600;0;922;1015,3;923;922;2804,1;29;27,1;11,3;28;25,9;12;9,5;13,7;40;34;37;68;6,3;2;
2023-08-17;1700;0;920,9;1014,2;922;920,9;2572,1;30;26,7;8,9;28;26,5;11,7;8,7;13,5;37;31;33;13;6,4;2,2;
2023-08-17;1800;0;920,1;1012,7;920,9;920,1;2104,3;31;28,6;8,6;28,7;26,7;10,1;8;13,5;34;28;29;34;5,4;2,1;
2023-08-17;1900;0;919,8;1012,7;920,1;919,8;1495,9;31;27,5;8,4;29,3;26,9;10,2;8,3;13,5;34;29;30;63;6,1;1,5;
2023-08-17;2000;0;919,9;1013;919,9;919,8;972,2;31;27;8,3;28,1;27;9;7,9;13,1;31;29;31;59;5;1,3;
2023-08-17;2100;0;920;1014,6;920,1;919,9;126;28;22,4;10,8;27;22,4;10,8;8,1;12,9;48;31;48;142;2,7;,4;
2023-08-17;2200;0;920,2;1015,5;920,2;920;-3,5;24;20,4;11,4;22,4;20,4;11,4;10,7;12,8;56;48;56;136;2,1;1;
2023-08-17;2300;0;920,6;1016,8;920,6;920,2;-3,5;21;17,9;11,9;20,3;17,8;11,9;11,4;12,8;68;57;68;143;2,8;1,9;
2023-08-18;0000;0;920,9;1017,4;920,9;920,6;-3,5;19;17,1;11,8;17,9;17;11,9;11,7;12,8;71;68;71;147;3;2,3;
2023-08-18;0100;0;921;1016,8;921,1;920,9;-3,3;19;19,3;11,5;19,3;17,1;11,8;11,5;12,8;71;61;61;148;3,4;2,1;
2023-08-18;0200;0;921;1016,7;921,1;921;-3,1;20;19,6;11,4;19,9;19,3;11,6;11,3;12,8;61;58;59;126;3,5;1,4;
2023-08-18;0300;0;920,9;1016,6;921,1;920,8;-3,5;20;19,4;11,3;19,8;19,3;11,4;11,3;12,7;60;58;60;141;4,1;2,1;
2023-08-18;0400;0;920,7;1016,7;920,9;920,7;-3,5;20;18,6;11,4;19,5;18,5;11,4;11,2;12,7;63;59;63;149;3,6;2,1;
2023-08-18;0500;0;920,6;1017,2;920,7;920,5;-3,5;19;16,9;11;18,6;16,9;11,4;11;12,7;68;63;68;147;3,1;1,5;
2023-08-18;0600;0;920;1017,3;920,6;920;-3,5;17;14,6;11,3;16,9;14,6;11,6;11;12,7;81;68;81;146;3,2;2,1;
2023-08-18;0700;0;919,8;1017,3;920;919,8;-3,5;16;14;11,2;14,7;13,9;11,4;11,1;12,7;83;80;83;147;3,3;2,4;
2023-08-18;0800;0;919,5;1016,4;919,8;919,5;-3,5;15;15,7;11,3;15,7;13,9;11,5;11;12,6;83;75;75;144;3,4;2,1;
2023-08-18;0900;0;919,6;1016,3;919,6;919,5;-3,5;16;16,2;11,2;16,3;15,5;11,4;11,1;12,6;75;72;72;144;3,6;2,2;
2023-08-18;1000;0;920;1016,6;920;919,6;28,7;16;16,6;11,2;16,8;16,1;11,3;11;12,6;73;70;71;139;3,7;2;
2023-08-18;1100;0;920,4;1016,2;920,4;920;604,3;18;19,1;11,8;19,1;16,5;11,8;11,1;13,6;71;63;63;125;4;1,9;
2023-08-18;1200;0;920,7;1015,4;920,7;920,4;1404,5;21;22,4;11,7;22,5;19,1;12,3;11,5;13,9;63;50;51;99;4,3;1,9;
2023-08-18;1300;0;920,6;1014,4;920,8;920,6;2110,2;24;25,1;11,3;25,7;22,2;12,3;11,3;13,8;52;42;42;70;5,5;2,3;
2023-08-18;1400;0;919,7;1012,7;920,6;919,7;2640,3;27;27,2;9,4;27,5;24,9;12;9,2;13,6;43;33;33;17;7;4,1;
2023-08-18;1500;0;918,7;1011,5;919,7;918,7;2930,9;29;27,6;9,1;28,4;26,9;10,5;8,7;13,6;34;30;31;331;7;2,3;
2023-08-18;1600;0;917,9;1010,1;918,7;917,9;2138,8;30;29,1;9,1;29,1;26,9;10,2;8;13,5;33;28;29;299;8,1;2,9;
2023-08-18;1700;0;916,9;1009;917,9;916,9;2279,2;31;29,1;8,3;30,3;27,6;9,1;7,7;13,6;29;26;27;258;7,9;2;
2023-08-18;1800;0;916,1;1008,3;916,9;916,1;1472,6;31;28,6;9;30;27,8;9,6;7,9;13,6;31;26;29;295;6,1;2,3;
2023-08-18;1900;0;915,8;1007,7;916,1;915,8;1430;31;29,4;9;30;28,1;9,5;7,6;13,5;30;25;28;12;5,6;1,8;
2023-08-18;2000;0;915,7;1008;915,8;915,7;975,6;31;28;8,5;29,4;28;8,9;7,7;13;29;27;29;305;4,6;2,2;
2023-08-18;2100;0;915,9;1009,3;915,9;915,7;134,8;29;24,8;10;28;24,8;10;8,5;12,9;39;29;39;300;4,6;,8;
2023-08-18;2200;0;916;1010,7;916;915,8;-3,4;25;20,9;11,6;24,8;20,9;11,6;9;12,8;55;39;55;146;2,2;1,5;
2023-08-18;2300;0;916,5;1012,2;916,5;916;-3,5;22;18,3;11,7;20,9;18,3;11,9;11,4;12,8;65;55;65;148;2,8;1,7;
2023-08-19;0000;0;916,6;1012,7;916,7;916,4;-3,5;20;16,9;11,7;18,8;16,8;11,9;11,6;12,8;71;64;71;149;2,9;1,9;
2023-08-19;0100;0;916,5;1012,9;916,6;916,5;-3,5;18;16,2;11,5;16,9;16;11,7;11,4;12,8;74;71;74;171;2,9;1,6;
2023-08-19;0200;0;916,4;1012,8;916,6;916,4;-2,9;18;16,2;11,3;16,4;15,8;11,5;11,3;12,7;75;72;73;145;3,7;2,8;
2023-08-19;0300;0;916,1;1011,5;916,4;916,1;-3,5;18;18,8;11,2;19,8;16,1;11,4;10,8;12,7;73;57;61;156;3,8;2,4;
2023-08-19;0400;0;916,3;1012,3;916,3;916;-3,4;18;17,2;11,3;19,6;16,8;11,5;10,9;12,7;70;58;68;145;3,8;2,2;
2023-08-19;0500;0;916,1;1012,4;916,3;916,1;-3,5;18;16,2;11,4;17,2;16;11,5;11,1;12,7;73;69;73;164;3,8;1,6;
2023-08-19;0600;0;915,8;1012,5;916,2;915,8;-3,5;17;15,2;11,3;16,4;14,8;11,5;11,1;12,7;79;73;78;148;3,1;1,8;
2023-08-19;0700;0;915,7;1012,4;915,8;915,7;-2,9;16;15,1;11,1;15,3;14,3;11,3;10,8;12,7;80;76;77;149;3,5;1,9;
2023-08-19;0800;0;915,6;1012,1;915,7;915,4;-2,1;16;15,7;11,4;15,9;14,9;11,4;10,9;12,6;78;73;76;185;3,5;1,2;
2023-08-19;0900;0;917,4;1013,1;917,4;915,6;-2,7;17;18,4;10,8;18,5;15,5;11,7;10,7;12,6;76;61;61;256;11,5;3,2;
2023-08-19;1000;0;918,5;1014,7;918,5;917,4;17,7;18;17,2;11;19;17,1;11;10,5;12,6;67;59;67;313;5,8;2;
2023-08-19;1100;0;919,5;1015,1;919,5;918,5;527,8;19;19,4;12,7;19,5;16,6;13;10,7;13,5;69;65;66;239;7,5;4,7;
2023-08-19;1200;0;919,7;1014,7;919,8;919,5;1382,9;21;21,1;11,5;21,2;19,3;13,1;11,4;13,9;66;54;54;231;10,8;5,9;
2023-08-19;1300;0;919,7;1014,2;919,9;919,7;2072,2;23;22,8;9,9;23,5;20,8;11,6;9,9;13,9;55;44;44;230;9,8;4;
2023-08-19;1400;0;919,5;1013,3;919,7;919,4;2603,1;25;24,8;9,4;25;22,8;10,7;8,9;13,8;45;37;38;225;8,1;3,2;
2023-08-19;1500;0;918,4;1012;919,5;918,4;2896,1;27;25,1;8,4;25,7;23,8;9,9;8;13,8;39;34;35;153;7,3;1,7;
2023-08-19;1600;0;917,7;1010,7;918,4;917,7;3007,3;29;26,6;7,7;27,9;25;9,2;7,7;13,6;36;29;30;312;9,3;3,1;
2023-08-19;1700;0;916,9;1009,4;917,7;916,9;1804,4;29;27,8;8;28,5;26,1;8,9;7,7;13,7;32;28;29;301;7,6;4,6;
2023-08-19;1800;0;916,8;1009,6;916,9;916,7;1940,3;30;26,8;8,4;29,4;26,8;8,8;7,7;13,1;31;27;31;284;9,8;5,2;
2023-08-19;1900;0;917;1010,2;917;916,6;867,1;28;25,9;8,2;27,3;25,9;8,8;8;13,1;34;30;33;297;9;4,6;
2023-08-19;2000;0;917,2;1010,6;917,3;916,9;561,3;27;25,1;6,9;25,9;25,1;8,3;6,9;13,1;34;31;31;290;7,7;4,2;
2023-08-19;2100;0;917,9;1012,2;917,9;917,2;68;25;22,8;6,1;25,1;22,8;7,4;6,1;12,8;34;31;34;278;8;2,9;
2023-08-19;2200;0;918,2;1012,9;918,4;917,8;-3,5;24;21,5;7;22,8;21,5;7,1;6,1;12,8;39;34;39;304;4,8;1,2;
2023-08-19;2300;0;918,5;1013,7;918,6;918,2;-3,5;23;20,1;8,8;21,7;20,1;8,8;7;12,8;48;39;48;261;4,1;1,2;
2023-08-20;0000;0;918,6;1014,4;918,7;918,3;-3,5;21;18,5;9,4;20,1;17,9;10,1;8,8;12,8;60;48;55;143;2,1;1,3;
2023-08-20;0100;0;918,9;1014,9;919;918,5;-3,5;20;17,9;10,6;18,7;17;10,6;8,1;12,8;62;52;62;199;6,8;2,7;
2023-08-20;0200;0;918,8;1015,8;918,9;918,5;-3,5;18;15,2;10,2;18,1;15,2;11,1;9,5;12,7;73;62;72;111;6,3;,6;
2023-08-20;0300;0;918,2;1015,4;918,8;918,2;-3,5;16;14,4;10,7;15,2;14,1;10,9;9,8;12,7;79;72;78;154;1,4;,8;
2023-08-20;0400;0;917,7;1015,4;918,2;917,6;-3,5;14;12,8;10,2;14,4;12,4;10,7;9,6;12,7;85;76;84;163;1,4;,9;
2023-08-20;0500;0;917,5;1015,4;917,7;917,2;-3,5;13;12,1;8,5;13,2;12,1;10,5;8,5;12,7;86;79;79;304;1,5;,6;
2023-08-20;0600;0;917,2;1015;917,5;917;-3,4;13;12,5;10,2;12,6;11,5;10,4;8,9;12,7;88;79;86;106;1,8;,3;
2023-08-20;0700;0;917,5;1015,3;917,5;917,1;-2,9;13;12,4;9,8;12,8;12,2;10,4;9,8;12,6;86;84;84;76;1,5;,6;
2023-08-20;0800;0;916,8;1014,5;917,6;916,7;-3,4;13;12,7;10,3;12,9;12;10,4;9,5;12,6;87;83;86;203;3,3;1,2;
2023-08-20;0900;0;917,3;1015,2;917,4;916,8;-3,3;14;12,2;10,4;13,3;12,1;10,6;9,9;12,6;89;83;89;159;2,8;,7;
2023-08-20;1000;0;918,9;1016,6;918,9;917,3;3,1;14;13,3;10,8;14,1;12,2;11,7;10,5;12,5;89;82;85;302;4,7;3,1;
2023-08-20;1100;0;920,6;1018,2;920,7;918,6;167,6;14;13,9;11,4;14,4;12,6;11,7;10,5;12,9;90;81;85;285;5,7;3,3;
2023-08-20;1200;1;921,7;1019,5;921,7;920,5;165,6;15;13,7;12,1;14,3;13,6;12,2;11,3;12,9;90;85;90;320;5,7;2;
2023-08-20;1300;2,2;921;1018,5;921,7;920,1;129,7;15;14,5;13;14,5;13,7;13;12,1;12,8;93;90;91;148;4;,8;
2023-08-20;1400;1,4;919,7;1016,7;921,1;919,6;340;15;15,4;13,3;15,5;14,4;13,3;12,8;13,4;92;85;88;157;4,3;2,5;
2023-08-20;1500;0;919,8;1016,4;920,1;919,7;546,2;16;16,7;14;16,7;15,4;14,7;13,1;13,7;90;80;84;90;4,3;1,5;
2023-08-20;1600;0;918,8;1014;919,8;918,8;2842,3;19;20,3;12,9;20,6;16,7;15,9;12,9;13,8;85;63;63;33;7;3,4;
2023-08-20;1700;0;918,6;1013,3;918,9;918,6;2391,7;23;21,7;13,8;22,2;20,2;15;12,1;14;68;56;61;341;7;2;
2023-08-20;1800;0;918,1;1012,5;918,6;918,1;2034,1;24;22,6;12,8;23,7;21,3;14,1;12,6;13,6;62;51;54;305;6,7;3,2;
2023-08-20;1900;0;918,2;1013;918,2;917,8;661,9;24;21,4;12,9;22,8;21,4;13,9;12,6;13,4;59;53;59;13;6,7;3;
2023-08-20;2000;0;918,9;1014,2;919;918,2;216,2;22;20,2;12,9;21,4;20,2;13,2;12,6;13,1;64;58;63;315;7,4;2,1;
2023-08-20;2100;0;919,4;1015,1;919,4;918,8;28,4;21;19;13,1;20,2;19;13,3;12,9;12,8;69;63;69;347;5,9;2,2;
2023-08-20;2200;0;918,9;1014,8;919,4;918,6;-3,5;20;18,2;12,8;19;17,7;13,5;12,8;12,8;75;69;71;9;4,2;1,2;
2023-08-20;2300;0;918,7;1015,4;919,2;918,5;-3,5;18;16;12,7;18,2;16;13;12,5;12,8;81;70;81;248;2,8;,4;
2023-08-21;0000;0;918,9;1015,9;919;918,5;-3,2;17;15,3;13,3;16;14,6;13,6;12,3;12,8;88;81;88;125;2,4;,7;
2023-08-21;0100;0;919;1016,2;919,3;918,9;-2,9;16;14,7;13,3;15,4;14,6;13,5;13,1;12,8;91;88;91;151;2,2;1,3;
2023-08-21;0200;0;919,5;1016,4;919,5;919;-2,1;16;15,7;13,4;15,7;14,7;13,7;13,3;12,7;92;87;87;148;2,7;1,1;
2023-08-21;0300;0;919,3;1016,5;919,7;919,3;-2,3;16;14,8;13,4;15,7;14,8;13,5;13,3;12,7;91;86;91;157;2,3;1,5;
2023-08-21;0400;0;919,4;1016,5;919,7;919,2;-3,3;16;15,1;13,4;15,6;14,8;13,7;13,3;12,7;91;87;90;121;3,1;1,1;
2023-08-21;0500;0;919,8;1016,8;919,8;919,3;-2,7;16;15,3;13,6;15,3;14,9;13,8;13,4;12,7;92;90;90;266;2,3;1,5;
2023-08-21;0600;0;919,3;1016,8;919,9;919,3;-3,1;16;13,9;12,6;15,3;13,9;13,6;12,6;12,6;92;89;92;118;2,7;,5;
2023-08-21;0700;0;918,8;1016,3;919,3;918,8;-3,4;15;13,6;12,6;14;13,6;13;12,5;12,6;94;92;94;44;2,2;,9;
2023-08-21;0800;0;918,6;1016,2;918,8;918,6;-3,5;14;13,5;12,5;13,8;13,2;12,7;12,2;12,5;94;93;94;147;2,1;1,2;
2023-08-21;0900;0;918,9;1016;919,1;918;-2,8;15;14,9;12,6;14,9;13,3;13,5;12,4;12,5;94;86;86;140;7,3;1,4;
2023-08-21;1000;0;919,1;1016,3;919,3;918,8;21,5;15;14,7;12,5;14,9;14,2;12,6;12,4;12,6;89;85;86;129;4,6;1,6;
2023-08-21;1100;0;919,4;1016,3;919,4;919,1;250,6;15;15,6;13,3;15,6;14,7;13,3;12,5;13,2;87;85;86;158;3,2;1;
2023-08-21;1200;0;920,4;1017,1;920,4;919,4;505,5;16;16,6;13,8;16,6;15,6;13,9;13,1;13,5;87;82;83;149;2,5;1,6;
2023-08-21;1300;0;920,6;1016;920,7;920,4;2035,7;19;20,2;13,7;20,7;16,6;14,6;13,4;13,9;83;65;66;141;3,9;1,9;
2023-08-21;1400;0;920,2;1014,6;920,6;920,2;2421,4;23;23,2;12,4;23,5;20,2;14,3;12;13,8;67;49;51;129;4;,9;
2023-08-21;1500;0;919,5;1013,4;920,2;919,5;2564,5;26;24,5;10,1;25,2;22,8;13,5;9,5;13,8;53;38;40;302;7,4;4,6;
2023-08-21;1600;0;918,5;1011,7;919,5;918,5;2798,5;27;26,1;10,4;26,7;24,3;11,2;9,7;13,7;41;36;37;312;7,7;3,8;
2023-08-21;1700;0;917,7;1010,6;918,5;917,7;2887;28;26,8;10;27,4;25,7;11,3;10;13,7;40;34;35;311;7,6;3,8;
2023-08-21;1800;0;916,6;1009,3;917,7;916,6;2316,2;29;27,2;10,2;27,7;26,3;10,8;9,6;13,7;38;33;34;345;7,1;1,9;
2023-08-21;1900;0;916,5;1009,2;916,6;916,4;1763,6;29;27,1;9,5;28,1;26,5;10,5;9,2;13,8;35;32;33;257;7,1;1,7;
2023-08-21;2000;0;916,9;1010;916,9;916,5;966,2;29;26,1;10,7;27,5;26,1;10,9;9,1;13,2;38;32;38;300;6,2;3;
2023-08-21;2100;0;917,2;1011,4;917,3;916,9;212,7;27;22,9;11,9;26,2;22,6;12;10,7;12,9;51;38;50;251;4,8;2,3;
2023-08-21;2200;0;917,9;1013,5;917,9;917,2;-3,4;23;18,9;12,5;23,2;18,9;12,5;11,4;12,8;66;49;66;108;3;,5;
2023-08-21;2300;0;918,4;1014,8;918,4;917,9;-3,5;20;16,8;12,6;19,5;16,8;12,9;12,4;12,8;76;65;76;151;2;1,4;
2023-08-22;0000;0;918,9;1015,8;918,9;918,4;-3,5;18;15,5;12,1;16,8;15,4;12,7;12;12,8;81;76;81;161;2;1,4;
2023-08-22;0100;0;919,1;1016,6;919,1;918,9;-3,5;16;13,9;11,4;15,5;13,9;12,2;11,4;12,8;85;81;85;163;2,6;1,2;
2023-08-22;0200;0;918,9;1016,6;919,1;918,9;-3,5;15;13,3;11,1;14,3;13,3;11,7;11,1;12,7;87;84;87;161;2,3;1,3;
2023-08-22;0300;0;919;1017,1;919;918,9;-3,5;14;12,2;10,6;13,3;12,2;11,3;10,6;12,7;90;87;90;154;2,6;1,4;
2023-08-22;0400;0;918,8;1016,9;919;918,8;-3,5;14;12,1;10,6;12,4;12,1;11;10,5;12,7;91;90;90;149;3,1;2,3;
2023-08-22;0500;0;918,5;1016,4;918,8;918,5;-3,5;13;12,6;10,5;12,8;11,8;10,8;10,3;12,7;91;87;87;151;3,5;2,7;
2023-08-22;0600;0;918,3;1015,3;918,5;918,2;-3,5;14;14,9;11,1;15,2;12,5;11,3;10,4;12,7;88;78;78;152;3,7;1,9;
2023-08-22;0700;0;918,1;1015,1;918,3;918;-3,5;15;15;11,3;15,4;14,8;11,5;11;12,7;79;77;79;149;4,1;2,3;
2023-08-22;0800;0;918,8;1015,8;918,8;918;-3,5;15;15;11,3;15,4;14,8;11,6;11,1;12,6;79;77;78;146;4,1;1,9;
2023-08-22;0900;0;919,2;1017,3;919,2;918,8;-3,5;14;12,1;10,8;15,1;11,8;11,6;10,2;12,6;92;79;92;154;3,4;1,9;
2023-08-22;1000;0;919,7;1018;919,7;919,2;36,8;13;11,9;10,6;12,1;11,6;10,8;10,3;12,7;92;92;92;148;3,1;1,6;
2023-08-22;1100;0;919,9;1016,3;919,9;919,6;654,1;14;17,1;13,2;17,1;11,9;13,2;10,6;13,7;92;78;78;151;3,7;2,2;
2023-08-22;1200;0;920,2;1015,2;920,2;919,9;1471,1;19;21,4;13,4;22,1;17,1;14,7;13,2;13,9;77;60;60;124;4;1,8;
2023-08-22;1300;0;920,6;1014,6;920,7;920,2;2192,4;23;24,4;13,4;24,4;21,4;14,6;12,7;13,9;63;50;50;130;4,6;1,5;
2023-08-22;1400;0;919,9;1013,3;920,6;919,9;2723,6;26;26,2;9,6;27,3;24,1;14,1;9,3;13,7;51;34;35;41;5,4;2,6;
2023-08-22;1500;0;919,1;1011,8;919,9;919,1;3042,8;29;27,9;8,4;29,1;26,2;10,9;8;13,6;37;29;29;68;5,7;2,2;
2023-08-22;1600;0;918,2;1010,4;919,1;918,2;3083,4;30;29,1;6,6;30;27,8;9,8;6,6;13,6;31;24;24;29;6,6;2,6;
2023-08-22;1700;0;917;1008,7;918,2;917;2873,8;32;30,4;7,4;31;29,1;8,5;5,3;13,5;26;21;24;111;6,6;1,6;
2023-08-22;1800;0;916,2;1007,9;917;916,2;2337,5;32;30,2;7,4;31,1;29,3;8,5;5;13,5;26;21;24;317;5,7;1,7;
2023-08-22;1900;0;915,9;1007,5;916,2;915,9;1761;33;30,4;5,9;31,5;29,9;8,5;5,3;13,5;25;20;22;315;5,7;3;
2023-08-22;2000;0;915,9;1007,7;916;915,9;986,4;32;29,8;5,4;30,8;29,8;6,6;4,8;13,1;22;20;21;299;6;2,1;
2023-08-22;2100;0;916,1;1009,5;916,1;915,8;213,2;30;24,9;7;29,8;24,9;8,4;5,4;12,9;33;21;32;328;3,1;,9;
2023-08-22;2200;0;916,5;1011,3;916,5;916,1;-3,5;25;20,8;10,5;24,9;20,8;10,5;6,8;12,8;52;32;52;143;1,8;1;
2023-08-22;2300;0;916,9;1012,6;917;916,5;-3,5;21;18,2;10,7;20,8;17,9;10,7;10,1;12,8;62;52;61;183;2,5;1,3;
2023-08-23;0000;0;917,3;1013,9;917,3;916,9;-3,5;19;15,8;10,4;18,2;15,8;10,7;10,4;12,8;70;61;70;163;2,6;1,4;
2023-08-23;0100;0;917,3;1013,9;917,4;917,3;-3,5;18;15,8;10,3;16,1;15,4;10,7;10,2;12,8;72;69;70;158;2,4;1,3;
2023-08-23;0200;0;917,4;1014,6;917,5;917,3;-3,5;17;14,2;10,1;16,1;14,2;10,3;9,7;12,7;76;68;76;152;3,1;2;
2023-08-23;0300;0;917,4;1014,4;917,4;917,4;-3,5;16;14,6;9,6;15,1;14,2;10,1;9,6;12,7;76;71;72;149;3,5;2,5;
2023-08-23;0400;0;917,2;1014,4;917,4;917,2;-3,5;16;14,1;9,5;14,9;14,1;9,7;9,5;12,7;74;71;74;151;3,5;2,5;
2023-08-23;0500;0;916,8;1014;917,2;916,8;-3,5;15;14;9,5;14,5;13,4;9,7;9,4;12,7;77;72;75;151;3,7;2,9;
2023-08-23;0600;0;916,6;1013,8;916,8;916,4;-3,5;15;13,8;9,4;14,3;13,1;9,5;9,2;12,7;78;73;75;152;3,7;2,5;
2023-08-23;0700;0;916,3;1013,7;916,7;916,3;-3,5;14;13,4;9,2;14;12,8;9,5;9,1;12,6;78;74;76;147;4,1;3,2;
2023-08-23;0800;0;916,9;1014,4;916,9;916,3;-3,5;14;13,2;8,9;13,7;12,9;9,2;8,8;12,6;77;74;75;163;4,1;1,8;
2023-08-23;0900;0;917,5;1015,3;917,5;916,9;-3,5;14;12,4;8,8;13,3;12,3;9;8,7;12,6;79;75;79;145;3,5;2,1;
2023-08-23;1000;0;918,3;1016,2;918,3;917,5;40,4;13;12,4;9;12,4;11,7;9;8,6;12,7;82;79;80;149;2,9;2,2;
2023-08-23;1100;0;918,9;1015,2;918,9;918,3;650,3;15;17,1;10,4;17,1;12,4;10,5;9;13,7;80;65;65;144;2,9;1,5;
2023-08-23;1200;0;919,2;1013,2;919,2;918,9;1461,8;20;23,9;10,7;23,9;17,1;11,7;10,1;13,9;65;43;43;143;2,5;1,6;
2023-08-23;1300;0;919;1011,4;919,2;919;2183,8;25;28,8;7,6;29,1;23,9;11,4;7,6;13,7;44;26;26;349;4,8;2,3;
2023-08-23;1400;0;918,5;1010,1;919;918,5;2705,6;30;31,3;6,8;31,8;28,9;8,3;6,2;13,5;26;21;22;333;7,2;4,1;
2023-08-23;1500;0;917,5;1008,7;918,5;917,5;3014,3;32;32,3;7,3;32,4;30,8;7,6;5,9;13,5;22;20;21;316;9,1;4,6;
2023-08-23;1600;0;916,7;1007,9;917,6;916,7;2461,4;33;31,9;6,9;33;31,1;7,5;6,2;13,5;22;20;21;303;9,7;4,5;
2023-08-23;1700;0;915,6;1006,6;916,7;915,6;2854,4;34;32,2;6,1;33,4;31,8;7,4;5,2;13,4;21;18;20;279;9,8;3,2;
2023-08-23;1800;0;915,3;1006,2;915,6;915,1;2352,6;34;32,3;4,7;33,3;32;6,5;4,5;13,2;20;17;18;319;10,5;3,1;
2023-08-23;1900;0;915,1;1006,1;915,3;915,1;1677,8;34;31,9;5,5;33,3;31,6;6;4,5;13,5;19;17;19;299;7,8;3;
2023-08-23;2000;0;915,4;1006,7;915,4;915,1;896,7;33;31,2;6,1;32,1;31,1;6,4;5,2;13,1;21;19;21;285;6,5;3,9;
2023-08-23;2100;0;915,6;1008,4;915,6;915,4;220,9;31;26,7;8,6;31,2;26,7;8,9;6,1;12,9;32;21;32;286;5,4;1,4;
2023-08-23;2200;0;916,1;1010;916,1;915,6;-3,5;27;23,5;10,5;26,7;23,5;10,5;7,8;12,8;44;32;44;149;2,1;,9;
2023-08-23;2300;0;916,6;1011,4;916,6;916,1;-3,5;24;20,8;11,4;23,5;20,8;11,4;10,5;12,8;55;44;55;162;2,3;1,5;
2023-08-24;0000;0;916,8;1012,1;916,9;916,6;-3,5;22;19,4;11,6;20,9;19,4;11,6;11,2;12,8;61;55;61;148;3;1,9;
2023-08-24;0100;0;917,1;1012,5;917,1;916,8;-3,5;21;19,2;11,2;19,4;18,3;11,7;11,2;12,8;65;60;60;155;3,1;,9;
2023-08-24;0200;0;917,2;1013,3;917,3;917,1;-3,5;20;17,2;11,4;19,2;17,2;11,5;11;12,8;69;60;69;153;2,8;1,6;
2023-08-24;0300;0;917,1;1013,3;917,2;917,1;-3,5;19;16,9;11,2;17,6;16,7;11,5;11,1;12,7;70;66;69;164;3,1;1,7;
2023-08-24;0400;0;917;1013,5;917,1;917;-3,5;18;16;10,7;17;15,9;11,2;10,7;12,7;71;68;71;163;2,5;1,2;
2023-08-24;0500;0;916,4;1013,3;917;916,4;-3,5;16;14,6;10,2;16;14,2;10,7;10,1;12,7;77;71;75;156;3;1,9;
2023-08-24;0600;0;916;1013,1;916,4;916;-3,5;16;14;9,7;15,3;13,8;10,2;9,6;12,7;76;70;75;145;3,1;1,7;
2023-08-24;0700;0;915,9;1013;916,1;915,8;-3,5;15;14;9;14,5;13,7;9,7;9;12,6;76;70;72;149;3,4;2,8;
2023-08-24;0800;0;916,2;1013,4;916,2;915,9;-3,5;15;13,9;8,8;14,4;13,9;9;8,8;12,6;72;70;71;155;3,7;2,4;
2023-08-24;0900;0;916,4;1013,3;916,4;916;-3,5;15;14,6;8,7;14,6;13,9;8,9;8,7;12,6;71;68;68;154;4,1;2,5;
2023-08-24;1000;0;917,2;1014,1;917,2;916,4;39,2;15;14,8;9;14,8;14,2;9;8,7;12,7;70;68;68;140;3,6;1,9;
2023-08-24;1100;0;917,8;1013,4;917,8;917,2;617,7;17;18,9;10;18,9;14,4;10,3;9;13,6;70;56;56;148;3,5;2,1;
2023-08-24;1200;0;918,1;1011,6;918,1;917,8;1428,8;21;25,3;10,4;25,3;18,9;11,3;9,9;13,9;58;39;39;139;3;1,5;
2023-08-24;1300;0;918;1009,8;918,2;918;1878;27;30,3;6,9;30,3;25,3;10,9;6,4;13,8;39;23;23;326;6,9;3,7;
2023-08-24;1400;0;917,7;1008,8;918,1;917,7;2593,1;31;32,7;7,9;32,7;30;8;6,4;13,5;23;20;22;304;8,3;4,5;
2023-08-24;1500;0;917;1007,8;917,8;917;2721,3;33;33,2;7,5;34,1;31,2;8,4;6,5;13,4;22;20;20;310;8,6;4,9;
2023-08-24;1600;0;916,1;1006,4;917;916,1;2729,2;34;34,5;6,3;34,6;31,9;8,2;4,2;13,5;22;15;17;289;12,8;5,8;
2023-08-24;1700;0;915,2;1005,6;916,1;915,2;2729,6;35;34,1;3,7;34,9;33,4;5,6;3,4;13,4;17;14;15;296;12,8;5,6;
2023-08-24;1800;0;914,4;1004,5;915,2;914,4;2406,5;35;34,6;2,5;35;33,6;4,2;2,3;13,4;15;13;13;296;10,8;5,2;
2023-08-24;1900;0;914,3;1004,8;914,4;914,3;1677,4;35;33,4;3,4;34,7;33,2;3,7;2;13,5;15;13;15;290;11;4,8;
2023-08-24;2000;0;914,5;1005,4;914,6;914,3;875,3;34;32,1;5,9;33,8;32,1;5,9;3,4;13,1;19;15;19;293;8,2;4,7;
2023-08-24;2100;0;915;1007,1;915;914,5;175,8;32;28,6;7,3;32,1;28,6;7,3;5,7;12,9;26;20;26;295;8,2;2;
2023-08-24;2200;0;915,9;1009,5;915,9;915;-3,5;29;24,3;9,2;28,5;24,3;9,2;7,3;12,8;39;26;39;144;3,7;,3;
2023-08-24;2300;0;916,5;1011,1;916,5;915,9;-3,5;25;21,3;10,5;24,2;21,3;10,5;9,2;12,8;50;39;50;154;1,5;1;
2023-08-25;0000;0;916,8;1012,1;916,8;916,5;-3,5;23;19,5;11;21,4;19,5;11;10,4;12,8;58;50;58;145;1,9;1;
2023-08-25;0100;0;917;1012,6;917,1;916,7;-3,5;21;18,5;11,1;20,1;18,1;11,3;10,4;12,8;64;55;62;140;3,7;,3;
2023-08-25;0200;0;917,2;1013,3;917,2;917;-3,5;19;17,1;11,1;18,7;17;11,1;10,8;12,8;68;61;68;145;2;1,2;
2023-08-25;0300;0;917,6;1013,6;917,7;917,2;-3,5;18;17,6;10,2;17,9;16,7;11,2;10,2;12,7;69;62;62;359;2;,7;
2023-08-25;0400;0;917,4;1013,9;917,8;917,4;-2,7;18;16,1;11,3;17,5;15,6;11,6;10,1;12,7;75;62;73;145;2,7;1,7;
2023-08-25;0500;0;917,1;1012,6;917,4;917;,8;18;18,9;11,6;19;16,1;12;10,8;12,7;73;60;63;191;2,7;,3;
2023-08-25;0600;0;916,4;1012,2;917,1;916,4;-,6;19;17,8;11,8;19,2;17;11,9;10,9;12,7;71;59;68;153;3,3;2,4;
2023-08-25;0700;0;916,3;1012,1;916,5;916,3;-2,4;19;17,8;11,6;18,1;17,3;12;11,4;12,6;70;66;67;129;3,3;,6;
2023-08-25;0800;0;916,5;1012,8;916,5;916,3;-3,4;18;16,5;12,6;17,8;16,2;12,6;11,4;12,6;78;67;78;163;2,7;1,7;
2023-08-25;0900;0;917;1013,3;917;916,5;-2,2;18;16,6;13,2;17;16,2;13,2;12,5;12,6;81;75;81;137;2,7;1,5;
2023-08-25;1000;0;917,6;1013,9;917,6;917;44,2;17;16,7;13,5;16,9;15,9;13,7;12,9;12,7;84;80;82;151;2,4;1,4;
2023-08-25;1100;0;918;1013,3;918;917,6;506,1;18;19,8;14,3;19,8;16,7;14,8;13,6;13,4;82;70;70;140;2,1;1,2;
2023-08-25;1200;0;918,2;1011,9;918,3;918;992,9;21;24,7;14,6;24,7;19,8;15,4;14,1;13,9;71;53;53;130;1,9;,8;
2023-08-25;1300;0;918,4;1011,4;918,4;918,2;1590,6;26;26,9;12,1;27,9;24,7;14,9;11,9;13,4;53;38;40;291;4,8;2,9;
2023-08-25;1400;0;918,1;1010,8;918,5;918,1;1387,4;28;27,6;12,3;28,1;26,8;12,9;11,5;13,5;42;36;39;281;6,5;4,4;
2023-08-25;1500;0;917,3;1009,5;918,1;917,3;2212,2;29;29,1;11,5;29,5;27,4;13,3;10,7;13,6;40;33;34;305;8,8;4,1;
2023-08-25;1600;0;916,1;1007,4;917,3;916,1;2752,4;31;31,3;9,6;32,1;28,8;11,4;9,4;13,5;34;26;26;286;8;4,3;
2023-08-25;1700;0;915,2;1006,1;916,1;915,2;2331,9;32;32,3;8,3;32,4;30,3;9,9;7,5;13,5;27;22;23;298;9,6;4,6;
2023-08-25;1800;0;914,7;1005,8;915,2;914,7;2132,7;33;31,7;7,3;32,8;31;8,7;6;13,5;24;19;22;278;11,9;5,1;
2023-08-25;1900;0;914,6;1005,9;914,7;914,4;1634,3;33;30,8;9,5;32,5;30,8;9,7;6,7;13,5;27;21;27;301;10,6;4,6;
2023-08-25;2000;0;914,8;1006,5;914,8;914,5;829,7;32;29,6;9,4;30,9;29,6;9,5;8,9;13,1;28;26;28;304;9;3;
2023-08-25;2100;0;915;1007,6;915;914,7;178,5;30;27;9,7;29,6;27;9,8;9,1;12,9;34;28;34;306;6,9;1,9;
2023-08-25;2200;0;915,4;1009,2;915,5;915;-3,5;27;23,5;10,2;27;23;10,5;9,4;12,8;43;34;43;312;4,1;,9;
2023-08-25;2300;0;916;1010,4;916;915,4;-3,5;24;21,8;10,3;25,1;21,5;10,8;9,7;12,8;50;39;48;347;2,3;,3;
2023-08-26;0000;0;916,3;1011,7;916,3;916;-3,5;22;19,1;12,1;21,9;19,1;12,1;10,3;12,8;64;48;64;151;1,7;,9;
2023-08-26;0100;0;916,4;1012,1;916,5;916,2;-3,2;20;18,2;12,1;19,1;18,1;12,3;12;12,8;68;64;67;179;2,6;,9;
2023-08-26;0200;0;917,1;1011,5;917,2;916,4;-2,8;20;22,3;12,5;22,3;17,5;13,1;12;12,7;72;54;54;236;4,9;2,3;
2023-08-26;0300;0;917;1012,6;917,2;917;-3,5;20;18,7;12,1;22,7;18,7;12,5;11,5;12,7;66;52;66;76;4,3;,8;
2023-08-26;0400;0;916,7;1012,5;917;916,7;-2,8;20;18;12,5;19,7;18;12,6;11,8;12,7;70;62;70;194;1,6;,3;
2023-08-26;0500;0;916,4;1012,6;916,8;916,4;-3,4;19;16,7;13,4;18;16,6;13,4;12,5;12,7;81;70;81;139;1,7;1;
2023-08-26;0600;0;916;1012,5;916,4;916;-3,5;18;15,7;13,1;16,7;15,6;13,7;12,8;12,7;85;81;85;188;1,8;1,1;
2023-08-26;0700;0;916,2;1012,9;916,2;915,9;-3,5;17;15,3;13,1;16,5;15,3;13,7;12,9;12,6;87;82;87;153;2,1;1,1;
2023-08-26;0800;0;917,2;1013,3;917,3;916,2;-3,5;17;17,1;14,1;18,3;15;15,6;12,6;12,6;90;80;82;197;9,1;4,9;
2023-08-26;0900;0;917,7;1014,2;917,7;917,2;-3,5;17;16,1;13,7;17,1;15,9;14,1;13,4;12,6;86;82;86;115;9,1;1,1;
2023-08-26;1000;0;918,1;1014,8;918,2;917,7;47,8;16;15,7;13,5;16,2;15,1;13,7;13,2;12,7;89;85;87;100;2,1;1;
2023-08-26;1100;0;918,4;1014,1;918,4;918;591,3;17;18,6;13,9;18,6;15,7;14,1;13,4;13,6;87;74;74;133;2,3;1,2;
2023-08-26;1200;0;918,7;1013,4;918,7;918,2;1338,9;21;21,7;14,3;21,8;18,6;14,7;13,7;13,9;75;62;63;139;2,6;1;
2023-08-26;1300;0;918,9;1012,6;919;918,7;2030,4;25;24,9;14,4;25;21,7;15,2;14,1;13,8;63;52;52;220;4,1;1,8;
2023-08-26;1400;0;918,3;1011,4;918,9;918,3;2594;27;26,6;14,2;27;24,6;14,8;13,5;13,6;53;45;47;355;6,9;2,5;
2023-08-26;1500;0;917,9;1010,3;918,3;917,9;2512,3;29;28,4;14,3;28,4;26;14,9;13,6;13,8;48;42;42;261;7,5;4;
2023-08-26;1600;0;917,1;1010,1;917,9;917,1;2148,5;29;26,5;14,4;28,7;26,5;14,8;13,3;13,7;47;40;47;213;8;4;
2023-08-26;1700;0;916,4;1009,1;917,1;916,4;1806,6;29;27,1;14,9;27,5;26,3;15,1;14;13,7;49;45;47;217;6,5;3,2;
2023-08-26;1800;0;916;1008,3;916,4;916;2025,7;29;28,2;13,9;28,5;26,3;15;13,9;13,7;48;41;41;257;7,8;3,1;
2023-08-26;1900;0;916,4;1009,7;916,4;916;1574,9;29;25,2;14,8;28,3;25,2;15;13,7;13,3;53;42;53;192;7,6;4;
2023-08-26;2000;0;916,9;1011,3;916,9;916,4;823,9;26;22;14,5;25,2;22;14,9;14,5;13,1;63;53;63;201;9,5;5,5;
2023-08-26;2100;0;917,8;1013,4;917,9;916,9;132,8;23;18,9;14,1;22;18,9;14,5;14,1;12,9;74;63;74;193;8,7;4,6;
2023-08-26;2200;0;918,1;1014;918,1;917,6;-2,8;21;18;14;18,9;17,9;14,1;13,9;12,8;78;74;77;205;8,3;1,7;
2023-08-26;2300;0;919,3;1015,6;919,3;918,1;-3,1;20;17,4;13,9;18;17,3;14;13,8;12,8;80;77;80;183;6,4;2,4;
2023-08-27;0000;0;919,7;1016,2;919,8;919,3;-2,4;19;16,7;13,6;17,4;16,7;13,9;13,6;12,8;82;80;82;179;5,5;2,5;
2023-08-27;0100;0;919,3;1015,8;919,9;919,3;-2,6;18;16,6;13,5;16,7;16,6;13,7;13,5;12,8;83;82;82;174;5;1,9;
2023-08-27;0200;0;919,5;1016,1;919,5;918,9;-2,7;18;16,6;13,4;16,7;16,5;13,7;13,4;12,7;83;81;82;192;4,2;2,2;
2023-08-27;0300;0;919,9;1016,7;920;919,4;-2,5;18;15,9;13,3;16,6;15,9;13,4;13,3;12,7;84;82;84;188;5;2;
2023-08-27;0400;0;919,9;1017;920,1;919,8;-3,3;17;15,3;13,1;15,9;15,3;13,7;13,1;12,7;87;85;87;191;4,9;2,5;
2023-08-27;0500;0;919,9;1017;920;919,8;-2,2;17;15,2;13;15,4;15,1;13,2;13;12,7;88;87;87;183;4,4;1,4;
2023-08-27;0600;0;919,6;1016,7;920;919,6;-1,4;16;15,1;13,2;15,2;15;13,2;12,9;12,7;88;87;88;129;2,6;,6;
2023-08-27;0700;0;919,5;1016,7;919,8;919,3;-2,5;16;14,9;13,7;15,1;14,8;13,7;13,2;12,6;92;88;92;159;2,4;1,2;
2023-08-27;0800;,6;920;1017;920;919,2;-1,7;16;15,5;14,3;15,5;14,9;14,3;13,7;12,6;93;92;93;112;3,6;1,1;
2023-08-27;0900;2,2;920,2;1017,3;920,4;919,8;-1,9;16;15,4;14,3;15,7;15,1;14,5;14;12,6;94;92;93;110;3,7;1,7;
2023-08-27;1000;0;920,8;1017,8;920,8;919,9;28,3;16;15,6;14,2;15,6;15,3;14,3;14,2;12,6;93;92;92;124;4,8;2,2;
2023-08-27;1100;0;921,3;1018,3;921,3;920,7;102,8;17;16;14,7;16;15,6;14,7;14,2;12,8;92;92;92;114;4,9;2,1;
2023-08-27;1200;2,4;922,2;1019,2;922,2;921,3;208;17;16,1;15;16,1;15,8;15;14,6;13,1;93;92;93;104;4,9;1,6;
2023-08-27;1300;0;921,9;1018,4;922,3;921,7;794,6;17;17,5;15;17,8;16,1;16,2;14,9;13,7;93;85;85;95;5,2;2;
2023-08-27;1400;0;921,5;1017,7;922,1;921,5;1031,9;18;18,1;15,5;18,1;16,9;15,5;14,4;14;88;83;85;115;6;2,2;
2023-08-27;1500;0;921,3;1017,7;921,6;921,3;1101;20;17,6;14,5;18,3;17,6;15,3;14,3;13,4;84;80;82;116;6,6;2;
2023-08-27;1600;0;920,8;1017,1;921,3;920,8;552,1;19;17,7;16;17,8;17,4;16;14,6;13,7;90;82;90;125;4,9;1,6;
2023-08-27;1700;0;920;1015,9;920,8;920;992,4;20;18,6;15,5;18,7;17,6;16,4;15,3;13,5;90;81;83;117;4;1,7;
2023-08-27;1800;0;919,5;1015,2;920;919,4;1070,5;21;19,1;15,7;19,5;18,5;16,1;15;13,5;84;77;81;104;5,3;1,8;
2023-08-27;1900;0;919,8;1015,8;919,8;919,3;509,8;21;18,2;14,9;19,3;18,2;15,8;14,9;13,2;82;78;81;113;4,2;1,3;
2023-08-27;2000;0;920,6;1017,3;920,8;919,8;35,7;20;16,5;14,4;18,2;16,5;14,9;14,2;12,8;87;80;87;169;6;2,6;
2023-08-27;2100;5,6;921;1018,1;921,1;920,6;29,3;18;15,6;14,3;16,5;15,5;14,4;14,2;12,8;92;87;92;162;6;1,4;
2023-08-27;2200;0;921;1018,1;921,1;920,8;-1;17;15,5;14,2;15,6;15,5;14,3;14,1;12,8;92;91;92;122;3,1;1,1;
2023-08-27;2300;0;921,7;1018,9;921,7;920,9;-2,2;17;15,4;14;15,6;15,3;14,5;14;12,8;93;91;91;137;3;,9;
2023-08-28;0000;0;922;1019,3;922,1;921,6;-,9;16;15,2;13,8;15,4;15,2;14;13,6;12,8;92;89;91;110;4,6;1,1;
2023-08-28;0100;0;922,3;1019,7;922,4;922;-2,9;16;15,1;13,7;15,2;14,9;13,9;13,7;12,7;93;91;91;111;2,9;1,6;
2023-08-28;0200;0;922,7;1020,1;922,7;922,3;-,7;16;15,1;13,7;15,2;15;13,7;13,4;12,7;91;89;91;135;2,9;1,3;
2023-08-28;0300;0;922,2;1019,6;922,7;922,2;-1,7;16;14,9;13,4;15,2;14,9;13,7;13,3;12,7;91;89;91;115;4,1;1,8;
2023-08-28;0400;0;922;1019,5;922,4;922;-2,1;16;14,8;13,3;15;14,8;13,4;13,3;12,7;91;90;91;116;3,7;1,6;
2023-08-28;0500;0;921,4;1018,9;922;921,4;-2,5;16;14,6;13,2;14,9;14,5;13,3;13,2;12,7;92;90;91;119;4,3;1,8;
2023-08-28;0600;0;920,4;1017,8;921,4;920,4;-3,1;15;14,5;13,2;14,8;14,5;13,3;13,1;12,6;92;90;92;107;5;1,4;
2023-08-28;0700;0;920,3;1017,6;920,7;920,3;-3,1;15;14,8;13,6;14,8;14,5;13,6;13,2;12,6;93;92;92;107;4,3;1,7;
2023-08-28;0800;0;921,3;1018,8;921,3;920,1;-2,3;16;14,6;13,5;14,8;14,6;13,6;13,5;12,5;93;92;93;162;4;1,5;
2023-08-28;0900;0;921,9;1019,3;922;921,3;-2;16;14,9;13,5;14,9;14,6;13,6;13,4;12,5;93;92;92;144;3,7;1,4;
2023-08-28;1000;0;922,4;1019,9;922,4;921,8;31,3;16;14,9;13,4;14,9;14,7;13,5;13,3;12,6;92;91;91;107;3,7;1,2;
2023-08-28;1100;0;923,3;1020,6;923,3;922,4;267,8;16;15,6;13,6;15,6;14,8;13,7;13,3;13,2;91;87;88;121;3,7;1,7;
2023-08-28;1200;0;923,8;1021;923,9;923,3;357,1;17;16;13,6;16;15,6;13,8;13,2;13,2;88;85;86;134;4,1;1,6;
2023-08-28;1300;0;924,1;1021;924,1;923,7;697,5;18;17;14;17,2;16;14,3;13,4;13,4;86;81;83;76;3,8;1,3;
2023-08-28;1400;0;924;1020,6;924,2;924;632,2;19;17,7;14,3;17,7;16,9;14,7;13,6;13,7;84;79;81;98;3,2;1,2;
2023-08-28;1500;0;923,2;1019,4;924;923,2;1359,5;20;18,8;14,4;19,1;17,6;14,7;13,7;13,7;81;73;76;97;3,5;1,5;
2023-08-28;1600;0;922,4;1018,3;923,2;922,4;1053,5;21;19,3;14,6;19,3;18,5;14,8;13,9;13,6;77;73;74;116;3,4;1,5;
2023-08-28;1700;0;921,7;1017,4;922,4;921,7;1097,9;22;19,7;14,3;20,2;19,1;15,1;14,1;13,5;76;71;71;138;4;1,5;
2023-08-28;1800;0;921,3;1016,7;921,7;921,3;934,4;22;20,4;14;20,6;19,5;15,1;14;13,7;74;67;67;139;3,9;1,4;
2023-08-28;1900;0;921,2;1016,4;921,3;921,1;1491,3;23;21;14,4;22;20,3;16,1;14;13,8;70;64;66;139;4;1,4;
2023-08-28;2000;0;921,5;1017;921,5;921,2;614,1;23;20,2;15;21,1;20,2;15,1;14,1;13,1;72;65;72;102;3,2;,7;
2023-08-28;2100;0;921,4;1017,6;921,6;921,4;124,3;21;18,2;14,7;20,2;18,2;15,2;14,7;12,9;80;72;80;122;3,5;,9;
2023-08-28;2200;0;921,8;1018,5;921,8;921,4;-3,2;19;16,8;14,2;18,2;16,8;14,7;14,2;12,8;84;80;84;132;3,4;1,5;
2023-08-28;2300;0;922,4;1019,6;922,4;921,7;-3,5;18;15,7;13,6;16,8;15,6;14,2;13,5;12,8;87;84;87;135;4,4;1,5;
2023-08-29;0000;0;922,8;1020,3;922,8;922,4;-3,5;17;14,9;13,3;15,7;14,9;13,6;13,2;12,8;90;87;90;136;3,4;1,6;
2023-08-29;0100;0;923,3;1021,1;923,3;922,8;-3,5;16;14,2;12,9;14,9;14,2;13,3;12,9;12,8;92;90;92;135;3,3;1,6;
2023-08-29;0200;0;923,3;1021;923,5;923,3;-3,5;15;14,6;13,2;14,6;14,2;13,2;12,9;12,7;92;91;91;132;4,3;1,9;
2023-08-29;0300;0;923,3;1020,9;923,5;923,3;-3,5;15;14,8;13,1;15;14,6;13,3;13,1;12,7;91;89;90;135;4;1,7;
2023-08-29;0400;0;923,1;1020,7;923,3;923;-3,5;15;14,6;13,3;14,9;14,2;13,3;12,8;12,7;92;90;92;112;3,7;1,5;
2023-08-29;0500;0;922,4;1019,9;923,1;922,4;-3,5;15;14,9;13,4;15,1;14,6;13,5;13,2;12,7;92;90;91;125;4;1,8;
2023-08-29;0600;0;922,4;1019,9;922,4;922,3;-3,5;15;14,8;13,5;15,1;14,7;13,7;13,3;12,7;92;90;92;129;4,1;1,7;
2023-08-29;0700;0;922,4;1019,9;922,4;922,2;-3,5;15;14,8;13,6;14,8;14,6;13,6;13,2;12,7;92;91;92;141;4,1;1,4;
2023-08-29;0800;0;922,6;1019,9;922,6;922,4;-3,5;15;15,3;13,9;15,3;14,8;13,9;13,5;12,6;92;91;91;121;3,7;1,6;
2023-08-29;0900;0;922,6;1019,8;922,6;922,4;-3,5;16;15,6;14,1;15,6;15,1;14,1;13,7;12,6;92;91;91;129;3,6;1,5;
2023-08-29;1000;0;922,9;1019,9;922,9;922,6;29,9;16;16,4;14,5;16,4;15,6;14,6;14,1;12,6;91;88;89;116;4,8;1,6;
2023-08-29;1100;,2;923;1019,9;923,9;922,8;190,9;17;16,6;15,2;16,6;16;15,2;14,5;13,2;92;88;91;124;4,9;1,9;
2023-08-29;1200;0;923,7;1020,4;923,7;923;680,5;18;17,5;15,5;17,6;16,6;15,8;15,2;13,3;91;87;88;106;4,2;1,6;
2023-08-29;1300;0;924,7;1021,2;924,7;923,7;756;19;18,3;15,5;18,4;17,5;16,3;15,2;13,7;89;83;83;115;4,4;2,2;
2023-08-29;1400;,2;924,1;1020,4;925,5;924,1;755,7;20;18,7;16,9;19;18,3;17,1;15,2;13,6;90;81;89;110;4,4;1;
2023-08-29;1500;0;923,1;1018,8;924,2;923,1;910,5;20;20,1;17,6;20,1;18,8;17,6;16,3;13,9;90;83;85;113;3,9;1,7;
2023-08-29;1600;0;922,9;1018,8;923,3;922,7;903,1;21;19,6;16,6;20,4;19,6;17,2;16,2;13,3;85;78;83;169;3,9;1,5;
2023-08-29;1700;,6;922,4;1018,4;922,9;922,4;221,4;21;19;16,9;19,7;19;17,2;16,6;13,1;88;83;88;67;3,6;,6;
2023-08-29;1800;,6;921,8;1017,7;922,4;921,8;383,7;20;19,2;17,6;19,2;18,9;17,8;16,9;13,4;92;88;91;146;1,9;1;
2023-08-29;1900;0;921,7;1017,3;921,8;921,5;719,4;21;20;17,3;20,2;19,2;17,8;16,8;13,6;91;84;84;33;1,9;1;
2023-08-29;2000;0;922;1017,5;922;921,6;607,3;22;20,5;17;21,2;20;17,9;16,8;13,1;85;77;81;309;2,4;,6;
2023-08-29;2100;0;922,3;1018;922,3;921,9;108,9;21;19,8;17,3;20,5;19,7;17,4;17,1;12,9;87;81;85;329;2;,7;
2023-08-29;2200;0;922,3;1018,5;922,3;922,2;-3,2;20;18,5;17,3;19,8;18,4;17,6;17,1;12,8;93;85;93;136;1,8;1;
2023-08-29;2300;0;922,7;1019,1;922,7;922,2;-2,9;19;18,1;16,9;18,7;17,9;17,5;16,8;12,8;93;92;93;150;2;,8;
2023-08-30;0000;0;922,6;1019,2;922,8;922,5;-3,5;19;17,3;16,3;18,1;16,9;16,9;15,9;12,8;94;93;94;140;2;,9;
2023-08-30;0100;0;922,7;1019,4;922,7;922,6;-3,3;18;17,1;16,2;17,6;16,9;16,6;15,9;12,8;94;94;94;133;2,9;1,1;
2023-08-30;0200;0;922,2;1019;922,7;922,2;-3,4;18;16,7;15,8;17,2;16,7;16,2;15,8;12,7;94;94;94;124;3,1;1,4;
2023-08-30;0300;0;922,2;1019;922,4;922,1;-2,5;18;16,7;15,8;16,9;16,5;15,9;15,6;12,7;94;94;94;124;3,1;1;
2023-08-30;0400;0;921,6;1018,3;922,3;921,6;-1,8;18;16,7;15,7;17;16,7;16,1;15,7;12,7;94;94;94;141;2,7;1,1;
2023-08-30;0500;0;921,2;1018,1;921,6;921,1;-1,7;18;16,2;15,3;16,7;16,2;15,7;15,3;12,7;94;94;94;139;3,8;1,8;
2023-08-30;0600;0;921;1018;921,2;921;-1,9;17;15,9;15;16,2;15,8;15,3;15;12,7;95;94;95;137;3,8;1,1;
2023-08-30;0700;0;920,9;1017,9;921,1;920,8;-2,1;17;15,8;14,9;15,9;15,7;15;14,8;12,7;95;95;95;132;3,5;1,5;
2023-08-30;0800;0;920,9;1017,9;920,9;920,8;-,8;17;15,9;15,1;16;15,7;15,2;14,9;12,6;95;95;95;103;4,2;1,2;
2023-08-30;0900;0;921,1;1018,1;921,2;920,8;,2;17;15,7;14,9;15,9;15,6;15;14,8;12,6;95;95;95;113;4;1,6;
2023-08-30;1000;0;921,3;1018,2;921,5;921;49,6;17;16,1;15,3;16,1;15,6;15,3;14,8;12,7;95;95;95;115;5,3;2;
2023-08-30;1100;0;921,8;1018,5;921,8;921,2;337,6;17;16,9;15,5;16,9;16,1;15,7;15,2;13,2;95;92;92;101;4,9;1,6;
2023-08-30;1200;0;922,5;1018,8;922,5;921,8;811,7;18;18,2;15,7;18,3;16,9;16,4;15,4;13,6;92;85;85;121;3,7;1,5;
2023-08-30;1300;0;922,7;1018,2;922,9;922,5;1773,7;21;20,6;16,6;20,6;18,2;16,6;15,4;14;86;76;78;100;5;1,6;
2023-08-30;1400;0;922,4;1017;922,8;922,4;2692,7;23;23,3;16,6;23,3;20,5;17,1;15,6;13,8;79;66;66;199;3,8;1,1;
2023-08-30;1500;0;921,6;1015,6;922,4;921,6;2555,8;26;24,9;15,8;24,9;22,7;16,9;14,8;13,8;67;57;57;267;5,3;2,2;
2023-08-30;1600;0;920,7;1014,4;921,6;920,7;2671,8;27;25,4;14,8;26,2;24,2;16,6;14,3;13,4;60;50;52;270;6,2;3,8;
2023-08-30;1700;0;919,9;1013;920,7;919,9;2682,1;28;27,1;14,6;27,1;25;15,6;13,2;13,5;56;43;46;276;6,8;3,2;
2023-08-30;1800;0;919;1012;919,9;919;2382,2;29;27,1;11,8;27,9;26,6;14,5;10,4;13,9;46;34;39;309;6,6;3,5;
2023-08-30;1900;0;918,8;1011,8;919;918,8;1177,7;29;26,9;13,7;27,7;26,5;13,7;10,8;13,3;44;36;44;245;5,7;2,6;
2023-08-30;2000;0;918,5;1011,5;918,8;918,4;889,2;29;26,7;14;27,5;26,6;14;13;13,1;46;41;46;270;5,8;2,9;
2023-08-30;2100;0;918,8;1013,3;918,8;918,5;210,9;27;22,4;14,8;26,7;22,4;14,8;13,5;12,9;62;45;62;217;5,8;2,4;
2023-08-30;2200;0;919,4;1014,5;919,4;918,8;-3,3;24;20,9;15,1;22,4;20,8;15,1;14,5;12,8;69;62;69;70;2,9;,4;
2023-08-30;2300;0;920,1;1016,1;920,1;919,4;-3,5;21;18,4;15,1;21;18,4;15,3;14,8;12,8;81;69;81;141;2,3;,9;
2023-08-31;0000;0;920,7;1017,1;920,7;920,1;-3,5;20;17,4;14,7;18,4;17,2;15,4;14,6;12,8;85;81;84;166;1,8;1,1;
2023-08-31;0100;0;921;1017,7;921;920,6;-3,5;18;16,6;14,3;17,6;16,6;14,8;14,2;12,8;86;83;86;145;1,8;1,4;
2023-08-31;0200;0;921,4;1018,4;921,5;921;-3,5;18;15,8;14;16,8;15,7;14,5;13,8;12,8;90;86;89;164;2,2;1,2;
2023-08-31;0300;0;921,4;1018,6;921,5;921,3;-3,5;17;15,4;13,8;15,9;15,2;14;13,4;12,7;90;88;90;151;2,6;1,9;
2023-08-31;0400;0;921,1;1018,4;921,4;921,1;-3,4;17;15,1;13,6;15,7;14,7;13,9;13,1;12,7;92;88;91;145;2,7;1,6;
2023-08-31;0500;0;921,2;1018,6;921,2;921,1;-3,4;16;14,6;13,2;15,1;14,5;13,6;13;12,7;92;90;92;150;2,3;1,7;
2023-08-31;0600;0;920,6;1018,1;921,2;920,6;-3,5;16;14,3;12,9;14,9;14,3;13,5;12,9;12,7;92;91;92;145;2,9;1,6;
2023-08-31;0700;0;920,4;1017,8;920,6;920,4;-3,5;15;14,4;13;14,8;14,2;13,4;12,9;12,7;93;91;91;144;2,9;1,8;
2023-08-31;0800;0;920,6;1018,1;920,6;920,4;-3,5;15;14,4;13;14,8;14,2;13,4;12,8;12,6;92;91;91;150;2,8;2,1;
2023-08-31;0900;0;920,8;1018,2;920,8;920,6;-3,4;15;14,6;13;14,8;14,1;13,4;12,7;12,6;92;89;90;137;3;1,4;
2023-08-31;1000;0;921,9;1018,6;921,9;920,7;64;16;16,9;13,2;16,9;14,6;13,5;12,6;12,8;90;79;79;144;3,6;2,1;
2023-08-31;1100;0;922,7;1018,6;922,7;921,9;661,3;18;19,4;14,6;19,4;16,9;14,7;13,2;13,6;79;74;74;157;3,5;1,9;
2023-08-31;1200;1,6;925,2;1022,4;925,4;922,7;171,3;18;16,4;14,8;20,1;16;14,8;13,2;13;91;69;91;153;11,6;2,3;
2023-08-31;1300;2;924,4;1021,3;925,5;924,4;368,3;18;17,2;16;17,2;16,2;16;14,8;13,4;93;91;93;100;4,6;1,2;
2023-08-31;1400;0;924;1019,5;924,8;923,9;1775,4;20;20,9;17,3;21;17,1;17,4;16;14;93;77;80;133;4,1;1,2;
2023-08-31;1500;0;923,3;1017,4;924;923,3;2778,1;23;25;14;25,4;20,8;16,8;14;13,8;80;50;50;261;5,8;2,7;
2023-08-31;1600;0;922,4;1016,3;923,3;922,4;2839,2;26;25,4;13,7;26,3;24,5;14,9;11,9;13,7;54;43;48;305;6;3;
2023-08-31;1700;,2;921,3;1014,9;922,4;921,3;2201,4;27;25,8;13;26,8;25,4;14,7;11,9;13,8;51;40;45;321;6,8;2,5;
2023-08-31;1800;0;920;1013,2;921,3;920;2151,3;29;26,8;13,6;27,8;25,8;14,3;12,7;13,7;48;41;44;314;5,9;1,7;
2023-08-31;1900;0;919,9;1013,3;920;919,8;1434,3;29;26,2;13,1;27,5;26;14,3;12,8;13,1;48;42;44;240;4,6;2,3;
2023-08-31;2000;0;920,6;1014,3;920,6;919,9;582,9;28;25,3;13,9;26,6;25,3;14,1;13,1;13,1;50;43;49;214;5,6;2,4;
2023-08-31;2100;0;920,8;1015,5;920,9;920,6;153,4;26;22,3;14,2;25,3;22,3;14,3;13,6;12,9;60;49;60;215;4,4;2,6;
2023-08-31;2200;0;921,4;1016,8;921,4;920,6;-3,4;23;20,4;14,9;22,3;20,3;15,2;13,8;12,8;73;60;71;102;3,5;,5;
2023-08-31;2300;0;921,9;1017,7;921,9;921,4;-3,5;22;19,4;14,9;20,5;19,4;15,2;14,7;12,8;75;70;75;135;1,8;,7;
2023-09-01;0000;0;922,4;1018,6;922,4;921,9;-3,5;20;18,6;14,3;19,4;18,6;15,1;14,3;12,8;79;74;76;129;1,8;,6;
2023-09-01;0100;0;922,4;1018,9;922,5;922,3;-3,5;19;17,7;13,6;19,3;17,7;14,5;13,5;12,8;77;72;77;107;1,6;,5;
2023-09-01;0200;0;922,6;1019,2;922,6;922,4;-3,5;18;17,4;13,4;18;17,2;14;13,3;12,8;79;77;77;174;1,8;1;
2023-09-01;0300;0;922,4;1019,4;922,7;922,4;-3,5;17;16,1;13;17,4;15,7;13,6;12,9;12,7;86;77;82;169;1,5;,7;
2023-09-01;0400;0;922,1;1019,5;922,4;922;-3,5;16;15;13,1;16,6;14,6;13,7;12,5;12,7;90;80;88;137;1,9;1;
2023-09-01;0500;0;921,3;1018,8;922,1;921,3;-3,5;16;14,4;12,7;15,1;14,1;13,3;12,5;12,7;91;88;90;177;2,4;1,3;
2023-09-01;0600;0;920,8;1018,3;921,4;920,8;-3,5;15;14,4;12,6;15,4;13,8;13,5;12,2;12,7;92;86;89;152;2,4;2;
2023-09-01;0700;0;920,8;1018,1;920,9;920,7;-3,5;15;15;13,2;15;13,9;13,2;12,3;12,6;92;89;89;145;2,8;1,1;
2023-09-01;0800;0;920,9;1017,8;920,9;920,7;-3,5;15;16;12,9;16;14,9;13,1;12,3;12,6;89;81;82;143;2,3;1;
2023-09-01;0900;0;921,4;1018,2;921,4;920,9;-3,5;16;16,4;13,4;16,6;15,8;13,4;12,6;12,6;82;80;82;125;4;1,8;
2023-09-01;1000;0;921,9;1018,4;921,9;921,4;83,8;17;17,4;14;17,4;16,4;14;13,3;12,8;82;80;81;128;4,7;2,3;
2023-09-01;1100;0;922,2;1018,1;922,3;921,9;593,6;18;19,3;14,9;19,3;17,3;14,9;14;13,6;81;76;76;123;5,6;2,9;
2023-09-01;1200;0;922,9;1017,8;922,9;922,2;1537,2;21;22,5;15,9;22,5;19,3;16,2;14,8;13,9;76;67;67;115;7,7;2,7;
2023-09-01;1300;0;923,4;1017,7;923,4;922,9;2223,1;24;24,3;15,8;24,6;22,3;16,6;15,5;13,8;68;58;59;85;7,7;2,6;
2023-09-01;1400;0;923;1016,9;923,4;923;2797,8;26;25,5;16,1;26,4;24,2;16,9;15,5;13,7;60;53;56;102;6,9;2,7;
2023-09-01;1500;0;922,2;1015;923;922,2;3106,8;28;28,5;16,1;28,6;25,5;16,8;14,6;13,6;57;45;47;64;7,3;2,4;
2023-09-01;1600;0;921,2;1013,7;922,2;921,2;3132,8;30;29,2;15,2;29,2;27,4;16,2;13,8;13,5;48;42;43;64;6,9;2,5;
2023-09-01;1700;0;920,2;1012,4;921,2;920,2;2555,9;31;29,8;13,5;30;27,8;15,6;12,8;13,6;44;36;37;1;7,7;3,5;
2023-09-01;1800;0;919,6;1012;920,2;919,6;2010,4;32;29;12,9;30,6;28,4;14,4;11,1;13,1;41;31;37;49;6;1,5;
2023-09-01;1900;0;919,3;1011,6;919,6;919,3;1476,7;32;29,4;13;30,1;28,8;14,2;12,2;13,5;40;35;36;73;4,6;1,6;
2023-09-01;2000;0;919,2;1012,2;919,4;919,2;692,7;31;27,2;15;29,6;27,2;15;11,9;13;48;34;47;134;3,6;,8;
2023-09-01;2100;0;919,4;1013,1;919,4;919,2;141,5;29;25,1;14,7;27,3;24,6;15,4;13,7;12,9;55;44;52;143;2,6;,9;
2023-09-01;2200;0;919,7;1014,4;919,7;919,4;-3,2;26;22,1;15,4;25,2;22,1;15,5;14,4;12,8;66;51;66;151;2,2;1,2;
2023-09-01;2300;0;920,4;1015,7;920,4;919,7;-3,5;23;20,4;15,3;22,3;20,4;15,4;15,1;12,8;73;64;72;152;2,7;1,5;
2023-09-02;0000;0;920,7;1015,7;920,7;920,4;-3,5;22;21,5;14,7;21,6;20,3;15,3;14,7;12,8;72;65;65;135;3,8;2;
2023-09-02;0100;0;920,9;1015,9;920,9;920,7;-3,5;22;21,6;14,5;21,9;21,4;14,7;14,5;12,8;65;63;64;145;4,7;1,4;
2023-09-02;0200;0;921,1;1016,1;921,1;920,9;-3,5;22;21,5;14,6;21,7;21,2;14,6;14,5;12,8;66;64;65;140;3,9;1,2;
2023-09-02;0300;0;920,7;1015,9;921,1;920,7;-3,5;22;20,9;14,6;21,6;20,9;14,7;14,5;12,8;68;65;68;142;3,6;1,5;
2023-09-02;0400;0;920,4;1015,4;920,7;920,4;-3,5;21;21,3;14,8;21,4;20,6;14,8;14,6;12,7;69;66;67;136;3,9;1,5;
2023-09-02;0500;0;920,3;1015,5;920,5;920,3;-3,4;22;20,8;14,9;21,7;20,7;15;14,6;12,7;69;65;69;108;5,9;1,7;
2023-09-02;0600;0;920,2;1015,6;920,3;920,1;-3,5;21;20,3;15,1;21,2;20,2;15,1;14,8;12,7;72;68;72;120;6,1;2,3;
2023-09-02;0700;0;920;1015,3;920,2;920;-3,5;21;20,4;15,3;20,5;19,8;15,3;15,1;12,7;74;72;72;120;6,7;2,4;
2023-09-02;0800;0;920,3;1015,6;920,4;920;-3,5;21;20,4;15,2;20,5;19,8;15,3;15,1;12,7;74;72;72;113;6,9;3,2;
2023-09-02;0900;0;920,9;1016,5;920,9;920,3;-3,5;21;19,7;15,3;20,5;19,7;15,3;15,2;12,6;76;72;76;129;6,9;2,2;
2023-09-02;1000;0;921,6;1017,2;921,6;920,9;77,6;20;20,1;15,6;20,1;19,5;15,6;15,3;12,9;77;75;75;111;5,1;2;
2023-09-02;1100;0;922;1016,8;922;921,5;694;22;22,4;16,1;22,4;20;16,2;15,5;13,6;76;67;67;108;5;2,4;
2023-09-02;1200;0;922,1;1016,1;922,3;922;1548,8;24;25;16,3;25,1;22,4;16,7;15,9;13,9;68;58;59;81;6,7;2,5;
2023-09-02;1300;0;922,1;1015,6;922,1;922;2248,6;27;26,5;16,6;26,7;24,7;17;16,1;13,7;60;54;55;46;7,5;3,5;
2023-09-02;1400;0;921,5;1014,2;922,1;921,5;2786,1;29;28,6;16,3;29;26,5;17,2;15,5;13,7;55;47;47;45;8,5;3,6;
2023-09-02;1500;0;920,8;1013,3;921,5;920,8;2859,3;31;29;15,7;30,2;27,7;17,2;15,4;13,4;50;44;44;11;8,1;3,9;
2023-09-02;1600;0;919,9;1011,9;920,8;919,9;2748,8;32;30,5;15,5;31,7;28,9;17;15;13,5;46;39;40;23;7,6;4,1;
2023-09-02;1700;0;919;1010,6;919,9;919;2794,1;33;31,3;14,6;32,1;29,7;16,6;14,5;13,5;43;35;37;5;8,6;3,5;
2023-09-02;1800;0;918,5;1010,4;919;918,5;1982,5;34;30,3;14,6;32,1;30,3;15,5;13,8;13,1;39;34;39;4;7;2,6;
2023-09-02;1900;0;918;1009,5;918,6;918;1359,9;33;31,3;12,9;31,5;30,1;15,6;12,9;13,4;41;32;33;342;5,4;1,7;
2023-09-02;2000;0;917,9;1009,7;918;917,8;975,5;33;30,5;14,2;31,7;30,5;14,2;12,3;13,1;37;31;37;30;6,7;2,9;
2023-09-02;2100;0;918,2;1011;918,2;917,9;217,7;31;27,3;15,8;30,6;27,3;15,8;14,3;12,9;50;37;50;43;5,3;1,4;
2023-09-02;2200;0;918,9;1012,7;918,9;918,2;-3,5;28;24,4;16,2;27,2;24,4;16,5;15,4;12,8;60;49;60;114;2,6;,7;
2023-09-02;2300;0;919,7;1013,4;919,7;918,9;-3,1;26;25,1;16,2;25,1;24,1;16,5;15,9;12,8;62;57;58;145;3,3;1,6;
2023-09-03;0000;0;920,6;1014,6;920,6;919,7;-3,1;26;24,5;16,6;25,5;24,5;16,8;16;12,8;62;56;62;112;3,7;1,2;
2023-09-03;0100;0;921,2;1015,5;921,2;920,6;-3,3;25;23,8;17,6;25,6;23,8;18;16,6;12,8;69;59;68;53;3,9;,6;
2023-09-03;0200;0;921,1;1015,6;921,3;921,1;-3,5;25;23;17,6;23,9;23;17,9;17,3;12,8;72;67;72;92;2,6;,8;
2023-09-03;0300;3,6;921,1;1016,4;921,7;920,9;-3,4;23;20,7;18,1;23;20,6;18,8;17,3;12,8;88;71;85;236;9,7;,7;
2023-09-03;0400;0;920,5;1016,1;921,1;920,5;-3;22;19,8;18,5;20,7;19,6;18,8;18,1;12,7;92;86;92;141;2,7;1,3;
2023-09-03;0500;0;920,3;1015,8;920,5;920,2;-2,6;21;20;17,5;21;19,6;18,9;17,5;12,7;93;81;86;140;3,2;1,3;
2023-09-03;0600;0;920,6;1016,2;920,7;920,2;-1,3;21;19,6;17,8;21;19,5;18,2;17,2;12,7;91;80;89;151;2,9;1,5;
2023-09-03;0700;0;921,7;1017;921,7;920,4;,2;21;21;17,9;21,8;19,6;18;17,5;12,7;89;78;83;213;12,1;3,5;
2023-09-03;0800;1,2;921,8;1017,5;922;921,5;-2,8;21;19,9;18,5;21;19,8;18,6;17,9;12,7;92;83;92;117;6,7;1,8;
2023-09-03;0900;,6;922,2;1017,9;922,4;921,8;-2;21;19,8;18,4;20;19,7;18,6;18,4;12,6;92;91;92;98;3,8;1,8;
2023-09-03;1000;1;921,9;1017,6;922,2;921,6;22,5;21;19,9;18,6;19,9;19,6;18,7;18,4;12,6;93;92;93;148;3,8;1,4;
2023-09-03;1100;0;922,4;1017,9;922,5;921,9;267,3;21;20,5;19;20,6;19,8;19;18,4;13,2;93;88;91;124;3,5;1,8;
2023-09-03;1200;0;922,6;1017,6;922,6;922,4;684,3;22;22,2;18,7;22,2;20,6;19,2;17,8;13,5;91;77;81;93;5,3;1,8;
2023-09-03;1300;0;922,5;1016,2;922,7;922,5;1877,5;24;26;18,5;26;22,2;19,5;17,9;13,8;81;63;63;82;5;1,8;
2023-09-03;1400;0;922,3;1015,3;922,6;922,3;2780,2;28;28,1;17,2;28,1;25,9;19;16,7;13,6;65;51;52;49;5,6;2,4;
2023-09-03;1500;0;921,5;1013,9;922,3;921,4;3070,6;30;29,6;17,1;30;28,1;18,2;16,1;13,5;55;45;47;10;6,4;3,5;
2023-09-03;1600;0;920,5;1012,6;921,4;920,5;2980,5;32;30,2;17,2;30,8;29,2;17,9;16,1;13,5;49;43;46;333;6,4;2,3;
2023-09-03;1700;0;919,4;1011,1;920,5;919,4;3195,7;33;31,1;15,9;32,5;30,2;17,3;15,1;13,4;46;36;40;314;6,8;3,2;
2023-09-03;1800;0;918,8;1010,7;919,4;918,8;1757,9;34;30,5;16,2;32,6;30,3;16,6;14,8;13,1;44;36;42;304;6,6;1,5;
2023-09-03;1900;5,8;919;1013,1;919,4;918,6;768;29;23,8;19,5;30,5;21,7;19,9;15,2;13,8;83;40;77;138;12,4;1,2;
2023-09-03;2000;0;919,1;1012,9;919,1;918,8;1367,4;28;24,7;20;25,2;23,9;20,5;18,9;13,2;79;71;75;131;4,6;2;
2023-09-03;2100;0;919,9;1014;920,2;919;248,7;27;23,8;18,7;24,7;23,5;19,6;17,7;12,9;75;68;73;135;4,6;1,1;
2023-09-03;2200;0;920,3;1015;920,3;919,7;-2,5;25;22,3;18,4;23,9;22,3;19,1;18,2;12,8;79;71;78;180;3,9;1,8;
2023-09-03;2300;0;921;1015,9;921,1;920,3;-2,3;24;22;19,3;22,7;21,8;19,5;18,3;12,8;86;77;85;232;3,6;,6;
2023-09-04;0000;0;921,3;1016,6;921,3;921;-3;23;20,9;19,3;22,1;20,9;19,4;18,7;12,8;91;82;91;139;2,5;1,3;
2023-09-04;0100;0;921,5;1016,8;921,6;921,1;-1,8;23;20,8;19;21,2;20,7;19,3;18,9;12,8;91;87;89;141;2,5;1,2;
2023-09-04;0200;0;922,1;1017,5;922,1;921,5;-1,2;22;20,8;19,3;20,8;20,6;19,4;19;12,8;92;89;91;153;2,2;1,2;
2023-09-04;0300;0;921,9;1017,1;922,2;921,9;-1;22;21,4;18,8;21,4;20,6;19,4;18,8;12,7;91;85;85;144;3,3;1,7;
2023-09-04;0400;0;921,2;1016,1;921,9;921,2;-1,4;22;21,8;18;22;21,4;18,7;17,9;12,7;85;78;79;136;3,3;1,7;
2023-09-04;0500;0;920,5;1015,4;921,2;920,4;-1,5;22;21,6;18;21,8;21,1;18,4;18;12,7;84;79;80;153;4,4;1,6;
2023-09-04;0600;0;920;1015;920,5;920;-2,1;22;21,2;17,8;21,9;21,2;18;17,7;12,7;81;78;81;142;3,3;2,1;
2023-09-04;0700;0;919,9;1014,7;920;919,9;-2,2;22;21,7;17,6;21,8;21,2;17,8;17,6;12,7;81;77;78;139;4,1;1,3;
2023-09-04;0800;0;920,1;1015,2;920,1;919,9;-2,2;22;21,1;17,7;21,7;21;17,7;17,6;12,7;81;78;81;159;3,2;1,9;
2023-09-04;0900;0;920,5;1015,6;920,5;920,1;-3,3;22;21,2;17,4;21,4;21;17,7;17,4;12,6;82;79;79;142;3,2;1,7;
2023-09-04;1000;0;921;1016,2;921;920,4;46,3;22;21,1;17,3;21,2;20,6;17,4;17,3;12,7;82;79;79;144;3,8;2;
2023-09-04;1100;0;921,4;1016,2;921,4;921;314,9;22;22,3;17,9;22,3;21,1;17,9;17,3;13,4;80;76;76;141;3,8;1,7;
2023-09-04;1200;0;921,8;1015,1;921,8;921,4;1697,7;25;27;18,1;27;22,3;19,3;17,6;13,7;77;56;58;114;3,2;1,4;
2023-09-04;1300;0;922;1014,6;922;921,8;2202;29;29,2;16;29,7;26,8;19,1;15,2;13,7;60;42;45;350;6,2;3,2;
2023-09-04;1400;0;921,6;1013,7;922;921,6;2795,3;31;30,5;15,7;31;29,2;17,3;14,9;13,6;47;39;41;327;7,6;4,1;
2023-09-04;1500;0;921,1;1012,9;921,7;921,1;2944,8;32;31,3;15,4;31,3;30;16,2;14,3;13,5;41;36;38;317;8;4;
2023-09-04;1600;0;920,4;1012,4;921,2;920,3;2496,3;33;30,5;15,3;32,3;30,5;16,5;14,6;13,2;42;36;40;287;8,9;3,7;
2023-09-04;1700;0;919,4;1010,9;920,4;919,4;2113,1;33;31,8;14,4;32,7;30,4;15,8;13;13,1;41;32;35;316;8,7;3,8;
2023-09-04;1800;0;918,6;1010;919,4;918,6;1913,1;34;31,8;14,4;33,1;30,7;15,1;13,4;13,1;38;31;35;289;9,2;3,1;
2023-09-04;1900;0;918,2;1009,5;918,6;918,2;1551,8;34;32,2;14,1;32,7;31,5;14,5;13,4;13,5;36;32;33;310;8,1;3,2;
2023-09-04;2000;0;918,4;1009,9;918,4;918,2;837,1;34;31,5;14,3;32,4;31,1;15;13,5;13,1;37;33;35;303;7;2,7;
2023-09-04;2100;0;918,6;1011,1;918,7;918,4;267,8;33;28,3;15,5;31,5;28,1;16,9;14,2;12,9;47;35;46;19;7,5;4;
2023-09-04;2200;0;919,3;1012,9;919,3;918,6;-2,4;29;25,2;16,8;28,3;25,2;16,9;15,6;12,8;60;46;60;164;7,5;2;
2023-09-04;2300;0;920,2;1014,3;920,2;919,3;-3,2;27;23,9;17,3;25,4;23,9;17,6;16,5;12,8;67;58;67;153;4;,9;
2023-09-05;0000;0;921,1;1015,5;921,2;920,2;-3,4;25;23,3;17,8;24,2;23;18,4;17,2;12,8;74;66;71;281;3,5;1,2;
2023-09-05;0100;0;921,4;1016,2;921,4;921;-2,9;25;22,3;18,8;23,6;22,1;18,9;17,8;12,8;82;71;80;120;4,1;1,4;
2023-09-05;0200;0;921,5;1016,4;921,8;921,4;-1,7;24;22;18,5;22,9;21,8;19,1;18,2;12,8;83;75;81;151;3,7;1,6;
2023-09-05;0300;0;921,4;1016,7;921,5;921,4;-2,7;23;20,9;19;22,3;20,9;19;18,4;12,7;89;79;89;151;2,5;1,7;
2023-09-05;0400;0;921,2;1016,5;921,4;921,1;-2,5;22;20,8;18,2;21,4;20,5;19;18,2;12,7;91;83;85;144;3,1;1,3;
2023-09-05;0500;0;920,5;1015,8;921,2;920,5;-1,6;22;20,4;18,1;21,1;20,4;18,7;18;12,7;89;84;87;150;3,3;1,4;
2023-09-05;0600;0;920,3;1015,7;920,5;920,3;-1,7;22;20,1;18,1;20,6;20,1;18,4;18,1;12,7;89;87;88;151;2,6;1,6;
2023-09-05;0700;5,8;920,8;1015,9;921;920,1;-1,8;22;21,3;18,4;21,4;20,1;18,9;18;12,7;90;84;84;202;8,3;4,4;
2023-09-05;0800;0;921,7;1016,8;921,8;920,8;,3;22;21,4;18;21,5;20,7;18,4;17,8;12,6;86;80;81;178;6,7;2,6;
2023-09-05;0900;0;922,3;1017,6;922,3;921,7;-,9;22;21,1;17,6;21,4;20,5;18;17,6;12,6;85;81;81;47;6;,8;
2023-09-05;1000;0;923,7;1019,1;923,7;922,3;85,7;21;21,1;17,8;21,3;20,6;17,9;17,3;12,8;83;78;81;237;3,9;2,7;
2023-09-05;1100;1,6;924,9;1020,9;925,1;923,7;172,9;22;19,9;17,9;21,8;19,9;18,3;17,6;12,8;88;79;88;216;6,7;3,9;
2023-09-05;1200;5,2;925,3;1021,3;925,3;924,9;133;21;19,9;18,9;19,9;19,7;18,9;18;12,9;94;88;94;174;6,7;1,1;
2023-09-05;1300;1,2;924,9;1020,5;925,3;924,8;507,5;21;21,1;19,9;21,2;19,9;20;18,9;13,5;94;93;93;116;3;1,5;
2023-09-05;1400;,4;924,7;1020,1;925,1;924,7;630,3;23;21,6;19,9;21,8;21,1;20,2;19,3;13,3;93;86;90;122;3,4;1,4;
2023-09-05;1500;0;924,7;1019,5;924,9;924,7;1121,5;24;23,2;19,9;23,4;21,6;20,7;19,8;13,8;92;81;81;130;3,3;1,5;
2023-09-05;1600;0;924;1018,1;924,7;924;2067;26;25,3;20,5;25,3;23,2;21,1;19,5;13,7;83;73;75;29;3,1;1,9;
2023-09-05;1700;0;923,1;1017,4;924;923,1;988,5;27;24,4;20;25,6;24,4;20,5;18,8;13,3;77;69;77;334;4,1;2,4;
2023-09-05;1800;0;922,5;1017,1;923,1;922,4;501;26;23,3;19,9;24,3;23,3;20,7;19,5;13,2;83;75;81;316;4,1;2,8;
2023-09-05;1900;0;922,5;1017;922,6;922,4;313,8;25;23,4;20,2;23,5;23,2;20,4;19,7;13,1;84;79;82;215;4,1;,7;
2023-09-05;2000;0;922,4;1016,9;922,6;922,4;374,4;25;23,6;20,2;23,6;23,3;20,4;19,8;13,1;83;80;81;164;1,7;,8;
2023-09-05;2100;0;922,6;1017,2;922,6;922,4;229;25;23,2;20,5;24;23,2;20,8;20,1;13;85;80;85;92;1,5;,7;
2023-09-05;2200;0;923,1;1018,3;923,1;922,5;-2,9;24;21,7;20,1;23,2;21,7;20,7;20,1;12,8;91;85;90;183;1,3;,7;
2023-09-05;2300;0;923,5;1019;923,5;923,1;-3,5;23;20,9;19,8;21,9;20,8;20,6;19,7;12,8;94;90;94;151;1,7;1,4;
2023-09-06;0000;0;923,9;1019,8;923,9;923,5;-3,4;22;19,9;18,9;20,9;19,9;19,8;18,9;12,8;94;94;94;127;2,1;,6;
2023-09-06;0100;0;923,9;1020;924;923,8;-3,3;21;19,2;18,2;19,9;19,1;19;18,2;12,8;94;94;94;160;2,1;1;
2023-09-06;0200;0;924,1;1020,3;924,1;923,8;-3,5;20;19;18,1;19,5;18,9;18,6;18;12,8;94;94;94;152;2,7;1,4;
2023-09-06;0300;0;923,9;1020,1;924,1;923,8;-3,1;20;18,9;17,9;19,4;18,9;18,4;17,9;12,7;94;94;94;163;2,5;1,5;
2023-09-06;0400;0;923,4;1019,6;923,9;923,4;-3,1;20;18,9;17,9;19,3;18,6;18,3;17,6;12,7;94;94;94;142;2,4;,8;
2023-09-06;0500;0;923,3;1019,6;923,5;923,3;-3,3;19;18,5;17,5;18,9;18,1;17,9;17,1;12,7;94;94;94;150;1,8;,6;
2023-09-06;0600;,2;923,2;1019,8;923,3;923,1;-3,2;19;17,5;16,5;18,6;17,5;17,6;16,5;12,7;94;93;93;154;1,7;1;
2023-09-06;0700;0;923,1;1019,5;923,2;923,1;-3,5;19;18,1;16,9;19;17,4;17,9;16,4;12,6;94;92;92;158;2,7;1;
2023-09-06;0800;0;923,3;1019,3;923,3;923,1;-3,1;19;19,4;17,5;19,4;17,8;17,7;16,6;12,6;94;89;89;129;3,8;1,5;
2023-09-06;0900;0;923,9;1019,9;923,9;923,3;-3,5;19;19,4;17,2;19,6;19,2;17,5;17,1;12,6;89;87;87;109;4,8;1,8;
2023-09-06;1000;0;924,5;1020,4;924,5;923,8;113,9;19;20,1;17,5;20,1;19;17,5;17,1;13;90;85;85;111;4,7;1,7;
2023-09-06;1100;0;925,1;1020,4;925,1;924,5;796,6;21;21,9;18,2;21,9;20,1;18,2;17,4;13,6;85;79;80;107;5,2;2,2;
2023-09-06;1200;0;925,6;1020,6;925,6;925,1;1441,2;23;23;18;23,4;21,9;18,4;17,5;13,8;80;72;73;98;7;2,4;
2023-09-06;1300;0;925,6;1019,9;925,8;925,6;2271,3;25;25,1;18,1;25,1;23;18,8;17,4;13,8;75;64;65;104;10,9;2,5;
2023-09-06;1400;0;925,3;1018,9;925,6;925,3;2508,6;27;27;18,1;27;24,6;18,8;17;13,8;66;58;58;107;8,7;1,8;
2023-09-06;1500;0;924,7;1017,9;925,4;924,7;2818,8;28;28,1;18,5;28,1;25,5;18,5;16,7;13,7;63;52;56;119;6,7;2,3;
2023-09-06;1600;0;924;1017;924,7;924;2631,5;30;28,6;16,4;28,7;26,8;18,6;16,2;13,7;57;48;48;88;6,7;2,5;
2023-09-06;1700;0;923,2;1016,2;924;923,2;2111;30;28,2;15,8;28,8;27,6;17,6;15,8;13,6;52;47;47;85;6,7;2,1;
2023-09-06;1800;0;922,6;1015,2;923,2;922,6;2040,2;31;29,3;16,1;29,4;27,6;17;15,2;13,5;52;44;45;101;5,9;2,1;
2023-09-06;1900;0;922,6;1015,6;922,7;922,5;1746,2;31;28,1;15,7;29,5;28,1;16,9;15,1;13,1;48;43;47;103;6,3;2;
2023-09-06;2000;0;922,5;1015,8;922,7;922,5;900;30;27,3;15,4;28,4;27,2;16,2;14,9;13,1;49;45;48;108;7;1,9;
2023-09-06;2100;0;922,8;1016,9;922,8;922,5;154,6;28;24,7;15,7;27,3;24,7;16;15,3;12,9;58;48;58;129;5,3;1,4;
2023-09-06;2200;0;923,4;1018,1;923,4;922,8;-3,4;26;23,3;15,8;24,7;23,1;15,9;15,4;12,8;64;57;63;143;3,5;1,2;
2023-09-06;2300;0;923,8;1018,6;923,8;923,4;-3,5;24;22,9;15,8;23,3;22;16,1;15,7;12,8;69;63;64;112;4,1;2,1;
2023-09-07;0000;0;924,2;1019,3;924,2;923,7;-3,5;23;22,4;15,7;23;21,8;15,9;15,5;12,8;69;63;66;116;7,5;2,7;
2023-09-07;0100;0;924,6;1019,8;924,6;924,2;-3,5;23;22,1;15,6;22,7;22,1;15,8;15,6;12,8;67;65;67;118;7,5;2,6;
2023-09-07;0200;0;924,8;1020,3;924,8;924,5;-3,5;23;21,3;15,4;22,4;21,3;15,7;15,4;12,8;70;66;69;113;8,5;1,5;
2023-09-07;0300;0;924,8;1020,5;924,9;924,8;-3,5;22;20,6;14,8;21,4;20,6;15,5;14,8;12,8;70;68;70;113;6,9;1,8;
2023-09-07;0400;0;924,7;1020,6;925;924,7;-3,5;21;20;14,7;20,7;20;14,9;14,7;12,7;72;69;72;110;10,2;2,4;
2023-09-07;0500;0;924,4;1020,4;924,7;924,3;-3,5;21;19,6;14,2;20,1;19,4;14,7;14,2;12,7;73;71;71;93;10,2;2,7;
2023-09-07;0600;0;924,1;1020,3;924,4;924,1;-3,5;20;18,9;14,2;19,6;18,7;14,3;14,1;12,7;75;71;74;89;8,4;2,1;
2023-09-07;0700;0;924;1020,5;924,2;924;-3,5;19;18,1;14;19;18,1;14,2;13,9;12,7;77;74;77;137;7,2;1,1;
2023-09-07;0800;0;924,5;1021,2;924,5;923,9;-3,5;19;17,8;14;18,4;17,7;14,1;13,9;12,6;79;76;79;76;6,9;1,9;
2023-09-07;0900;0;925,3;1022,1;925,3;924,5;-3,5;18;17,7;14;17,9;17,4;14,1;13,9;12,6;80;78;79;77;5,6;2,4;
2023-09-07;1000;0;925,1;1021,8;925,4;925,1;85,3;18;17,9;14;18;17,5;14;13,9;12,8;79;77;78;109;9,1;2,9;
2023-09-07;1100;0;926;1022,2;926;925;531,8;19;19,5;14,4;19,5;17,9;14,9;14,1;13,4;79;73;73;76;8,5;3,3;
2023-09-07;1200;0;926,6;1022,5;926,6;926;1146,8;21;20,6;14,5;21,5;19,5;15,4;14,2;13,6;74;65;68;85;10;2,7;
2023-09-07;1300;0;926,6;1021,9;926,7;926,4;1544;23;22,4;14,2;22,5;20,5;15,4;13,9;14,1;69;60;60;73;9,4;3,1;
2023-09-07;1400;0;926;1020,5;926,6;925,9;2634,7;25;24,6;14,1;24,6;22,4;14,9;13,1;13,8;62;50;52;59;10;4;
2023-09-07;1500;0;924,8;1018,9;926;924,8;2876,6;27;25,3;13,1;26,4;23,7;14,4;11,8;13,7;54;42;47;91;9,1;3,4;
2023-09-07;1600;0;924,1;1017,8;924,9;924,1;3352,5;27;26,5;11,9;26,6;24,7;13,3;11,4;13,7;48;40;40;84;9,8;3,1;
2023-09-07;1700;0;923,1;1016,4;924,1;923,1;3099,6;29;27,4;11,3;27,8;25,9;12,9;10,4;13,7;42;35;37;60;9,3;3,4;
2023-09-07;1800;0;922,1;1015,1;923,1;922,1;2649,2;29;27,9;9,1;28;26,9;11,3;8;13,7;37;30;31;90;10;2,9;
2023-09-07;1900;0;921,8;1014,9;922,1;921,8;1910,4;30;27,5;8,7;27,9;27,2;9,5;7,9;13,7;32;30;31;81;9;2,4;
2023-09-07;2000;0;921,9;1015,4;921,9;921,7;1080,6;29;26,5;8;27,5;26,5;9;7,5;13,2;32;29;31;75;8,4;2,2;
2023-09-07;2100;0;922;1016,3;922;921,9;274,2;28;24;8,9;26,6;24;9;7,4;12,9;38;31;38;79;6,2;1,1;
2023-09-07;2200;0;922,5;1018,1;922,5;922;-3,4;24;20,2;10,3;24;20,2;10,4;8,8;12,8;53;38;53;46;3,6;1;
2023-09-07;2300;0;922,8;1018,9;922,8;922,5;-3,5;21;18,8;10,7;20,4;18,7;10,8;10,2;12,8;60;52;59;65;2,6;,8;
2023-09-08;0000;0;923,3;1019,8;923,3;922,8;-3,5;19;17,9;10,2;19,1;17,9;10,5;10,1;12,8;61;57;61;29;2,4;1,2;
2023-09-08;0100;0;923,5;1020,6;923,5;923,3;-3,5;18;16,2;10,7;18;16,2;10,8;10,1;12,8;70;61;70;145;3,1;2,2;
2023-09-08;0200;0;923,6;1021,2;923,7;923,5;-3,5;17;15;10,6;16,2;14,7;10,8;10,6;12,7;77;70;75;150;3,2;2;
2023-09-08;0300;0;923,4;1021,4;923,6;923,4;-3,5;16;13,8;10,5;15;13,8;10,6;10,4;12,7;81;75;81;147;2,6;1,1;
2023-09-08;0400;0;922,9;1020,8;923,4;922,9;-3,5;15;13,7;10,5;14,3;13,7;10,8;10,5;12,7;82;79;81;151;2,8;2;
2023-09-08;0500;0;922,8;1020,5;922,9;922,7;-3,5;15;14,3;10,5;15,4;13,6;11;10,4;12,7;82;73;78;64;2,6;,8;
2023-09-08;0600;0;922,2;1018,9;922,8;922,2;-3,5;15;17,1;11,1;17,4;14,3;11,2;10,5;12,7;78;67;68;87;5,2;2;
2023-09-08;0700;0;922;1018,3;922,2;921,9;-3,5;17;18;11,4;18,1;17,1;11,4;11,1;12,6;68;65;65;77;5,9;2,4;
2023-09-08;0800;0;922,2;1018,7;922,2;921,9;-3,5;17;17,6;11,4;18;17,5;11,5;11,3;12,6;68;65;67;77;7,6;1,9;
2023-09-08;0900;0;922,6;1019,1;922,7;922,2;-3,5;17;17,7;11,5;17,8;17,4;11,7;11,4;12,6;68;67;67;69;6,5;2,1;
2023-09-08;1000;0;923;1019,1;923;922,6;115,5;18;18,9;12;18,9;17,5;12;11,5;13;68;64;64;79;8,1;2,3;
2023-09-08;1100;0;923,6;1019,2;923,6;923;920,6;20;20,7;12,6;20,7;18,9;13;11,9;13,8;65;60;60;73;8,3;3,2;
2023-09-08;1200;0;924;1019,1;924;923,6;1758,6;22;22,2;12,8;22,5;20,5;13,3;12,4;13,9;61;54;55;61;10,6;3,7;
2023-09-08;1300;0;924;1018,4;924,2;924;2503,4;24;24,2;13;24,8;22,2;14,1;12,3;13,8;56;48;50;64;9,6;3,2;
2023-09-08;1400;0;923,4;1016,9;924;923,4;3039,8;27;26,7;13,1;27,2;24,2;13,7;12,1;13,7;50;40;43;43;8,4;3,8;
2023-09-08;1500;0;922,9;1015,8;923,4;922,8;3294;28;28,5;11,5;28,5;26,5;13;10,6;13,6;43;34;35;19;8,7;4,3;
2023-09-08;1600;0;921,9;1014,6;922,9;921,9;3285;30;28,7;10,2;29,2;27,8;11,2;10;13,6;35;31;32;10;8,7;3;
2023-09-08;1700;0;920,9;1013,3;921,9;920,9;3115,8;31;29,3;10,1;29,9;27,8;11,6;9,6;13,5;34;30;30;31;6,5;3,8;
2023-09-08;1800;0;919,9;1012,1;920,9;919,9;2507;31;29,9;10,7;30,3;28;11;8,9;13,6;33;27;31;1;7,4;2,2;
2023-09-08;1900;0;919,6;1011,8;919,9;919,5;1939;32;29,7;8,1;30,2;29,3;10,5;7,5;13,6;31;25;26;34;7;2,2;
2023-09-08;2000;0;919,7;1012,3;919,7;919,5;1115,6;32;28,6;9,1;30;28,6;9,7;7,6;13,1;30;25;30;44;5,4;2,3;
2023-09-08;2100;0;919,9;1013,4;919,9;919,6;281,3;30;25,7;9,9;28,6;25,7;10,4;9;12,9;38;30;37;50;5;1,5;
2023-09-08;2200;0;920,7;1015,6;920,7;919,9;-3,3;26;21,9;11;25,7;21,9;11,3;9,5;12,8;50;36;50;143;2,9;,7;
2023-09-08;2300;0;921,4;1016,3;921,4;920,7;-3,5;23;22,1;11,8;22,7;21,2;11,8;10,9;12,8;54;47;52;146;3,6;1,6;
2023-09-09;0000;0;921,9;1017;921,9;921,4;-3,5;22;21,6;12,5;22,1;21,1;12,6;11,8;12,8;58;52;56;122;3,8;1,6;
2023-09-09;0100;0;922,7;1018,1;922,8;921,9;-3,5;22;20,9;12,5;21,6;20,7;12,6;12,4;12,8;60;56;59;155;3,8;1,5;
2023-09-09;0200;0;922,7;1018,5;922,7;922,6;-3,5;21;19,7;12,5;21,1;19,6;12,6;12,4;12,8;63;58;63;143;3;1,1;
2023-09-09;0300;0;922,7;1018,9;922,8;922,7;-3,5;20;18,7;12,3;19,8;18,7;12,6;12,2;12,7;66;63;66;141;3,2;1,5;
2023-09-09;0400;0;922,1;1018,2;922,8;922,1;-3,5;20;18,8;11,9;19;18,2;12,4;11,9;12,7;67;64;64;143;4,2;1,9;
2023-09-09;0500;0;921,7;1017,8;922,1;921,7;-3,5;19;18,7;11,6;19,3;18,6;11,9;11,6;12,7;64;62;63;140;4,2;1,8;
2023-09-09;0600;0;921,6;1017,9;921,7;921,5;-3,5;19;18,1;11,6;19;18;11,7;11,5;12,7;66;63;66;148;4,1;1,5;
2023-09-09;0700;0;921,8;1018,1;921,8;921,5;-3,5;19;17,9;11,6;18,3;17,6;11,6;11,4;12,7;67;65;67;130;3,1;1,4;
2023-09-09;0800;0;922,1;1018,6;922,1;921,7;-3,5;18;17,5;11,4;17,9;17;11,7;11,4;12,6;70;66;67;140;3,2;1,9;
2023-09-09;0900;0;922,4;1019,1;922,4;922,1;-3,5;18;17,2;11,2;18;16,8;11,5;11,1;12,6;69;65;68;144;3,8;1,7;
2023-09-09;1000;0;922,9;1019,4;922,9;922,4;102,1;18;17,9;11,1;17,9;17,1;11,1;10,8;12,9;68;63;64;136;4,5;2;
2023-09-09;1100;0;923,3;1018,9;923,4;922,9;888,8;20;20,5;11;20,6;17,9;11,1;10,5;13,6;64;53;55;123;4,8;2;
2023-09-09;1200;0;924,4;1019,1;924,4;923,3;1734,9;23;23,4;10,9;23,4;20,5;11,4;10;13,8;55;44;46;174;4,8;1,2;
2023-09-09;1300;0;924,2;1018,5;924,6;924,2;2480,7;25;24,7;10,7;25,3;23,4;11,1;9,9;13,7;46;39;41;294;5,9;2,9;
2023-09-09;1400;0;923,9;1017,7;924,2;923,9;3021,4;27;26,2;11,3;26,4;24,3;11,7;9,7;13,7;42;37;40;309;6,8;2;
2023-09-09;1500;0;923,4;1016,7;923,9;923,4;3268,5;28;27,3;10,4;27,8;25,8;12,3;10,2;13,7;42;34;35;309;6;1,5;
2023-09-09;1600;0;922,8;1015,6;923,4;922,8;3270,7;30;28,9;10,5;28,9;27,1;11,9;9,8;13,5;38;31;32;277;6,6;3,8;
2023-09-09;1700;0;922;1014,4;922,8;922;2918,9;30;29,9;9,6;29,9;27,9;10,8;9,2;13,5;34;28;28;261;7,3;3,6;
2023-09-09;1800;0;921,4;1014,1;922;921,3;1916;31;28,8;9,7;30,6;28,6;10,3;8,7;13;31;27;30;277;7,4;3,2;
2023-09-09;1900;0;921,3;1013,9;921,4;921,2;1218,1;30;29;10,8;29,3;28,1;11,1;9,5;13,5;34;30;32;252;7,8;4,6;
2023-09-09;2000;0;922,1;1016,1;922,2;921,3;317,9;28;25;13,8;29;25;14;10,2;13;50;32;50;220;10,9;5,5;
2023-09-09;2100;0;922,6;1017,2;922,6;922,1;257,4;26;23,2;13,6;25;23,2;14,2;13,6;12,9;55;50;55;198;10,9;4;
2023-09-09;2200;0;923,1;1018,1;923,1;922,6;-2,9;24;22,3;13,6;23,2;22,3;13,6;13,2;12,8;58;55;58;173;7,6;1,8;
2023-09-09;2300;0;923,5;1018,7;923,5;923,1;-3,5;23;21,7;12,6;22,3;21,5;13,8;12,6;12,8;61;56;56;158;5,6;2,3;
2023-09-10;0000;0;923,6;1019;923,8;923,5;-3,3;23;21,2;11,7;21,7;21,1;12,6;11,6;12,8;57;54;54;176;5,3;1,7;
2023-09-10;0100;0;923,5;1018,9;923,6;923,5;-3,2;22;21,1;12,2;21,8;20,9;12,2;11,1;12,8;58;51;57;356;3,9;,7;
2023-09-10;0200;0;923,2;1018,8;923,5;923,2;-3,2;22;20,5;12,2;21,1;20,3;13,2;12;12,8;63;56;59;69;1,8;,7;
2023-09-10;0300;0;922,6;1018,3;923,2;922,6;-3,3;21;20;12,3;20,7;19,6;13,6;12;12,7;68;58;61;128;3,2;,9;
2023-09-10;0400;0;922,3;1018,4;922,6;922,3;-3,5;20;18,9;12,4;20;18,9;12,5;12,2;12,7;66;61;66;143;3,8;1,8;
2023-09-10;0500;0;922,3;1018,4;922,3;922,2;-3,5;20;18,7;12,4;19,2;18,5;12,6;12,3;12,7;68;65;67;199;4,6;2,8;
2023-09-10;0600;0;922,1;1018,8;922,4;922,1;-3,5;19;17,1;12,7;18,7;17,1;12,7;12,4;12,7;75;67;75;111;3,9;1;
2023-09-10;0700;0;921,7;1018,7;922,1;921,7;-3,5;18;15,9;12,8;17,2;15,8;12,9;12,6;12,7;82;75;82;133;2,5;1;
2023-09-10;0800;0;921,7;1019,1;921,7;921,4;-3,5;17;14,8;12,7;16;14,7;12,9;12,3;12,6;87;82;87;139;2,1;1,5;
2023-09-10;0900;0;922,1;1019,1;922,1;921,6;-3,2;16;16;12,9;16;14,6;13;12,4;12,6;88;82;82;131;3,4;1,3;
2023-09-10;1000;0;922,6;1019,3;922,6;922,1;214,3;17;17;13,3;17,3;15,8;13,8;12,8;13,2;83;78;79;151;3,1;,9;
2023-09-10;1100;0;923,3;1018,8;923,3;922,6;626;18;20,7;14,3;20,7;17;14,7;13,3;13,8;79;67;67;144;3,3;1,5;
2023-09-10;1200;0;924,1;1018,8;924,1;923,3;1655,3;23;23,3;13,5;23,8;20,7;14,8;13,5;13,6;68;54;54;115;3,9;1,3;
2023-09-10;1300;0;924,4;1018,6;924,4;924,1;1795,6;25;25,1;11,9;25,7;23,2;14,5;11,5;13,8;57;42;44;99;5,2;1,9;
2023-09-10;1400;0;924;1017,6;924,4;923,9;3016,6;27;26,7;11,2;27,7;25,1;13,2;10,6;13,6;46;35;38;91;5,5;2,2;
2023-09-10;1500;0;923,6;1016,4;924;923,6;3268,2;29;29;10,9;29;26,8;11,4;8,7;13,6;38;29;33;253;5,5;1,6;
2023-09-10;1600;0;922,6;1015,3;923,6;922,6;3120,9;31;29,2;9,5;29,9;27,9;11;8,7;13,5;32;28;29;141;4,4;1,4;
2023-09-10;1700;0;921,9;1014,4;922,6;921,9;2734,3;32;29,6;9,1;30,1;29;10,4;8,5;13,6;31;27;28;88;5,3;1,9;
2023-09-10;1800;0;921,3;1013,4;921,9;921,3;2545,7;33;30,6;10;31;29,3;10,4;8,5;13,5;31;26;28;256;4,3;1,1;
2023-09-10;1900;0;921,2;1013,7;921,3;921,2;1083,6;32;29,3;9,9;30,6;28,8;10,9;9,1;13,2;32;27;30;114;4,4;1,3;
2023-09-10;2000;0;921,3;1013,9;921,3;921,2;853,3;31;29,1;10,2;29,6;28,9;10,5;9;13,1;32;28;31;116;3,8;1,3;
2023-09-10;2100;0;921,6;1015,2;921,6;921,3;217,2;30;25,9;11,5;29,2;25,9;12,4;9,8;12,9;42;30;41;89;4,1;,4;
2023-09-10;2200;0;922;1016,5;922;921,6;-2,8;26;23,3;11;25,9;22,8;12,1;10,9;12,8;52;41;46;123;2,3;,9;
2023-09-10;2300;0;922,5;1018;922,5;922;-3,5;24;20,6;13,2;23,5;20,4;13,4;11,1;12,8;64;46;63;145;2,9;1,4;
2023-09-11;0000;0;922,6;1017,9;922,6;922,4;-3,5;22;21,1;12,1;21,7;19;13,2;11,9;12,8;67;54;56;168;2,9;1,3;
2023-09-11;0100;0;922,9;1018,7;922,9;922,6;-3,5;21;19,7;12;21,1;18,4;12,6;12;12,8;69;57;61;146;2,9;1,9;
2023-09-11;0200;0;922,9;1019,2;922,9;922,8;-3,5;20;18,3;11,7;19,8;18;12;11,5;12,8;68;59;65;147;2,9;1,8;
2023-09-11;0300;0;922,8;1019,8;922,9;922,7;-3,5;19;16,3;11,7;18,3;16,3;11,8;11,6;12,7;74;65;74;164;2,6;1,4;
2023-09-11;0400;0;922,5;1018,4;922,8;922,5;-3,5;19;19,5;11;19,5;16,2;11,9;11;12,7;75;58;58;124;5,3;1,3;
2023-09-11;0500;0;922,1;1018,1;922,5;922,1;-3,5;19;18,9;10,5;19,8;18,9;11;10,4;12,7;58;56;58;122;4,9;1,4;
2023-09-11;0600;0;921,6;1018,2;922,1;921,6;-3,5;19;17,1;10,6;18,9;17;10,7;10,5;12,7;66;58;66;134;4,1;1,6;
2023-09-11;0700;0;921,4;1017,6;921,6;921,4;-3,5;18;18,3;10,4;18,3;17,1;10,7;10,3;12,6;66;60;60;126;4,7;1,8;
2023-09-11;0800;0;921,4;1018;921,4;921,3;-3,5;18;17,1;10,6;18,4;16,9;10,6;10,3;12,6;66;60;66;141;5;2,2;
2023-09-11;0900;0;921,9;1018,7;921,9;921,4;-3,5;18;16,7;10,4;17,7;16,7;10,6;10,3;12,6;66;63;66;121;7;1,8;
2023-09-11;1000;0;922,4;1018,8;922,4;921,9;142,4;18;17,8;10,6;17,8;16,7;10,7;10,3;13;66;63;63;142;5,2;2,2;
2023-09-11;1100;0;923,1;1018,5;923,1;922,4;971,1;20;21,1;10;21,3;17,8;10,6;10;13,8;63;49;49;108;8,3;2,9;
2023-09-11;1200;0;923,5;1017,9;923,5;923,1;1815,6;23;24,2;9,4;24,2;21;11;8,9;13,8;51;39;39;92;9;2;
2023-09-11;1300;0;923,5;1017,3;923,7;923,5;2563,3;25;25,8;8,5;25,8;23,8;10;8,3;13,7;41;33;34;103;7,6;2,5;
2023-09-11;1400;0;923,1;1016,6;923,6;923,1;3113,7;27;26,8;8;27,8;25,1;9,4;7,7;13,7;35;29;30;69;8,8;3,2;
2023-09-11;1500;0;922,5;1015,6;923,1;922,5;3385;28;27,8;7,1;28,4;26,3;8,7;6,9;13,6;32;26;27;93;8,5;2,6;
2023-09-11;1600;0;921,5;1014,3;922,5;921,5;3395;30;28,3;8,2;29,1;26,9;9,2;7;13,5;31;27;28;62;7,7;3,2;
2023-09-11;1700;0;920,8;1013,1;921,5;920,8;3142,6;31;29,7;8,9;29,7;27,8;9;6,9;13,6;29;25;27;57;8,1;3,2;
2023-09-11;1800;0;920,2;1012,5;920,9;920,2;2658,8;31;29,5;8,1;30;28,1;9,1;6,4;13,5;29;24;26;54;8,1;2,9;
2023-09-11;1900;0;919,9;1012,2;920,2;919,9;1942,6;31;29,6;8,6;30;28,7;9,2;6,2;13,6;28;23;27;94;6,8;1,6;
2023-09-11;2000;0;920,1;1012,9;920,2;919,9;1106,8;31;28,1;7,2;29,6;28,1;8;6,4;13,1;28;24;27;82;4,8;1,2;
2023-09-11;2100;0;920,4;1014,3;920,4;920,1;289,9;29;24,7;7,8;28,1;24,7;8,1;6,6;12,9;34;26;34;95;4,2;,6;
2023-09-11;2200;0;920,7;1015,7;920,7;920,4;-3,3;25;21,4;9,4;24,7;21,2;9,5;7,8;12,8;47;34;46;158;2;,6;
2023-09-11;2300;0;921,1;1016,5;921,1;920,7;-3,5;22;20,5;9,9;21,5;19,6;10,3;9,4;12,8;55;46;51;131;2,1;1,1;
2023-09-12;0000;0;921,6;1016,9;921,6;921,1;-3,5;21;20,8;9,5;21,3;20,1;9,9;9,3;12,8;51;46;48;80;4,1;1,1;
2023-09-12;0100;0;921,7;1016,9;921,8;921,6;-3,5;20;21,1;9,3;21,6;20,1;9,8;9,2;12,8;51;46;47;73;3,7;1,4;
2023-09-12;0200;0;921,5;1017,3;921,7;921,5;-3,5;20;19,5;9,3;21,3;19,4;9,5;9,1;12,8;52;46;52;139;4;,7;
2023-09-12;0300;0;921,4;1017,3;921,6;921,4;-3,5;20;19;9,5;20;19;9,7;9,3;12,7;54;51;54;129;3,6;,7;
2023-09-12;0400;0;921,2;1017,1;921,4;921,1;-3,5;19;18,9;9,6;19,4;18,7;9,6;9,4;12,7;55;53;55;146;4,5;1,8;
2023-09-12;0500;0;920,8;1016,9;921,2;920,6;-3,5;19;18,3;10,2;19;18,1;10,2;9,5;12,7;59;54;59;134;4,6;1,9;
2023-09-12;0600;0;920,5;1016,6;920,8;920,4;-3,5;19;18,3;10,3;19,2;18,2;10,5;10,1;12,7;60;56;60;125;7,2;2,5;
2023-09-12;0700;0;920,4;1016,5;920,5;920,3;-3,5;19;18,2;10,3;18,7;17,9;10,4;10,2;12,7;61;58;60;121;6;2,6;
2023-09-12;0800;0;920,7;1017;920,7;920,3;-3,5;18;17,8;10,2;18,3;17,6;10,3;10,2;12,6;62;60;61;125;6,4;2,9;
2023-09-12;0900;0;921,6;1017,9;921,6;920,7;-3,5;18;17,9;10,2;18,2;17,6;10,3;10;12,6;62;60;61;115;7,6;2,5;
2023-09-12;1000;0;922,6;1018,8;922,6;921,6;156,7;18;18,6;10,3;18,6;17,7;10,3;10;13,1;61;58;59;115;7,2;2,7;
2023-09-12;1100;0;923,7;1019,2;923,7;922,7;975,9;20;21;10,8;21;18,6;10,8;10,1;13,8;59;51;52;117;7,8;2,6;
2023-09-12;1200;0;924;1018,5;924;923,7;1822,3;23;23,9;10,5;23,9;21;11,1;10,1;13,8;52;43;43;110;7,9;2,3;
2023-09-12;1300;0;924;1018;924,1;924;2552;25;25,4;10;25,5;23,9;11;9,2;13,7;44;37;38;119;5,9;2,2;
2023-09-12;1400;0;923,3;1016,4;924;923,3;3068,2;28;28,1;9,7;28,5;25,4;11,3;9,1;13,6;39;31;32;100;6,7;2;
2023-09-12;1500;0;922,5;1015,2;923,3;922,5;3345;30;29,1;7,3;30,1;27,8;10,9;7,3;13,6;33;25;25;51;7,2;3;
2023-09-12;1600;0;921,5;1013,8;922,5;921,5;3346,2;31;30;7,1;30,3;28,3;8,3;6,3;13,6;28;23;24;329;6,8;3,5;
2023-09-12;1700;0;920,6;1012,7;921,5;920,5;3135,6;32;30,3;4,7;31,3;29;6,6;4,7;13,5;24;20;20;353;7,2;2,5;
2023-09-12;1800;0;919,9;1012,1;920,6;919,8;2589,9;32;29,9;5,5;31,2;29,7;6,3;3,9;13,3;22;19;22;40;5,9;1,9;
2023-09-12;1900;0;919,3;1011,3;919,9;919,3;1748,9;32;30,2;6,6;30,6;29,3;7,5;5,5;13,6;24;22;23;46;5,5;1,6;
2023-09-12;2000;0;919,3;1011,5;919,3;919,2;1093,3;32;29,5;6,9;30,8;29,5;7,8;5,7;13,1;25;21;24;28;5,4;2,1;
2023-09-12;2100;0;919,4;1012,6;919,4;919,3;276,6;31;26,5;7,7;29,6;26,4;9,7;6,8;12,9;34;24;30;133;3,9;,6;
2023-09-12;2200;0;919,9;1014,4;919,9;919,4;-3,2;27;22,7;9,6;26,6;22,7;9,6;7,3;12,8;43;30;43;129;1,9;1,3;
2023-09-12;2300;0;920,2;1015,7;920,2;919,9;-3,5;23;19,8;10;22,7;19,8;10,2;9,6;12,8;53;43;53;145;2,5;1,6;
2023-09-13;0000;0;920,7;1016,6;920,7;920,2;-3,5;21;18,8;9,9;19,9;18,7;10;9,8;12,8;56;53;56;143;2,8;1,7;
2023-09-13;0100;0;921;1016,6;921;920,7;-3,5;20;19,9;9,3;19,9;17,9;10;9,3;12,8;60;50;50;147;3,3;1,5;
2023-09-13;0200;0;921,3;1016,7;921,3;921;-3,5;20;20,5;8,7;20,7;19,7;9,3;8,6;12,8;51;46;47;139;3,2;1,9;
2023-09-13;0300;0;921;1016,5;921,3;920,9;-3,5;20;20;8,7;20,6;19,9;8,8;8,5;12,7;48;46;48;130;3,7;1,6;
2023-09-13;0400;0;920,5;1016;921;920,5;-3,5;20;19,9;8,7;20,3;19,6;8,8;8,6;12,7;50;47;48;156;3,7;1,2;
2023-09-13;0500;0;919,9;1015,4;920,5;919,9;-3,5;20;19,7;8,4;20,1;19,4;8,8;8,4;12,7;50;47;48;146;3,3;1,8;
2023-09-13;0600;0;919,3;1014,9;919,9;919,3;-3,5;20;19,2;8,5;19,8;18,5;8,8;8,5;12,7;53;48;50;143;3,2;1,9;
2023-09-13;0700;0;919,2;1014,9;919,3;919,2;-3,5;19;18,9;8,4;19,3;18,7;8,5;8,4;12,7;51;49;50;150;3,5;1,8;
2023-09-13;0800;0;918,9;1014,6;919,1;918,9;-3,5;19;18,8;8,4;19,4;18,8;8,4;8,2;12,6;51;48;51;153;3,7;2,1;
2023-09-13;0900;0;919,1;1015;919,1;918,9;-3,5;19;18,4;8,3;19;18,4;8,4;8,3;12,6;52;50;52;147;4,1;2;
2023-09-13;1000;0;919,8;1015,4;919,8;919,1;162,9;19;19,6;8,9;19,6;18,1;9,1;8,3;13;54;50;50;149;4,1;1,7;
2023-09-13;1100;0;920,5;1014,9;920,5;919,8;951,8;21;23,1;10;23,1;19,6;10;9;13,7;51;43;44;120;4;1,6;
2023-09-13;1200;0;920,8;1014,6;920,8;920,5;1782,4;24;25,2;9,8;25,6;23,1;10,3;9;13,8;44;36;38;124;4,9;1,9;
2023-09-13;1300;0;920,6;1013,2;920,9;920,6;2506,3;27;28,8;9,6;28,9;25,1;10,8;9,2;13,6;38;30;30;92;5,5;2,1;
2023-09-13;1400;0;920,1;1012,1;920,6;920;3022,3;30;30,3;8,8;31;28,8;10,6;8,5;13,5;31;26;26;25;7,5;3,8;
2023-09-13;1500;0;919,1;1010,5;920,1;919,1;3277,5;32;31,9;9,3;32,8;30,1;10,8;8,3;13,5;27;24;25;350;8,2;3,9;
2023-09-13;1600;0;918;1008,8;919,1;917,9;3285,2;33;33,5;7,9;33,8;31,2;9,7;7,2;13,5;26;20;21;326;8,5;3,9;
2023-09-13;1700;0;916,8;1007,8;918;916,8;3018,3;34;32,5;8,3;33,7;32,1;8,9;6,9;13,5;23;19;22;326;8,7;2,9;
2023-09-13;1800;0;915,9;1006,4;916,9;915,9;2155,4;34;33,9;7,8;34,4;32,2;9,2;7,5;13,5;23;20;20;313;7,7;3;
2023-09-13;1900;0;915,5;1006;915,9;915,5;2022,5;35;33,9;8,3;34,4;33;8,6;7,4;13,5;22;20;21;310;7,8;3,2;
2023-09-13;2000;0;915,8;1006,8;915,8;915,5;1104,6;35;32,2;8,4;33,9;32,2;9;7,7;13,1;23;21;23;323;7;2,9;
2023-09-13;2100;0;916,3;1008,4;916,3;915,7;236;33;29;9,9;32,5;29;9,9;8,2;12,9;31;22;31;331;5,3;,8;
2023-09-13;2200;0;916,8;1010,2;916,8;916,3;-3,4;29;25,1;11,8;29;25;12,7;9,5;12,8;44;31;43;149;1,7;1,2;
2023-09-13;2300;0;917,3;1011,6;917,3;916,8;-3,5;26;22,6;12,6;25,2;22,6;12,8;11,7;12,8;54;43;53;156;2,5;1,1;
2023-09-14;0000;0;917,8;1012,6;917,8;917,3;-3,5;24;21,1;13;22,7;21,1;13;12,7;12,8;60;53;60;155;2,8;1,4;
2023-09-14;0100;0;918,3;1013,4;918,3;917,8;-2,9;23;20,5;13,2;21,1;20,5;13,2;12,8;12,8;63;59;63;153;2,4;1;
2023-09-14;0200;0;918,1;1013,5;918,4;918,1;-2,2;22;19,4;13,2;20,9;19,4;13,3;12,9;12,8;68;61;68;159;2,1;1,3;
2023-09-14;0300;0;919,4;1013,4;919,5;918;-3,2;22;24,1;14,1;24,1;19,3;14,1;11,9;12,7;68;49;54;233;12;4,8;
2023-09-14;0400;0;919,7;1014,3;919,7;919,4;-3,5;23;22,4;15,2;24,1;22,4;15,7;14,2;12,7;64;54;64;242;10;4,9;
2023-09-14;0500;0;919,6;1014,7;919,7;919,5;-3,5;23;21;14,8;22,4;20,9;15,3;14,7;12,7;68;64;68;260;9,2;2,7;
2023-09-14;0600;0;919;1014,1;919,6;918,8;-3,5;22;20,8;14,1;21,4;20,6;14,7;14;12,7;68;64;65;243;7,5;3;
2023-09-14;0700;0;918,9;1014,8;919;918,8;-3,5;21;18,4;14,1;20,8;18,4;14,2;13,8;12,7;76;65;76;308;6,5;1;
2023-09-14;0800;0;919,2;1015,1;919,3;918,9;-3,3;20;18,3;14;19,2;18,2;14,5;13,9;12,6;77;73;76;25;2,7;1;
2023-09-14;0900;0;919,6;1015,8;919,6;919,2;-2,7;19;17,8;14,5;18,9;17,4;14,6;14;12,6;83;75;82;159;2,5;,9;
2023-09-14;1000;0;920;1016,2;920;919,6;120,9;19;17,9;14,7;18,1;17,3;15,1;14,4;12,9;84;81;82;146;1,6;,8;
2023-09-14;1100;0;920,5;1015,9;920,5;920;629,3;20;20,3;14,9;20,5;17,8;15,3;14,5;13,4;83;71;71;146;1,5;1;
2023-09-14;1200;0;920,8;1014,9;920,8;920,5;1526,4;23;24,1;14,8;24,1;20,3;15,3;14,4;13,8;72;55;56;100;2,3;1;
2023-09-14;1300;0;921;1014,7;921;920,8;2079,3;27;25,6;13,3;26,7;24,1;15,3;12,6;13,6;56;43;47;322;4,4;1,9;
2023-09-14;1400;0;920,9;1014,3;921,2;920,9;1769;28;26,5;12,3;27,3;25,6;13,6;12;13,7;47;40;41;282;5;2,2;
2023-09-14;1500;0;920,7;1013,7;920,9;920,6;1988,2;29;27,6;13,1;28,3;26,6;13,7;12,2;13,6;42;38;41;292;5,5;3,2;
2023-09-14;1600;0;920,7;1014;920,8;920,6;1355,8;29;26,7;12,4;28,4;26,7;13,4;11,5;13,3;42;36;41;241;9;4,7;
2023-09-14;1700;0;920,8;1014,5;920,9;920,7;495,2;28;25,4;13,3;26,9;25,3;13,6;11,9;13,2;48;40;47;264;9,2;5,2;
2023-09-14;1800;0;921,2;1015,4;921,2;920,7;309,8;26;24,1;14,7;25,4;23,9;14,7;13,3;13,1;56;47;56;256;9,2;4,7;
2023-09-14;1900;0;921,4;1016;921,5;921,2;366,7;25;22,8;14,8;24,1;22,8;15,2;14,6;13;61;56;61;244;9,3;3,9;
2023-09-14;2000;0;921,7;1016,7;921,7;921,3;280,2;24;21,7;15,3;22,9;21,7;15,4;14,7;13;67;60;67;218;5,9;3,6;
2023-09-14;2100;0;921,8;1017,2;921,9;921,7;95,5;23;20,6;15,4;21,7;20,6;15,4;15,3;12,8;72;67;72;223;5,3;2,4;
2023-09-14;2200;,2;922;1017,9;922,2;921,7;-2,1;22;19,3;16,2;20,6;19,3;16,4;15,3;12,8;83;72;82;317;4,3;1;
2023-09-14;2300;,4;922,3;1018,5;922,3;921,8;-3,3;21;18,5;16,6;19,3;18,4;16,8;16,2;12,8;90;82;89;268;2,6;1,9;
2023-09-15;0000;,4;922,3;1018,7;922,4;922,3;-3,1;20;17,9;16,8;18,5;17,9;16,9;16,6;12,8;93;89;93;139;2,6;,6;
2023-09-15;0100;0;922,4;1018,8;922,6;922,2;-2,8;19;17,8;16,7;18;17,7;17;16,7;12,7;94;93;94;180;1,5;,6;
2023-09-15;0200;0;922,8;1019,4;922,9;922,3;-3,2;19;17,5;16,4;17,8;17,5;16,8;16,4;12,7;94;93;93;223;2,6;1,9;
2023-09-15;0300;0;922,8;1019,3;923;922,7;-2;19;17,8;16,6;18;17,5;16,9;16,4;12,7;94;92;93;304;2,5;1,1;
2023-09-15;0400;0;922,5;1019;922,9;922,4;-2,2;19;17,8;16,5;17,9;17,7;16,7;16,4;12,7;94;91;92;266;4,3;2,8;
2023-09-15;0500;0;922,1;1018,8;922,6;922,1;-1,8;19;17,1;16,1;17,8;17,1;16,4;16,1;12,7;93;91;93;205;4,3;2,5;
2023-09-15;0600;0;921,6;1018,3;922,1;921,6;-2,1;18;16,8;15,8;17,1;16,8;16,1;15,8;12,7;94;93;94;198;4,8;1,4;
2023-09-15;0700;0;921,3;1018;921,6;921,3;-2,1;18;16,8;15,5;16,8;16,7;15,8;15,5;12,6;94;93;93;209;3,9;1,5;
2023-09-15;0800;0;920,9;1017,6;921,3;920,9;-2,1;18;16,6;15,3;16,7;16,6;15,6;15,3;12,6;93;92;92;211;2,8;,8;
2023-09-15;0900;0;921,3;1018,2;921,3;920,9;-1,4;18;16,3;15,1;16,6;16,3;15,3;15,1;12,6;93;92;93;204;3,1;1,2;
2023-09-15;1000;0;921,4;1018,1;921,4;921,2;113,3;17;16,7;15,5;16,7;16,3;15,5;15,1;12,9;93;92;93;28;2,7;,9;
2023-09-15;1100;0;922,5;1019;922,5;921,4;657,8;19;17,8;14,9;18,2;16,6;16;14,5;13,2;93;82;83;331;3;1,1;
2023-09-15;1200;0;922,6;1018,6;922,7;922,3;795,7;20;19;15,1;19;17,8;15,6;14,6;13,8;84;77;78;29;2,7;1,4;
2023-09-15;1300;0;923;1018,3;923;922,5;1922,2;22;21,4;16,1;21,4;18,8;16,1;14,4;13,8;78;68;72;191;4,4;2,3;
2023-09-15;1400;0;923;1018;923,1;923;2978,6;24;22,2;14,4;23,1;20,8;16;13,9;13,8;72;59;61;206;5;2,1;
2023-09-15;1500;0;922,2;1016,4;923;922,2;3379,5;25;24,3;13,3;24,4;22,3;15,1;12,7;13,8;62;49;50;251;6,1;1,7;
2023-09-15;1600;0;921,1;1014,5;922,2;921,1;3373;27;26,4;12,9;26,4;23,9;13,6;11,1;13,7;51;39;43;174;4,9;1,6;
2023-09-15;1700;0;919,8;1012,5;921,1;919,8;3160,1;28;28,2;9,5;28,2;25,5;11,7;8,8;13,7;43;31;31;268;6,2;2,2;
2023-09-15;1800;0;919,5;1012,4;919,8;919,4;2669,3;30;27,6;8,4;28,9;26,9;10,2;7,6;13,5;33;28;30;237;4,9;1,7;
2023-09-15;1900;0;919,1;1011,7;919,5;919,1;1941,7;30;28,2;9,6;28,6;27,4;10,5;8,8;13,8;34;30;31;235;4,9;2,6;
2023-09-15;2000;0;919,5;1012,5;919,5;919,1;1115,2;30;27,1;8,9;28,5;27,1;9,9;8,3;13,1;32;29;32;233;4,8;2,8;
2023-09-15;2100;0;919,8;1014,2;919,8;919,5;292,7;27;23;10,9;27,1;23;10,9;8,8;12,9;46;32;46;221;5,2;3,3;
2023-09-15;2200;0;920,4;1015,3;920,4;919,8;-2,3;24;21,6;9,8;23;21,6;11,1;9,5;12,8;49;46;47;175;4,7;1,9;
2023-09-15;2300;0;920,9;1016,4;920,9;920,4;-3,5;22;20,1;8,6;21,9;19,9;9,7;8,6;12,8;50;44;47;137;4,3;1,1;
2023-09-16;0000;0;921,4;1017,2;921,4;920,9;-3,5;21;19,5;9,4;20,9;19,1;9,5;8,5;12,8;52;46;52;150;4;1,5;
2023-09-16;0100;0;921,8;1018,5;921,8;921,4;-3,5;19;17;10,2;19,6;16,8;10,2;9,2;12,8;64;52;64;316;4;,4;
2023-09-16;0200;0;922,1;1019;922,1;921,8;-3,5;18;16,4;10,5;18,4;16;10,5;9,8;12,7;69;59;68;72;1,5;,7;
2023-09-16;0300;0;922;1019,2;922,3;922;-3,5;17;15,5;10,4;17,5;15,4;10,8;10,2;12,7;72;63;72;155;3,1;1,1;
2023-09-16;0400;0;921,4;1019;922;921,4;-3,5;16;14,3;10,4;15,8;14,1;10,6;10,2;12,7;78;71;77;143;2,3;1,5;
2023-09-16;0500;0;920,7;1018,5;921,4;920,7;-3,5;15;13,5;10,3;14,3;13,5;10,6;10,2;12,7;81;78;81;150;3,1;2,2;
2023-09-16;0600;0;920,6;1017,6;920,8;920,6;-3,5;15;15,7;9,8;16,1;13,5;10,5;9,8;12,7;81;67;68;156;3,1;1,4;
2023-09-16;0700;0;920,3;1017,4;920,6;920,3;-3,5;15;15,3;9,9;15,8;14,6;10;9,6;12,6;72;68;70;138;3,6;1,5;
2023-09-16;0800;0;920,5;1017,7;920,5;920,3;-3,5;16;15,2;10,7;15,6;14,6;10,8;9,8;12,6;76;70;75;136;4,3;1,3;
2023-09-16;0900;0;921;1018;921;920,5;-3,4;16;15,7;12,7;15,9;15,2;12,7;10,7;12,6;82;74;82;116;4,9;1,9;
2023-09-16;1000;0;921,9;1018,5;921,9;921;189,7;16;17,3;14,1;17,3;15,8;14,1;12,7;13,1;85;82;82;120;6,1;1,9;
2023-09-16;1100;0;922,3;1017,9;922,3;921,9;978,2;19;20,1;15,3;20,2;17,3;15,4;14,1;13,8;81;74;74;108;7,7;3,3;
2023-09-16;1200;0;922,5;1017,1;922,6;922,3;1812,9;22;23,1;16;23,6;20,1;16,6;15,4;13,8;74;63;64;68;8;2,5;
2023-09-16;1300;0;922,5;1016;922,6;922,5;2555,6;25;26,6;16,8;26,6;23,2;17,4;15,8;13,7;64;54;55;45;8,7;3,4;
2023-09-16;1400;0;922;1014,7;922,5;922;3076,3;28;28,9;16,7;28,9;25,6;16,9;15,6;13,6;55;47;48;48;8;3,3;
2023-09-16;1500;0;921,3;1013,4;922;921,3;3228,4;30;30,4;14,6;30,5;28,1;16,2;13,5;13,5;48;38;38;16;8,7;1,9;
2023-09-16;1600;0;920,5;1012,6;921,3;920,5;2655,3;32;30,3;13,1;31,5;29,2;14,7;13;13,3;40;33;35;350;8,2;1,7;
2023-09-16;1700;0;919,5;1011,2;920,5;919,5;2177,5;32;31,2;11,2;32,1;29,7;14;10,6;13,2;37;28;29;328;6,3;2,2;
2023-09-16;1800;0;918,7;1010,1;919,5;918,7;1906,9;33;32;10,9;32,6;30,3;12,2;10,4;13,5;32;27;27;3;5,8;2,6;
2023-09-16;1900;0;918,5;1009,8;918,7;918,4;1991,5;34;32,2;8,7;33,6;31,9;11,4;8,3;13,5;28;22;23;314;7,7;2,5;
2023-09-16;2000;0;918,6;1010,1;918,6;918,5;1109;34;31,6;9,2;32,7;31,6;9,8;8,6;13,1;26;23;25;307;6,6;2,8;
2023-09-16;2100;0;918,9;1011,5;918,9;918,5;270,6;32;28,2;10,6;31,7;28,2;10,7;9,2;12,9;33;25;33;278;5,6;1,9;
2023-09-16;2200;0;919,4;1013,3;919,4;918,9;-2,2;28;24,4;12,5;28,2;24,4;12,6;10,5;12,8;47;33;47;118;2,5;,9;
2023-09-16;2300;0;920,1;1014,8;920,1;919,4;-3,5;25;22,2;13,2;24,4;22;13,3;12,6;12,8;57;47;57;172;2;1;
2023-09-17;0000;0;920,6;1016,1;920,6;920,1;-3,5;23;20;13,2;22,2;20;13,4;13,1;12,8;65;57;65;158;2,3;1,6;
2023-09-17;0100;0;921;1016,7;921,1;920,6;-3,3;22;19,5;13,6;20,3;19,5;13,6;13,2;12,8;69;65;69;170;2,7;1,7;
2023-09-17;0200;0;921,4;1017,2;921,4;921;-3,5;21;19,3;13,7;21;18,9;14;13,5;12,8;72;63;70;157;2,9;1,4;
2023-09-17;0300;0;921,4;1017,6;921,5;921,4;-3,5;20;18,2;13,4;19,5;18,2;13,6;13,3;12,7;74;69;74;143;2,7;1,2;
2023-09-17;0400;0;921,1;1017,3;921,4;921,1;-3,5;20;18;13,6;18,8;17,7;13,8;13,1;12,7;76;71;75;162;2,6;1;
2023-09-17;0500;0;920,8;1017,3;921,1;920,8;-3,5;19;17,2;13,7;18,6;17,2;14;13,5;12,7;80;73;80;145;2,2;1,2;
2023-09-17;0600;0;920,4;1017;920,8;920,4;-3,5;18;16,8;13,7;17,3;16,5;14,2;13,6;12,7;84;80;82;145;2,6;1,4;
2023-09-17;0700;0;920,3;1017,1;920,4;920,3;-3,5;18;16,2;13,8;16,8;16,2;14,1;13,6;12,7;85;82;85;168;2,6;1,2;
2023-09-17;0800;0;921;1017;921;920,3;-3,5;18;18,6;14,2;19;16;14,7;13,7;12,6;87;75;76;151;3,5;1,9;
2023-09-17;0900;0;921,8;1017,9;921,8;921;-3,1;19;18,5;14,3;19,5;18,1;14,6;13,8;12,6;77;73;77;152;3,9;1,9;
2023-09-17;1000;0;922,6;1018,3;922,6;921,8;196;19;20;14,7;20;18,1;14,7;14;13,1;78;71;72;131;3;1,4;
2023-09-17;1100;0;923,3;1017,6;923,3;922,6;950,8;22;24,4;15,6;24,4;19,9;16;14,6;13,7;73;58;58;122;2,7;1;
2023-09-17;1200;0;923,4;1016,9;923,5;923,2;1780,7;26;26,8;15;27,5;24,4;16,2;14,4;13,7;59;46;49;75;4,5;2,4;
2023-09-17;1300;0;923,4;1016,3;923,6;923,4;2512,7;29;28,8;14,5;29,4;26,8;15,7;14,4;13,5;49;41;42;71;4,9;1,9;
2023-09-17;1400;0;923,1;1015,5;923,4;923,1;3026,3;31;30;13,2;31,3;28,8;15,5;13;13,5;43;34;36;35;6,6;2,8;
2023-09-17;1500;0;922,4;1014,8;923,1;922,4;1144;31;30;12,5;31,3;29,8;14,5;12,4;13,3;39;33;34;272;6,6;1;
2023-09-17;1600;0;921,4;1012,9;922,4;921,4;2941,5;33;32,4;12,5;32,7;29,9;14,8;12,1;13,5;39;30;30;143;4,5;1,9;
2023-09-17;1700;0;920,3;1011,5;921,4;920,3;2881,4;34;33;8,7;33,8;31,5;12,7;8,4;13,4;31;22;22;217;4,9;1,8;
2023-09-17;1800;0;919,4;1010,4;920,3;919,4;2510,3;36;33,5;9,8;34,4;32,8;10,5;6,8;13,4;25;19;23;79;6,3;1,6;
2023-09-17;1900;0;919,2;1010,5;919,4;919,2;1042,8;35;32,3;10,3;33,5;32,2;11;8,6;13,1;27;23;26;127;6,3;,9;
2023-09-17;2000;0;919,3;1011,3;919,4;919,1;461,4;34;30,2;11,6;32,6;30,2;12;9,9;13;32;25;32;123;6,1;1,8;
2023-09-17;2100;0;919,8;1012,9;919,8;919,3;83,9;31;26,9;14,6;30,2;26,9;14,6;10,9;12,9;47;31;47;152;6,1;1,2;
2023-09-17;2200;0;920,2;1014,3;920,2;919,8;-2,9;28;24,1;17,6;26,9;24,1;17,6;14,3;12,8;67;46;67;153;2,6;1,7;
2023-09-17;2300;0;921;1015,4;921;920,2;-3,5;26;23,3;17,7;24,8;22,9;17,8;16,7;12,8;72;61;71;146;2,4;1,6;
2023-09-18;0000;0;921,6;1016,4;921,6;921;-3,5;24;22,3;16,6;23,3;22,2;17,7;16,6;12,8;74;69;70;152;2,8;1,6;
2023-09-18;0100;0;921,9;1017;921,9;921,5;-3,2;24;21,7;15,9;23,1;21,6;16,6;14,9;12,8;70;60;70;143;2,4;1,7;
2023-09-18;0200;0;921,9;1017,2;921,9;921,7;-2,6;23;21,1;15,5;21,7;20,9;16,1;15,4;12,8;73;69;70;148;3,2;1,2;
2023-09-18;0300;0;922,4;1017,3;922,4;921,9;-3,3;22;22,2;14,9;22,2;20,8;15,5;14,3;12,7;71;63;63;292;4,3;2,6;
2023-09-18;0400;0;922,5;1017,9;922,6;922,2;-3,4;22;20,8;15,4;22,9;20;15,6;14,6;12,7;76;60;72;155;4,1;1,2;
2023-09-18;0500;0;921,7;1017,1;922,5;921,7;-3;22;20,7;15,1;21,9;20;15,4;14,9;12,7;74;65;70;148;3,2;1,9;
2023-09-18;0600;0;921,3;1016,6;921,7;921,3;-2,4;22;20,7;15;21,4;20;15,2;14,8;12,7;73;66;70;132;3,5;1,3;
2023-09-18;0700;0;921,7;1016,5;921,7;921,3;-2,3;22;22,3;13,3;22,8;20,6;15;13,2;12,6;70;55;57;148;4,1;,7;
2023-09-18;0800;0;922,1;1017,2;922,1;921,7;-3,5;22;21,5;12,9;22,5;21,5;13,4;12,8;12,6;58;55;58;164;2,7;1,2;
2023-09-18;0900;0;922,5;1017,5;922,5;922,1;-2,7;22;22;12,9;22,2;21,5;13;12,8;12,6;58;55;56;144;3,8;1,3;
2023-09-18;1000;0;923,2;1018,3;923,2;922,5;119,3;22;22;13,3;22,2;21,7;13,3;12,8;12,9;58;56;58;155;3;1,1;
2023-09-18;1100;0;923,7;1017,7;923,8;923,2;1017,3;24;25,4;13,5;25,4;22;14,1;12,7;13,7;58;47;48;112;5;1,3;
2023-09-18;1200;0;924,1;1017,6;924,1;923,7;1810,3;27;27,1;12;27,7;25,3;13,8;11,7;13,7;48;38;39;69;6;2;
2023-09-18;1300;0;923,9;1016,6;924,1;923,9;2527,4;29;29,3;10,1;29,3;27,1;12,8;9,5;13,5;40;30;30;94;7,1;2,3;
2023-09-18;1400;0;923,4;1015,6;923,9;923,4;3042,9;31;30,9;8,6;31;28,9;10,6;7,9;13,5;31;25;25;61;7,9;2,9;
2023-09-18;1500;0;922,6;1014,2;923,4;922,5;3174,8;33;32,5;8;32,7;30;9,4;7,3;13,4;26;22;22;52;8,5;2,4;
2023-09-18;1600;0;921,5;1013,1;922,5;921,5;3329,6;34;32,2;7,4;32,7;31;8,5;6,5;13,4;24;21;21;80;6,7;1,9;
2023-09-18;1700;0;920,9;1012,6;921,5;920,9;2553,8;35;31,5;6,3;33,2;31,2;8,8;6,1;13,5;23;20;21;66;5,5;2;
2023-09-18;1800;0;920,2;1011,8;920,9;920,2;2050,5;35;31,8;5,7;32,9;31,4;7,6;5,3;13,2;22;18;20;106;4,3;1,6;
2023-09-18;1900;0;919,8;1011,2;920,3;919,8;1934;35;32,1;6;33,1;31,2;7,4;5,8;13,4;22;19;20;129;4,3;1,7;
2023-09-18;2000;0;919,5;1011,1;919,8;919,5;1098,6;35;31,6;6,8;32,2;31,5;7,5;5,7;13,1;22;19;21;70;4,9;,7;
2023-09-18;2100;0;919,8;1012,7;919,8;919,5;263,2;33;27,4;9,6;31,6;27,4;10,2;6,1;12,9;33;21;33;53;2,5;,7;
2023-09-18;2200;0;920,3;1014,4;920,3;919,8;-3,5;28;24;10,3;27,4;24;10,5;8,7;12,8;42;31;42;144;2,5;1,6;
2023-09-18;2300;0;920,8;1015,6;920,8;920,3;-3,5;25;22,1;11;24,2;22,1;11,2;10,5;12,8;49;42;49;143;3,1;1;
2023-09-19;0000;0;921,2;1016,5;921,2;920,8;-3,5;23;20,8;10,8;22,3;20,8;11;10,7;12,8;52;48;52;141;2,3;,8;
2023-09-19;0100;0;921,4;1016,9;921,5;921,2;-3,4;22;20,2;10,5;20,8;19,8;11,1;10,5;12,8;58;53;54;155;2,2;1,7;
2023-09-19;0200;0;921,7;1017,6;921,7;921,4;-3,5;21;19,3;10,6;20,7;19,3;10,6;10,3;12,7;57;52;57;148;2,6;2;
2023-09-19;0300;0;921,7;1017,8;921,9;921,7;-3,2;21;18,5;11;20,7;18,5;11,2;10,5;12,7;62;53;62;155;6,2;,5;
2023-09-19;0400;0;921,4;1018;921,7;921,3;-3,5;19;17,1;10,8;18,6;17,1;11,2;10,7;12,7;67;60;66;145;2,9;1,9;
2023-09-19;0500;0;921;1017,8;921,5;921;-3,5;18;16,3;10,6;17,5;15,8;10,9;10,2;12,7;72;63;69;219;2,9;,5;
2023-09-19;0600;0;920,8;1017,3;921,1;920,8;-3,5;18;17,2;11;18,2;16,1;11;9,9;12,7;70;60;67;49;3,3;2,4;
2023-09-19;0700;0;920,8;1017,7;920,9;920,8;-3,5;17;16;11,5;17,4;15,2;11,8;10,6;12,6;77;65;75;183;3,3;,7;
2023-09-19;0800;0;920,8;1018,1;920,9;920,8;-3,5;16;14,8;11,1;16,6;14,8;11,8;11;12,6;79;71;79;119;1,8;1,1;
2023-09-19;0900;0;921,2;1018,7;921,2;920,8;-2,2;16;14,5;11,6;16,4;14,4;11,7;11;12,6;83;73;83;142;2,7;1,1;
2023-09-19;1000;0;921,7;1018;921,7;921,2;211,6;17;18,1;13,2;18,3;14,5;13,6;11,7;13;83;72;73;143;2,8;1;
2023-09-19;1100;0;922,3;1017,7;922,3;921,7;326,5;19;20,7;13,1;20,7;17,7;13,4;12,8;13,2;75;61;62;147;3,1;1,5;
2023-09-19;1200;0;922,6;1017,1;922,6;922,2;775,7;22;23,6;12;23,6;20,7;13,2;12;13,6;61;48;48;153;3,4;1,5;
2023-09-19;1300;0;922,3;1015,4;922,6;922,3;2334,1;26;27,7;10,3;28,7;23,5;12,7;10,3;13,7;51;32;34;111;4,3;1,9;
2023-09-19;1400;0;921,7;1013,8;922,3;921,7;2582,9;29;30,6;10,2;31,8;27,5;11,9;9,6;13,5;37;27;28;40;6;2,9;
2023-09-19;1500;0;921;1012,6;921,7;921;3447,9;32;31,9;8,9;32,3;30,2;11;7,5;13,5;29;22;24;24;7,5;3;
2023-09-19;1600;0;920,1;1011,6;921;920,1;3322;33;32,1;7,8;32,6;30,7;10,1;7,5;13,4;27;22;22;86;6,5;1,4;
2023-09-19;1700;0;919,2;1010,3;920,1;919,2;3083,3;34;33,1;7;33,3;31,9;9,3;6,1;13,4;24;20;20;118;6,9;1,3;
2023-09-19;1800;0;918,4;1009,4;919,2;918,4;2591,6;35;33;7,6;33,7;31,9;8,1;6,5;13,4;22;19;21;144;5;1,5;
2023-09-19;1900;0;918,1;1009,2;918,4;918,1;1880,3;35;32,8;7,2;33,7;32,4;8,1;6,6;13,5;22;19;20;221;5;1,3;
2023-09-19;2000;0;918,1;1009,4;918,1;918;1069,5;35;32;7,1;33,3;32;8,5;6,9;13,1;23;20;21;41;3,6;1,3;
2023-09-19;2100;0;918,4;1010,9;918,4;918,1;253,5;33;28,4;9,1;32,1;27,9;9,7;7;12,9;32;21;30;181;3,3;1,5;
2023-09-19;2200;0;919;1012,5;919;918,4;-2,5;29;25,4;10,5;28,8;25,4;10,5;8,8;12,8;39;29;39;154;3,3;1,5;
2023-09-19;2300;0;919,4;1013,8;919,4;919;-3,5;26;22,9;11,2;25,5;22,7;11,5;10,2;12,8;50;39;48;159;2,9;1,6;
2023-09-20;0000;0;920,1;1014,7;920,1;919,4;-3,5;24;22,5;11,1;23,3;21,7;11,5;11;12,8;52;47;49;141;2,8;1,6;
2023-09-20;0100;0;920,7;1016;920,7;920,1;-3,5;23;20,6;10,7;22,6;20,5;11,2;10,5;12,8;54;47;53;143;2,7;1,7;
2023-09-20;0200;0;920,8;1016,5;920,9;920,7;-3,5;22;19,6;10,4;20,8;19,6;10,7;10,2;12,8;56;52;55;159;2,5;1,7;
2023-09-20;0300;0;920,7;1016,5;920,9;920,7;-3,5;21;19,2;10,3;19,9;18,9;10,5;10,2;12,7;58;54;56;146;2,5;1,6;
2023-09-20;0400;0;920,5;1016,7;920,7;920,5;-3,5;20;17,8;10,5;19,4;17,7;10,6;10,2;12,7;62;56;62;142;2,4;1,4;
2023-09-20;0500;0;920,1;1016,5;920,5;920,1;-3,5;19;17,2;9,7;18;16,8;10,5;9,7;12,7;66;61;61;149;2,7;2,1;
2023-09-20;0600;0;920,1;1016,5;920,3;920;-3,5;18;17,1;8,8;17,8;16,2;9,8;8,7;12,7;65;55;58;149;3;2,3;
2023-09-20;0700;0;920;1015,7;920,1;919,9;-3,5;18;19,2;5,5;19,8;17,1;8,7;5,5;12,6;58;41;41;159;3,8;2,1;
2023-09-20;0800;0;920,3;1015,9;920,3;920;-3,5;19;19,6;4,6;20,3;19;5,4;3,6;12,6;41;34;37;157;3,7;1,7;
2023-09-20;0900;0;921;1016,7;921;920,3;-2,7;19;19,6;5,2;20;19,3;5,2;4,5;12,6;39;37;39;140;4;1,9;
2023-09-20;1000;0;921,6;1017;921,6;921;218,5;20;20,6;7,7;20,6;19,3;7,7;5,2;13,1;44;39;43;142;4,5;2,2;
2023-09-20;1100;0;922,3;1016,4;922,3;921,6;996,3;22;24,7;10;25;20,6;10,2;7,5;13,7;44;38;39;130;5,9;1,9;
2023-09-20;1200;0;922,7;1016;922,7;922,3;1820,3;26;27,2;10,3;27,3;24,7;10,4;9,1;13,7;39;33;35;117;5,9;2,3;
2023-09-20;1300;0;922,4;1014,8;922,7;922,4;2543,9;29;29,8;11,2;30,1;27,2;12,1;10,1;13,5;35;31;32;105;5,9;2,2;
2023-09-20;1400;0;921,9;1013,6;922,4;921,9;3043,8;31;31,9;11,2;31,9;29,2;11,7;10,2;13,5;33;27;28;108;6;2,1;
2023-09-20;1500;0;921,3;1012,3;921,9;921,2;3301,8;33;34,1;10;34,1;31,3;11;7,8;13,4;28;22;23;86;6,1;1,6;
2023-09-20;1600;0;920,4;1011,5;921,3;920,4;3327,6;35;33,3;8,3;34,2;31,9;9,3;6,4;13,4;23;19;21;100;5,4;2,3;
2023-09-20;1700;0;919,3;1010,1;920,4;919,3;3161,2;36;34;8;34,5;32,3;9,1;7;13,4;22;20;20;186;5,5;1,4;
2023-09-20;1800;0;918,6;1009,4;919,3;918,6;2420,8;36;33,7;8,1;34,4;32,7;8,7;7,4;13,5;22;19;21;100;5,4;1,1;
2023-09-20;1900;0;918,3;1009,2;918,6;918,2;1523,2;36;33,3;8,4;33,9;32,4;9;7,4;13,2;22;20;22;139;5,6;2,2;
2023-09-20;2000;0;918,2;1010,1;918,3;918,1;636,1;35;30,3;10,4;33,3;30,3;10,5;8,3;13;29;22;29;161;5,6;,9;
2023-09-20;2100;0;918,1;1010,7;918,2;918;179,9;32;27,9;11,5;30,3;27,9;11,6;10,2;12,9;36;29;36;150;1,9;,9;
2023-09-20;2200;0;918,6;1012,4;918,6;918,1;-2,9;28;24,5;12,5;27,9;24,5;12,6;10,8;12,8;47;35;47;122;1,9;,9;
2023-09-20;2300;0;919,2;1013,4;919,2;918,6;-3,5;26;23,5;10,7;24,7;23,2;12,5;10,3;12,8;47;41;44;162;2,1;1,1;
2023-09-21;0000;0;919,8;1014,9;919,8;919,2;-3,5;24;21;11,3;23,8;21;11,9;10,5;12,8;55;44;54;133;2,4;1,4;
2023-09-21;0100;0;920,3;1015,7;920,3;919,8;-3,5;22;20,1;11,3;21,8;20,1;11,8;11;12,8;57;51;57;143;3,2;1;
2023-09-21;0200;0;920,3;1015,9;920,4;920,2;-3,5;21;19,7;11,1;20,2;19,6;11,4;11,1;12,7;59;56;58;151;2;1,1;
2023-09-21;0300;0;920;1016;920,3;920;-3,5;20;18,5;11,4;19,6;18,5;11,5;11,1;12,7;63;58;63;148;2,4;1,3;
2023-09-21;0400;0;919,5;1015,6;920;919,5;-3,5;20;18;11,3;19;18;11,5;11,1;12,7;65;61;65;143;2,2;1,4;
2023-09-21;0500;0;919,5;1015,1;919,7;919,4;-3,5;19;19,3;11;19,8;16,4;11,9;11;12,7;73;57;59;152;3,8;1,1;
2023-09-21;0600;0;919,4;1014,8;919,6;919,3;-3,5;20;19,8;10,9;20,3;18,9;11,2;10,9;12,7;60;55;57;153;3,5;1,5;
2023-09-21;0700;0;919,6;1015,3;919,6;919,4;-3,5;20;19,1;10,8;20,1;18,8;10,9;10,6;12,6;59;55;59;151;3,2;2;
2023-09-21;0800;0;920,2;1016;920,2;919,6;-3,5;20;18,9;10,9;19,4;18,8;10,9;10,7;12,6;60;57;60;142;3,3;1,5;
2023-09-21;0900;0;920,3;1016,1;920,4;920,2;-2,4;19;18,9;11,5;19;18,1;11,5;10,8;12,6;64;60;62;140;3,2;1,6;
2023-09-21;1000;0;920,9;1016,2;921;920,3;220,7;20;20,6;12;20,6;18,9;12;11,4;13,1;62;57;58;137;4,1;2;
2023-09-21;1100;0;921,5;1015,9;921,5;920,9;999,9;22;23,6;12,9;23,7;20,6;13;12;13,7;58;51;51;121;5;2,1;
2023-09-21;1200;0;921,9;1015,4;921,9;921,5;1826,5;25;26,4;12,1;26,4;23,6;13,3;11,5;13,7;51;40;41;106;7,1;2,5;
2023-09-21;1300;0;921,5;1014,2;921,9;921,5;2532,6;28;28,7;11,4;28,9;26,4;12,5;11;13,7;41;33;34;84;6,1;2,1;
2023-09-21;1400;0;921;1013,2;921,5;921;3034;31;30,2;11,3;30,6;28,8;12,2;10,3;13,5;35;30;31;39;6,3;3,3;
2023-09-21;1500;0;919,9;1011,5;921;919,9;3277;32;31,5;10,6;32;30,2;12;10,5;13,4;32;27;28;70;6,1;2,7;
2023-09-21;1600;0;918,9;1010,2;919,9;918,9;3287,9;34;32,4;10;33,5;31,2;11,6;9,8;13,4;29;25;25;346;6,4;2,2;
2023-09-21;1700;0;918,2;1009,5;918,9;918,2;2768,8;35;32;8,8;33,6;32;10,6;8,6;13,2;26;22;24;300;6,4;1,6;
2023-09-21;1800;0;917,6;1008,7;918,2;917,6;2551,2;36;32,6;9,2;33,9;31,8;10,1;8,9;13,2;25;23;24;342;4,6;2,3;
2023-09-21;1900;0;917,4;1008,5;917,6;917,4;966,5;35;32,4;9,5;32,8;31,8;11,2;9;13,5;28;24;24;96;4,3;1,1;
2023-09-21;2000;0;917,4;1008,7;917,5;917,4;584,9;34;31,9;10,6;32,8;30,5;11,7;9,4;13,1;32;24;27;107;2,3;1;
2023-09-21;2100;0;917,8;1010,3;917,8;917,4;109,4;32;28,1;11,6;31,9;28,1;12,8;10,2;12,9;37;26;36;146;1,7;,9;
2023-09-21;2200;0;918,4;1011,3;918,4;917,8;-3,1;29;27,1;12,4;28,6;26,3;13,6;10,9;12,8;45;34;40;72;4,7;1,1;
2023-09-21;2300;0;919;1012,5;919;918,4;-3,5;28;25,6;13,6;27,4;25,4;14,2;12;12,8;49;39;47;165;4,4;,3;
2023-09-22;0000;0;920;1013,6;920;919;-2,7;27;25,5;13;25,6;23,9;14,4;12,8;12,8;55;45;46;119;3,9;1,2;
2023-09-22;0100;0;920,1;1014;920,1;920;-2,3;26;24,7;13,4;25,5;23,9;14,9;12,7;12,8;56;45;50;160;2,8;1,2;
2023-09-22;0200;0;919,8;1013,4;920,1;919,8;-1,6;26;25,4;12,6;25,5;24,4;13,5;12,6;12,8;50;45;45;143;2,3;1,2;
2023-09-22;0300;0;919,5;1013,6;919,8;919,4;-3,2;25;23,9;13,4;25,7;23,9;14,2;12,6;12,7;53;44;52;208;2,3;,9;
2023-09-22;0400;0;919,2;1013,8;919,5;919,2;-3,5;24;22,3;13,8;23,9;22,3;14;12,8;12,7;59;51;59;116;3,1;,8;
2023-09-22;0500;0;918,8;1014,1;919,2;918,8;-3,5;23;20;14,6;22,3;20;15;13,9;12,7;71;59;71;142;2,6;1,5;
2023-09-22;0600;0;918,9;1013,6;918,9;918,8;-3,5;22;21,9;13,6;21,9;19,6;14,7;13,6;12,7;72;59;59;138;2,9;1,4;
2023-09-22;0700;0;918,9;1013,7;918,9;918,8;-3,5;22;21,4;13;22,6;21,4;13,5;13;12,7;59;55;59;134;3,5;1;
2023-09-22;0800;0;919,2;1014,2;919,2;918,9;-3,5;22;21;13,2;21,8;20,9;13,3;13;12,6;61;58;61;131;3,5;1,7;
2023-09-22;0900;0;919,4;1014,6;919,4;919,2;-2,2;21;20,5;12,9;21,1;20,5;13,2;12,9;12,6;62;61;62;139;3,6;1,9;
2023-09-22;1000;0;920;1014,9;920;919,4;218,2;21;21,5;13;21,5;20,4;13;12,8;13,1;62;58;58;126;3,9;1,9;
2023-09-22;1100;0;920,4;1014,5;920,4;919,9;981,5;23;24,1;12,8;24,1;21,5;13,3;12,4;13,6;58;49;49;121;4,9;2,2;
2023-09-22;1200;0;920,4;1013,7;920,5;920,4;1800,8;26;26,5;12,3;26,8;24,1;13,1;11,7;13,7;49;40;42;84;5,3;1,9;
2023-09-22;1300;0;920,4;1012,7;920,5;920,3;2464,6;29;29,7;12,4;29,7;26,5;13,1;11,3;13,5;42;34;35;65;5,4;2;
2023-09-22;1400;0;920,1;1012;920,4;920,1;2994,8;31;30,9;12,3;31;28,9;12,4;11,5;13,5;36;31;32;46;5,3;2,1;
2023-09-22;1500;0;919,2;1010,6;920,1;919,2;3270,2;33;32,2;11,2;33;30,6;12,9;11,2;13,4;32;27;28;335;5,5;3,2;
2023-09-22;1600;0;918,2;1009;919,2;918,2;3337,1;35;33,8;11,5;34;32;11,8;10,5;13,4;28;25;26;324;5,5;2,4;
2023-09-22;1700;0;917,5;1008,5;918,2;917,5;2700,4;36;32,9;11,3;34,8;32,8;11,9;10,5;13,1;27;24;27;294;6,3;2,3;
2023-09-22;1800;0;916,9;1007,8;917,5;916,9;2194,6;36;32,9;10,9;34,5;32,5;12,6;10,2;13,1;28;23;26;247;6,4;2,7;
2023-09-22;1900;0;916,6;1007,3;916,9;916,6;1555,8;36;33,4;10,8;34,3;32,2;11,8;10,2;13,2;28;23;25;212;5,1;2,8;
2023-09-22;2000;0;916,6;1007,5;916,6;916,4;1062,1;36;32,7;11,3;34,2;32,5;11,3;9,7;13,1;27;23;27;221;4,9;2,8;
2023-09-22;2100;0;917;1008,7;917;916,6;280,3;34;30,3;12;32,7;30,1;12,2;11,1;12,9;33;27;33;305;4,8;2,1;
2023-09-22;2200;0;917,6;1011;917,6;917;-2;30;25,4;13,7;30,4;25,4;13,9;11,8;12,8;48;32;48;156;3;1,4;
2023-09-22;2300;0;918,4;1012,4;918,4;917,6;-3,5;27;23,7;14,1;26;23,5;14,3;13,5;12,8;56;46;55;154;3,3;1,5;
2023-09-23;0000;0;919,2;1012,9;919,2;918,4;-3,5;26;25;13,9;25,6;23,5;14,1;13,4;12,8;55;47;50;128;3,7;1,5;
2023-09-23;0100;0;919,3;1012,9;919,3;919,2;-3,5;26;25,4;13,3;25,7;24,5;13,8;13,3;12,8;50;47;47;71;6,5;1,1;
2023-09-23;0200;0;919,2;1013;919,3;919,1;-2,9;25;24,6;13,6;25,4;23,9;13,7;13,4;12,8;53;47;50;139;2,4;1,2;
2023-09-23;0300;0;919;1013,3;919,2;919;-3,3;25;23,1;14,1;24,8;22,6;14,2;13,4;12,7;59;49;57;149;2,8;1,7;
2023-09-23;0400;0;918,6;1013,4;919;918,6;-3,5;24;21,4;14,2;23,2;21,3;14,3;13,9;12,7;64;56;64;153;2,8;1,5;
2023-09-23;0500;0;918,4;1013,3;918,6;918,1;-3,5;22;21,2;14,2;21,4;20,5;14,2;14,1;12,7;67;64;64;171;3,8;2,3;
2023-09-23;0600;0;918,1;1013,1;918,4;918,1;-3,5;22;20,6;14,4;22,8;20,1;14,4;13,5;12,7;69;58;68;173;3,8;1;
2023-09-23;0700;0;917,9;1012,8;918,2;917,9;-3,2;21;20,9;14,2;21,2;19,9;14,5;14,2;12,7;70;64;65;182;1,5;,6;
2023-09-23;0800;0;918,3;1013,5;918,3;917,9;-3,3;21;20,2;14,3;21,1;19;14,5;13,8;12,6;74;65;69;149;2,9;1,6;
2023-09-23;0900;0;918,6;1014,4;918,6;918,3;-1,7;20;18,4;14,3;20,2;18,4;14,5;14,1;12,6;77;69;77;133;2,5;1;
2023-09-23;1000;0;919,2;1014,4;919,2;918,6;221,5;20;20,4;14,5;20,8;18;14,7;14;13,1;79;66;69;153;3,1;1,7;
2023-09-23;1100;0;919,6;1013,1;919,6;919,1;949,5;23;25,8;14,6;25,9;20,4;15;14,5;13,6;69;50;50;137;3,3;1,5;
2023-09-23;1200;0;919,5;1011,6;919,7;919,4;1752,2;28;30;13,4;30;25,8;15,3;12,6;13,8;51;35;36;95;4,3;1,8;
2023-09-23;1300;0;919,4;1011;919,6;919,4;2450,5;31;31,4;13;32;29,2;13,8;12,6;13,5;38;32;33;64;5,2;1,9;
2023-09-23;1400;0;918,8;1009,9;919,4;918,8;2944,2;33;32,8;12;33,3;31;13,8;11,9;13,4;33;28;28;38;5,1;1,5;
2023-09-23;1500;0;918;1008,7;918,8;918;3303;35;33,9;12;34,6;32,2;12,7;11,3;13,4;30;25;27;175;6,2;1,5;
2023-09-23;1600;0;917,2;1008;918;917,2;2452,7;36;33,4;11,8;35,5;32,6;12,6;11,3;13,2;29;25;27;297;5;2,5;
2023-09-23;1700;0;916,6;1007,5;917,2;916,6;701,3;35;32,8;12,4;33,7;32,2;13,6;11,7;13,2;32;27;29;190;5;1,1;
2023-09-23;1800;0;916,1;1006,9;916,7;916,1;914,9;35;33,1;12,4;33,8;32,8;13;11,4;13,2;30;26;28;283;5,5;3,3;
2023-09-23;1900;0;916,5;1007,8;916,5;916,1;1140,1;34;31,5;13,4;33,6;31;13,9;11,5;13,5;34;28;33;291;9,3;3,7;
2023-09-23;2000;0;916,4;1008;916,5;916,4;820,3;33;30,6;12,8;31,8;30,5;13,6;12,3;13;34;32;34;282;6,1;1,4;
2023-09-23;2100;0;917;1009,3;917;916,4;146,1;31;28,4;13,8;30,7;27,7;15,7;12,5;12,9;46;33;41;190;6,5;2,6;
2023-09-23;2200;0;917,4;1009,9;917,4;917;-2,6;30;28;14,5;30,5;28;14,5;12,3;12,8;44;33;44;133;8,1;2,6;
2023-09-23;2300;0;917,9;1010,7;917,9;917,4;-3,3;29;27,4;14,8;28,1;25,1;15,9;14,6;12,8;57;44;46;307;7,5;2,9;
2023-09-24;0000;0;918,6;1012,1;918,6;917,9;-3,2;28;25,2;15,7;27,6;25,2;15,7;14,3;12,8;56;44;56;213;4,5;1,1;
2023-09-24;0100;0;919;1012,8;919;918,6;-3,5;26;24,5;15,6;25,4;23,9;16,3;15,6;12,8;61;55;58;173;3,1;2;
2023-09-24;0200;0;918,8;1013,1;919,1;918,8;-3,4;25;23,1;16,3;24,8;23;16,3;15,3;12,8;66;56;66;148;3,1;1;
2023-09-24;0300;0;918,4;1012,6;918,8;918,4;-3;25;23,3;15,8;23,3;22,5;16,5;15,7;12,7;68;63;63;145;2,5;1,6;
2023-09-24;0400;0;917,7;1012,1;918,4;917,7;-2,6;24;22,5;16;23,3;22,2;16,3;15,7;12,7;69;63;67;149;3,3;1,7;
2023-09-24;0500;0;917,5;1011,7;917,7;917,4;-2,6;24;22,9;15,4;23,9;22,4;16,1;15,2;12,7;67;58;63;147;4,2;1,8;
2023-09-24;0600;0;917;1011,2;917,5;917;-3,5;24;22,8;15,5;23,7;22,6;15,6;15,3;12,7;64;60;64;136;4,5;2;
2023-09-24;0700;0;916,9;1011,5;917;916,8;-3,5;23;21,5;15,4;22,7;21,3;15,7;15,3;12,7;69;64;69;136;4,1;1,6;
2023-09-24;0800;0;917,1;1012;917,1;916,8;-3,5;22;20,6;15,2;21,5;20,2;15,6;15,2;12,6;73;69;71;155;3,5;1,9;
2023-09-24;0900;0;917,9;1012,8;917,9;917,1;-,4;21;20,8;14,7;20,9;20,3;15,2;14,6;12,6;72;68;68;151;3,5;1,6;
2023-09-24;1000;0;918,6;1013,1;918,6;917,9;258,7;22;22,3;15,1;22,3;20,8;15,3;14,6;13,1;68;64;64;144;2,9;1,8;
2023-09-24;1100;0;919,3;1012,7;919,3;918,6;1006,1;24;25,9;15,3;26;22,3;15,7;14,6;13,6;64;52;52;131;4,1;2;
2023-09-24;1200;0;919,4;1011,8;919,5;919,3;1799,2;28;28,9;14,9;28,9;25,8;15,7;14,8;13,7;53;43;43;133;4,9;2,1;
2023-09-24;1300;0;919,2;1010,9;919,4;919,2;2515,5;31;31;14,3;31,3;28,6;15,2;13,1;13,5;43;34;36;124;4,9;2,3;
2023-09-24;1400;0;918,6;1009,4;919,2;918,5;2972,3;34;33,7;12,6;34,2;30,8;14,7;12;13,4;37;27;28;101;5;1,9;
2023-09-24;1500;0;917,8;1008,2;918,5;917,8;3072,5;35;34,7;11,3;35,7;33,2;13,2;11;13,4;28;24;24;354;6;2;
2023-09-24;1600;0;916,7;1006,7;917,8;916,7;3382;37;35,7;10,3;35,7;34,2;11,5;9,2;13,3;25;21;22;343;6,7;2,3;
2023-09-24;1700;0;915,6;1005,5;916,7;915,6;3167,8;38;35,8;10,5;36,8;35,1;11,7;9,9;13,4;23;21;22;1;5,5;2,1;
2023-09-24;1800;0;915;1004,7;915,6;915;2712;39;36,3;10,2;37,1;35,2;11,7;9,5;13,3;23;20;21;40;6;1,7;
2023-09-24;1900;0;914,8;1004,6;915;914,6;2005,5;39;35,7;9;37,4;35,7;11,4;8,3;13,3;22;18;20;322;13,3;2,1;
2023-09-24;2000;0;915,1;1005,1;915,1;914,7;1125,5;38;35,4;10,5;35,9;34,9;12,3;9,5;13;25;20;22;324;6,8;3,2;
2023-09-24;2100;0;915,7;1006,6;915,7;915,1;290,3;36;32,6;12,5;35,5;32,4;13,1;10,6;12,9;31;22;29;174;6,8;1,5;
2023-09-24;2200;0;916,2;1008,4;916,2;915,7;-,8;33;28,7;14,8;32,6;28,7;14,8;12,3;12,8;43;29;43;120;2,5;,5;
2023-09-24;2300;0;916,7;1009,6;916,7;916,2;-3,5;30;26,6;14,2;28,8;26,6;14,9;14,2;12,8;46;42;46;156;1,5;,9;
2023-09-25;0000;0;917,4;1010,4;917,4;916,7;-3,5;28;26,5;13;26,9;25,7;14,3;13;12,8;48;43;43;201;1,6;,9;
2023-09-25;0100;0;917,9;1011,6;917,9;917,4;-3,5;27;24,6;13,7;26,5;24,4;13,7;12,9;12,8;51;43;51;148;1,5;,9;
2023-09-25;0200;0;918;1012,1;918;917,8;-2,1;26;23,4;14,8;25,8;23,4;14,8;13,3;12,8;59;46;59;121;2,5;1,5;
2023-09-25;0300;0;917,8;1010,9;918,1;917,8;-1,6;26;26,2;13,4;26,3;22,4;15,1;13,3;12,7;63;45;45;170;3,2;1,3;
2023-09-25;0400;0;917,1;1010,7;917,8;917,1;-3,2;26;24,6;14;26,6;24,3;14;13,1;12,7;52;44;52;156;3;1,5;
2023-09-25;0500;0;916,7;1010,7;917,2;916,7;-3,5;25;23,3;14,4;24,6;23,3;14,4;14;12,7;57;52;57;149;3;1,8;
2023-09-25;0600;0;916,7;1010,9;916,8;916,7;-3,5;24;22,5;13,8;23,6;22,5;14,4;13,8;12,7;59;55;58;153;2,8;1,2;
2023-09-25;0700;0;916,7;1011,5;916,7;916,6;-3,5;23;20,9;14,4;22,8;20,8;14,4;13,8;12,7;66;58;66;146;2,5;1,6;
2023-09-25;0800;0;916,9;1012,1;916,9;916,6;-3,5;21;19,8;14,4;20,9;19,2;14,7;14,3;12,6;74;66;71;136;2,3;1,5;
2023-09-25;0900;0;917,5;1013,1;917,5;916,9;-1,5;20;18,8;14,5;19,9;18,7;14,6;14,2;12,6;76;71;76;150;2,9;1,4;
2023-09-25;1000;0;917,8;1013;917,8;917,5;183,1;20;20;14,7;20;18,7;14,9;14,4;13;76;72;72;156;2,4;1,4;
2023-09-25;1100;0;918,2;1012;918,2;917,8;696;22;24,2;16,8;24,2;20;16,9;14,8;13,4;72;63;63;173;2,4;1,3;
2023-09-25;1200;0;918,3;1010;918,4;918,2;1867,7;27;30,9;15,3;31,1;24,3;16,9;15;13,7;63;38;39;117;3;1,4;
2023-09-25;1300;0;918,1;1008,9;918,4;918,1;2540,1;32;33,5;13,7;33,9;30,9;15,4;12,5;13,4;39;28;30;147;4;1,8;
2023-09-25;1400;0;917,5;1007,9;918,1;917,5;3041,8;35;34,8;11,3;35,6;33,4;14,1;10,9;13,4;31;23;24;154;5,3;2,4;
2023-09-25;1500;0;916,6;1007;917,5;916,6;2520,9;37;34,6;10,5;36,6;34,4;11,9;9,3;13,4;25;20;23;153;5,6;1,5;
2023-09-25;1600;0;915,3;1005;916,6;915,3;3466,5;38;36,4;9,8;37,6;34,7;11,5;9,6;13,3;23;19;20;22;5,8;1,9;
2023-09-25;1700;0;914,4;1003,8;915,3;914,4;2744,2;39;36,9;9,9;37,8;35,9;10,8;9,2;13,3;21;19;20;22;5,8;1,3;
2023-09-25;1800;0;913,8;1003,2;914,4;913,8;1770,6;39;36,8;9,4;37,4;35,4;11,5;8,9;13,2;23;19;19;205;5;2,7;
2023-09-25;1900;0;913,6;1003,1;913,9;913,6;978,8;38;36,5;10;36,7;35,2;11,8;9,4;13,5;24;19;20;101;4,7;1,1;
2023-09-25;2000;0;913,8;1003,5;913,8;913,6;1358,6;39;36;10,9;36,7;35,8;11,2;9,2;13,1;22;19;22;147;3,7;1,3;
2023-09-25;2100;0;914,2;1005,1;914,3;913,8;319,7;37;32,2;11;36,1;32,2;11,7;9,7;12,9;28;20;27;185;2,8;1,2;
2023-09-25;2200;0;915,1;1007;915,1;914,2;-3,1;33;29,1;12,4;32,2;29,1;12,4;10,8;12,8;36;27;36;140;3,4;,8;
2023-09-25;2300;0;915,9;1008,8;915,9;915,1;-3,5;30;26,4;14,1;29,1;26,4;14,2;12,5;12,8;47;36;47;145;2,6;1,5;
2023-09-26;0000;0;916,4;1009,3;916,4;915,9;-3,5;28;26,4;13,7;26,6;25,8;14,4;13,7;12,8;49;46;46;168;2,2;1,3;
2023-09-26;0100;0;916,6;1010,3;916,7;916,4;-3,3;27;24,2;15;26,6;24,2;15,2;13,8;12,8;57;45;57;147;3,4;2,2;
2023-09-26;0200;0;916,1;1009,5;916,7;916,1;-3,5;26;24,8;14,2;24,8;23,9;15,1;14,2;12,8;57;52;52;158;3,4;1,8;
2023-09-26;0300;0;915,9;1010;916,1;915,9;-3,5;25;22,6;14,5;24,8;22,4;15;14,3;12,7;62;52;60;152;3,2;1,8;
2023-09-26;0400;0;915,3;1009,5;915,9;915,3;-3,5;24;22,1;14,1;24;22;14,6;13,8;12,7;63;54;60;154;3;1,4;
2023-09-26;0500;0;915,2;1009,6;915,3;915,1;-3,5;23;21,5;14,3;22,4;20,9;14,3;14,1;12,7;66;60;63;144;3;1,6;
2023-09-26;0600;0;914,8;1009,3;915,2;914,8;-3,5;23;21,3;13,8;22;21,3;14,3;13,7;12,7;64;60;63;154;2,8;1,4;
2023-09-26;0700;0;914,9;1009,8;914,9;914,7;-3,5;22;19,9;14,1;21,3;19,9;14,2;13,9;12,6;69;63;69;150;2,2;1,4;
2023-09-26;0800;0;915,4;1010;915,4;914,9;-3,4;21;21,1;14,3;21,1;19,2;14,4;14;12,6;73;65;65;150;2,4;1,4;
2023-09-26;0900;0;915,9;1010,7;915,9;915,4;-,2;21;20,6;14,1;21,4;20,2;14,3;13,9;12,6;68;64;67;144;2,6;2,2;
2023-09-26;1000;0;916,2;1010,1;916,2;915,9;246,7;22;23,4;14,1;23,5;20,1;14,5;13,9;13,1;69;55;56;149;3,2;1,7;
2023-09-26;1100;0;916,7;1009,1;916,7;916,2;975,6;25;28;14;28;23,4;15,5;14;13,6;57;42;42;125;4;1,5;
2023-09-26;1200;0;917,1;1008,3;917,2;916,7;1747,1;29;31,9;13,6;31,9;28;14,8;12,6;13,5;43;32;33;87;4,4;1,9;
2023-09-26;1300;0;917,1;1008;917,2;917,1;2477,2;33;33;13,7;33,2;31,6;13,9;12,7;13,4;33;30;31;74;5;1,9;
2023-09-26;1400;0;916,4;1006,4;917,1;916,4;2953,9;35;35,6;13,5;35,6;32,9;14,2;12,5;13,4;31;26;27;59;5,3;2,1;
2023-09-26;1500;0;915,3;1005,1;916,4;915,3;3208,1;37;36;10,9;37,2;34,6;13,6;10,5;13,3;27;21;22;55;6,5;1,6;
2023-09-26;1600;0;914;1003,5;915,2;914;3012,4;39;36,5;11,4;37,6;35,8;11,6;10,1;13,4;22;20;22;20;6,2;2,1;
2023-09-26;1700;0;912,9;1001,9;914;912,9;2475,8;39;37,9;10,1;38,4;35,8;11,7;9,6;13,3;22;19;19;323;6,2;3,2;
2023-09-26;1800;0;912,2;1001,4;912,9;912,2;2622,3;40;37,1;10,2;38,5;36,7;11;9,7;13,2;20;19;20;339;7,6;3,1;
2023-09-26;1900;0;912;1001,2;912,2;911,9;1781,5;40;36,8;10,4;37,6;36,6;11,4;10,2;13,3;21;20;20;335;6;3,6;
2023-09-26;2000;0;912,3;1001,8;912,3;911,9;784,2;38;36;11,4;37,2;35,9;11,4;10;13;23;20;23;314;6;2,1;
2023-09-26;2100;0;912,9;1003,8;912,9;912,3;217,3;36;31,8;13,1;36,1;31,8;13,4;10,8;12,9;32;22;32;67;5;,7;
2023-09-26;2200;0;913,6;1005,2;913,6;912,8;-2,3;33;29,6;13,7;31,8;29,1;14,2;12,9;12,8;40;32;38;237;1,5;,8;
2023-09-26;2300;0;914,3;1006,5;914,3;913,6;-3,2;31;28,1;14,8;30,4;28;14,9;13,2;12,8;45;36;44;127;1,6;,5;
2023-09-27;0000;0;915,1;1007,5;915,1;914,3;-3,3;30;27,7;15,2;30,7;27;15,4;13,7;12,8;49;36;47;147;2,2;,7;
2023-09-27;0100;0;915,3;1008,3;915,3;915,1;-3,5;28;25,8;15,7;27,9;25,4;15,8;14,4;12,8;55;44;54;171;1,1;,5;
2023-09-27;0200;0;915,7;1009,3;915,7;915,3;-3,5;27;24;16;25,9;24;16;15,1;12,8;61;53;61;188;1,2;,3;
2023-09-27;0300;0;915,4;1009,1;915,7;915,3;-3,5;25;23,6;15,9;24,5;23,5;16,2;15,6;12,7;63;58;62;40;1,4;,2;
2023-09-27;0400;0;914,9;1008,8;915,4;914,9;-2,4;25;23,1;16,5;24;22,6;16,6;15,7;12,7;68;60;67;166;1,4;,7;
2023-09-27;0500;0;914,8;1008,7;915;914,6;-,5;24;23;17;24,1;22,2;17,4;16,5;12,7;75;63;69;113;3,3;,7;
2023-09-27;0600;0;914,5;1008,6;914,9;914,5;-1,2;24;22,3;17,5;23,3;22;17,7;17;12,7;76;68;75;131;1,8;,9;
2023-09-27;0700;0;914,4;1008,8;914,5;914,3;-3,5;23;21,3;17,9;22,3;21,3;17,9;17,5;12,6;81;75;81;163;2,1;1,4;
2023-09-27;0800;0;914,6;1009,1;914,6;914,4;-3,5;22;21;18,4;21,4;20,6;18,4;17,8;12,6;85;81;85;161;2,3;,9;
2023-09-27;0900;0;914,9;1009,5;915;914,5;-1,4;22;20,8;18,1;21,4;20,4;18,8;18;12,6;86;83;85;146;2,4;1,5;
2023-09-27;1000;0;915,6;1009,9;915,6;914,9;242,4;22;22,1;18,2;22,1;20,6;18,4;17,9;13,1;85;79;79;141;2,3;1,2;
2023-09-27;1100;0;916,9;1010,6;917;915,6;461;24;24,1;19,8;24,9;22,1;19,8;18;13,3;79;70;77;35;2,3;,9;
2023-09-27;1200;0;916,7;1009,1;917;916,7;1008;27;28,1;18;28,1;24,1;20,1;17,7;13,4;77;53;54;130;2,8;,9;
2023-09-27;1300;0;916,3;1007,7;916,7;916,3;1696,3;30;31;17,6;31;28;18,3;17,1;13,5;55;45;45;30;3,6;1,7;
2023-09-27;1400;0;915,7;1006,3;916,3;915,7;2733,9;33;33,5;15,8;34,3;30,7;17,7;15,4;13,5;45;34;35;264;7,5;4,5;
2023-09-27;1500;0;914,6;1005,1;915,7;914,6;2439,4;35;33,6;16;35;33,1;16,7;15,5;13,4;36;33;35;234;7,9;4,2;
2023-09-27;1600;1,2;914;1006,8;914,6;913,8;2029,8;34;26,1;20,8;35;24,6;20,8;11,8;13,5;73;29;73;205;17;,9;
2023-09-27;1700;,4;913;1005,8;914;912,9;1298;31;25,6;18,8;28,4;24,9;21,5;18,2;13,4;74;56;66;226;15,4;6,9;
2023-09-27;1800;,2;913,1;1005,9;913,2;912,7;613;28;25,8;20,4;28,5;24,9;20,8;18;13,2;77;57;72;258;15,4;3,6;
2023-09-27;1900;,4;915,6;1009,6;915,6;913;207,2;27;22,8;19,8;26,7;22,8;21,1;19,8;12,9;84;67;84;41;8,7;3;
2023-09-27;2000;,6;915,4;1009,9;915,6;915,1;10,3;25;21,4;20,1;22,8;21,4;20,1;19,8;12,8;92;84;92;141;6,1;1,4;
2023-09-27;2100;0;915,8;1010,5;915,9;915,4;11,5;23;21;19,2;21,6;21;20,2;19,2;12,8;93;89;89;97;5,8;2,2;
2023-09-27;2200;,2;915,1;1009,8;915,8;915;-1,9;23;20,7;19,2;21;20,6;19,3;19;12,8;91;88;91;124;5,9;2,3;
2023-09-27;2300;0;915,2;1009,8;915,2;914,8;-3,4;22;20,9;19,5;20,9;20,7;19,5;19,1;12,7;92;90;92;129;4,8;2,2;
2023-09-28;0000;0;916,7;1011,6;916,7;915,2;-3,3;22;20,7;19,5;20,9;20,7;19,6;19,5;12,7;93;92;93;144;4,1;1,1;
2023-09-28;0100;0;917,9;1012,7;918,2;916,7;-3,1;22;21,2;19,1;21,4;20,7;19,9;19;12,7;93;87;87;158;9,3;1,2;
2023-09-28;0200;0;917,5;1012,4;917,9;917,5;-3;22;20,8;19,3;21,2;20,7;19,4;19,1;12,7;92;88;92;122;3,5;1,2;
2023-09-28;0300;0;917,1;1012;917,5;917,1;-3,1;22;20,8;19,2;21;20,7;19,4;19,1;12,7;92;89;90;144;2,5;1,3;
2023-09-28;0400;0;917;1011,8;917,2;916,8;-2,3;22;20,9;19,2;20,9;20,7;19,3;19,1;12,7;91;90;90;157;2,8;1,6;
2023-09-28;0500;0;916,8;1011,7;917,1;916,7;-2,9;22;20,6;19,1;21;20,5;19,3;19;12,6;92;89;91;153;2,8;,9;
2023-09-28;0600;0;916,9;1012;916,9;916,6;-3,5;21;20,1;19;20,8;20;19,4;18,7;12,6;94;90;94;9;2,6;1,1;
2023-09-28;0700;0;916,2;1011,3;917;916,2;-3,4;21;19,7;18,7;20,1;19,7;19;18,7;12,6;94;94;94;114;2,1;,8;
2023-09-28;0800;0;916,5;1011,8;916,6;916,1;-3,2;21;19,2;18,3;19,7;19,2;18,8;18,3;12,6;95;94;94;128;1,7;,5;
2023-09-28;0900;0;916,9;1012,3;916,9;916,5;-,5;20;19,1;18,2;19,4;19,1;18,5;18,2;12,6;95;94;94;123;2,2;,8;
2023-09-28;1000;0;917,4;1012,3;917,5;916,8;247,3;20;20,7;19,8;20,7;18,9;19,8;18;13,2;95;94;94;151;2,9;1,4;
2023-09-28;1100;0;918,2;1012,7;918,2;917,4;542,4;22;22,2;20;22,2;20,7;20,3;19,3;13,3;94;86;88;118;2,7;1,1;
2023-09-28;1200;0;918,4;1012,5;918,4;918,1;1116;24;23,6;19,3;24,1;22,1;20,2;19,1;13,4;88;75;77;44;3,5;1,6;
2023-09-28;1300;0;919,1;1013,1;919,1;918,4;846,2;25;24;19,7;24,2;23,4;20;19,1;13,4;79;74;77;92;3,5;1;
2023-09-28;1400;0;918,7;1012,1;919,1;918,7;1676,1;27;25,8;19,3;26,8;23,9;20,7;19,1;13,7;77;66;68;185;3,4;1,5;
2023-09-28;1500;0;918,7;1011,7;918,8;918,7;2124,6;28;26,8;19,3;27,1;25,2;20,3;18,7;13,6;72;62;64;139;4,8;1,9;
2023-09-28;1600;0;918,1;1010,7;918,7;918;2768,1;30;28,1;18,5;29,1;26,6;20,3;18,4;13,4;65;54;56;124;5;2,2;
2023-09-28;1700;0;917,5;1009,7;918,1;917,5;2457,4;31;29,1;18,6;30,5;27,6;19,2;17,2;13,6;58;47;53;185;4,3;2;
2023-09-28;1800;0;917;1009,1;917,5;917;1475,5;32;29,3;17,2;30,1;28,6;18,5;16,7;13,3;53;46;48;121;4,2;,9;
2023-09-28;1900;0;916,8;1009,3;917;916,6;1883,6;32;27,8;18,2;30,5;27,8;19,3;16,8;13,3;56;44;56;199;8,5;5,5;
2023-09-28;2000;0;916,9;1010,1;916,9;916,8;934,9;30;25,8;18,1;27,8;25,8;18,5;18;13,1;62;56;62;190;8,5;4,3;
2023-09-28;2100;0;917,7;1011,7;917,7;916,9;281,5;27;23,7;17,7;25,8;23,7;18,2;17,7;13;69;62;69;153;7,3;2,5;
2023-09-28;2200;0;918,4;1012,8;918,4;917,7;,7;25;22,5;17,4;23,7;22,5;17,7;17,4;12,8;73;69;73;158;4,9;1,7;
2023-09-28;2300;0;918,9;1013,7;918,9;918,4;-3,5;24;21,4;17,1;22,5;21,4;17,5;17,1;12,8;77;73;77;182;4,5;1,4;
2023-09-29;0000;0;919,9;1015,2;919,9;918,9;-3,5;23;20,4;16,8;21,4;20,4;17,2;16,7;12,8;80;77;80;181;2,9;1,3;
2023-09-29;0100;0;920,3;1015,7;920,4;919,9;-3,5;22;20,1;16,6;20,8;20;16,9;16,5;12,8;80;78;80;162;3;,7;
2023-09-29;0200;0;920;1015,8;920,4;919,8;-3,5;21;18,9;16,4;20,1;18,7;16,6;16,1;12,8;85;80;85;294;1,3;,4;
2023-09-29;0300;0;920;1015,5;920;919,9;-3,5;20;19,7;17;19,7;17,9;17,1;15,8;12,7;90;83;85;130;2,6;1;
2023-09-29;0400;0;919,9;1015,5;920;919,7;-3,5;20;19,6;16,7;19,7;18,9;17;16,3;12,7;86;83;84;125;3,5;1,5;
2023-09-29;0500;0;919,2;1014,7;919,9;919,2;-3,5;20;19,6;16,5;20,2;19,5;16,9;16,4;12,7;84;80;82;120;3,9;1,7;
2023-09-29;0600;0;919,1;1014,7;919,2;919;-3,5;20;19,2;16,3;19,9;19,2;16,6;16,2;12,7;83;81;83;152;3,9;1,1;
2023-09-29;0700;0;919,4;1015,1;919,4;919,1;-3,5;20;19,1;16,1;19,3;19;16,3;16;12,7;83;83;83;136;4;1,7;
2023-09-29;0800;0;919,9;1015,8;919,9;919,4;-3,5;20;18,6;15,8;19,1;18,6;16,1;15,8;12,6;84;82;84;142;3,7;1,5;
2023-09-29;0900;0;921,1;1017,2;921,1;919,9;-1,1;19;18,4;15,5;18,6;18,2;15,8;15,5;12,6;86;83;83;119;3,3;1,6;
2023-09-29;1000;0;922,1;1018,1;922,1;921,1;214,9;19;18,9;15,5;19;18,3;15,6;15,1;13,1;83;80;80;109;5;1,9;
2023-09-29;1100;0;922,8;1018;922,8;922,1;1037,7;21;21,4;15,6;21,4;18,9;15,6;14,7;13,8;80;69;70;103;7;2,3;
2023-09-29;1200;0;922,8;1017,3;922,9;922,7;1871;24;23,7;16,5;24,1;21,4;16,8;15,2;13,9;70;63;64;69;7;2,5;
2023-09-29;1300;0;922,9;1017;923;922,8;2631;26;24,9;16,4;25,3;23,6;17;15,7;13,8;65;58;59;73;7;2,2;
2023-09-29;1400;0;922,7;1015,7;923;922,7;3003;28;28;18;28;24,8;18;16,2;13,6;60;54;54;96;6,1;2,3;
2023-09-29;1500;0;921,8;1015;922,7;921,8;3218,3;30;27,4;17;28,4;26,1;17,9;16,3;13,5;56;52;53;98;6,6;2,5;
2023-09-29;1600;0;920,7;1013,1;921,8;920,7;3245,7;31;29,5;17;30,1;27,3;17,8;16,5;13,5;54;47;47;115;5,1;1,6;
2023-09-29;1700;0;919,9;1011,9;920,7;919,9;3102,4;33;30,4;16,3;31,2;29,2;17,3;15,8;13,6;48;40;43;221;4,5;1,5;
2023-09-29;1800;0;919,1;1010,7;919,9;918,9;2321,1;34;31,4;15,9;32;29,5;17,1;15,5;13,2;44;38;39;357;7;2,4;
2023-09-29;1900;0;918,7;1010,6;919,1;918,7;1256,9;34;30,3;16,4;31,6;30;16,7;15,5;13,1;45;39;43;138;7;1,5;
2023-09-29;2000;0;918,5;1010,5;918,7;918,4;614,8;33;29,8;16,9;30,8;29,5;16,9;16,2;13;46;42;46;122;4,3;1,4;
2023-09-29;2100;0;918,7;1011,4;918,7;918,4;204,7;31;27,9;17,2;29,8;27,9;17,3;16,6;12,9;52;45;52;148;2,9;,9;
2023-09-29;2200;0;919,5;1012,8;919,5;918,7;-1,7;29;26,1;17,3;27,9;26,1;17,4;17,1;12,8;58;52;58;156;2,3;1,1;
2023-09-29;2300;0;920,2;1014,1;920,2;919,4;-3,5;27;24,6;17,6;26,1;24,6;17,6;17,3;12,8;65;58;65;144;2,6;1,2;
2023-09-30;0000;0;921,1;1015,6;921,1;920,2;-3,5;25;23;17,5;24,6;23;17,7;17,4;12,8;71;65;71;150;2,4;1,5;
2023-09-30;0100;0;921,4;1016,3;921,4;921,1;-3,5;24;21,9;17,5;23,7;21,7;17,7;17,2;12,8;77;68;76;161;2,6;1,3;
2023-09-30;0200;0;921,1;1015,9;921,4;920,9;-3,5;23;22,1;17,3;22,7;21,3;17,6;17,1;12,8;78;72;74;134;2,5;,9;
2023-09-30;0300;0;921;1016,1;921,2;920,9;-3,5;23;21,4;17,2;22,2;21,3;17,4;17;12,7;77;74;77;153;2,3;1,2;
2023-09-30;0400;0;920,3;1015,6;921;920,3;-3,5;22;20,4;17;21,5;20,4;17,3;16,9;12,7;81;77;81;151;3,1;1,4;
2023-09-30;0500;0;919,8;1014,9;920,3;919,8;-3,5;22;20,8;17;21,2;20,4;17,3;17;12,7;81;78;79;157;2,8;1;
2023-09-30;0600;0;919,7;1015,6;919,8;919,6;-3,5;21;18,5;16,5;20,8;18,5;17,5;16,1;12,7;88;79;88;144;1,8;,9;
2023-09-30;0700;0;919,7;1015,6;919,9;919,7;-3,5;20;18,5;16,9;19,2;18,4;17,6;16,6;12,7;91;88;90;150;3;1,2;
2023-09-30;0800;0;920,1;1015,9;920,1;919,7;-3,5;20;19,1;17,4;19,2;18,4;17,6;16,8;12,6;91;89;90;162;2,7;,9;
2023-09-30;0900;0;920,4;1016;920,4;920,1;1,2;20;19,6;17,5;19,9;18,8;17,9;17;12,6;91;87;88;122;2,8;1,3;
2023-09-30;1000;0;920,8;1015,8;920,8;920,4;286,2;20;21,5;18,1;21,5;19,6;18,1;17,5;13,1;88;81;81;110;3,3;1,5;
2023-09-30;1100;0;921,4;1015,8;921,4;920,8;1096,6;23;23,6;18;23,7;21,5;18,3;17,7;13,6;81;70;71;94;6,2;2;
2023-09-30;1200;0;921,5;1015,4;921,6;921,4;1949,9;25;25,1;17,4;25,7;23,6;18,2;17,2;13,7;71;61;62;78;6,6;2,4;
2023-09-30;1300;0;921,4;1014,4;921,7;921,4;2666,8;28;27,8;17,4;28,1;25,1;18,1;16,9;13,7;63;53;53;82;6,1;2,4;
2023-09-30;1400;0;921,1;1013,5;921,5;921,1;3168,7;30;29,4;17,6;29,4;27,1;17,8;16,9;13,5;55;49;49;52;6,8;2,3;
2023-09-30;1500;0;920,3;1012,6;921,1;920,3;3412,9;31;29,6;16,8;30,4;28,1;17,8;16,4;13,5;51;45;46;80;6,3;2,2;
2023-09-30;1600;0;919,6;1011,5;920,4;919,6;3360,7;33;30,6;16,3;31,3;29,2;17,4;16,1;13,5;47;42;42;63;10;2;
2023-09-30;1700;0;918,4;1010,1;919,6;918,4;2900,9;34;30,9;15,7;32,2;30,1;17,1;15,6;13,5;43;39;40;112;5,6;2;
2023-09-30;1800;0;917,7;1009,3;918,4;917,6;2065,1;35;30,8;15,6;32,8;30,8;16,6;15;13,1;40;35;40;50;5,3;2,3;
2023-09-30;1900;0;917,1;1008,5;917,7;917,1;1576,1;34;31,3;15,1;32,4;30,7;16,3;14,8;13,3;41;36;38;112;5,8;2,1;
2023-09-30;2000;0;916,7;1008,9;917,1;916,7;619,7;33;28,7;16,1;31,7;28,5;16,1;15,1;13;47;37;46;141;5,8;1,7;
2023-09-30;2100;0;917;1009,4;917;916,6;139,2;31;28,1;16,6;28,7;28,1;16,6;16;12,9;50;46;50;113;4,1;,9;
2023-09-30;2200;0;917,4;1010,4;917,5;917;-1,4;29;26,5;16,7;28,1;26,5;16,7;16,4;12,8;55;50;55;133;3,2;,9;
2023-09-30;2300;0;918,2;1011,6;918,2;917,3;-3,5;27;25,5;17,2;26,5;25,3;17,2;16,7;12,8;60;55;60;127;3,2;1,1;
2023-10-01;0000;1;920,4;1015,3;920,4;918,2;-2,3;26;21,8;18,6;25,5;21,8;18,8;17,1;12,8;82;60;82;288;11,6;6,8;
2023-10-01;0100;21,4;920,3;1015,7;921;920,3;,3;23;20,3;19,3;21,8;20;19,3;18;12,8;94;82;94;134;11,9;1,4;
2023-10-01;0200;,8;919,4;1014,6;920,4;919,4;-2,4;22;20,6;19,7;20,6;20,2;19,7;19,2;12,7;94;94;94;156;3;1,8;
2023-10-01;0300;,2;919,1;1014,1;919,4;918,9;-3,2;22;21;19,8;21,1;20,6;20;19,6;12,7;94;93;93;310;3,1;,7;
2023-10-01;0400;0;919;1014,1;919,2;918,9;-1,7;22;20,8;19,9;21,3;20,4;20,1;19,3;12,7;94;92;94;194;2,4;,6;
2023-10-01;0500;0;918,2;1013,1;919;918,1;-1,6;22;20,9;19,9;21;20,5;20;19,5;12,7;94;94;94;137;2,3;1,2;
2023-10-01;0600;0;917,2;1012;918,2;917,2;-1,7;22;20,9;20;21;20,8;20,1;19,9;12,7;94;94;94;121;3;1,1;
2023-10-01;0700;0;916,9;1011,6;917,2;916,8;-2,2;22;21,2;20;21,2;20,9;20,1;19,9;12,6;94;92;92;145;3;1,5;
2023-10-01;0800;0;917,3;1012;917,3;916,9;-1,5;22;21,2;19,7;21,3;21,1;20;19,7;12,6;92;90;91;121;3;1;
2023-10-01;0900;4,2;918,2;1013,1;918,3;917,3;-1,3;22;20,9;19,6;21,2;20,8;20;19,5;12,6;93;91;92;276;4,4;2,3;
2023-10-01;1000;,6;918,5;1013,4;918,5;918,1;99,8;22;21;19,7;21;20,7;19,7;19,5;12,8;93;92;92;231;4,4;2,3;
2023-10-01;1100;0;919,5;1014,3;919,5;918,5;284,5;22;21,6;20,1;21,6;21;20,2;19,7;13,2;93;91;91;147;3,6;,7;
2023-10-01;1200;0;919,7;1014,3;919,8;919,5;819;23;22,3;19,8;22,3;21,6;20,3;19,4;13,4;91;84;86;146;2,3;1,3;
2023-10-01;1300;0;919,9;1014,3;919,9;919,7;853,3;24;23;19,7;23,1;22,2;20,5;19,4;13,5;88;81;82;109;2,6;1;
2023-10-01;1400;2;919,5;1014,1;919,9;919,4;440,5;24;22,4;20,8;23;22,1;20,8;19,6;13,3;91;81;91;127;2,3;,8;
2023-10-01;1500;9;918,7;1013,1;920,4;918,7;595,5;24;22,6;21,4;22,6;21,3;21,4;19,6;13,5;94;89;93;100;4,5;1,4;
2023-10-01;1600;0;918,1;1012,3;918,7;918,1;706,7;24;23;20,9;23;22,4;21,4;20,6;13,6;93;87;88;111;3,8;1,1;
2023-10-01;1700;0;916,7;1010,3;918,1;916,7;2012,8;26;24,6;20,7;24,9;23;22,4;19,6;13,8;88;75;79;66;4,9;1,8;
2023-10-01;1800;0;915,6;1008,9;916,7;915,6;2556,4;28;25;20;25,9;24,1;21,5;19,5;13,7;80;71;74;68;5,7;1,8;
2023-10-01;1900;0;915,4;1008,6;915,8;915,2;1776,3;28;25,4;20,1;26,5;24,9;21,3;19,7;13,8;76;71;73;110;5,5;2,6;
2023-10-01;2000;7,2;916;1010,9;916,3;913,7;751,1;27;20,4;18,1;26;20,4;20,9;17,9;13;87;71;87;169;12,6;4,8;
2023-10-01;2100;31,8;915,7;1010,8;916,1;915,6;33,2;23;19,8;19;20,4;19,6;19,1;18,5;12,8;95;87;95;64;12,6;1,7;
2023-10-01;2200;2,8;917,2;1012,5;917,8;915,7;-,3;21;19,4;18,5;19,8;19,4;18,9;18,5;12,8;95;94;94;38;5,4;2,3;
2023-10-01;2300;2,2;916,9;1012,2;917,3;916,7;-1,7;21;19,5;18,6;19,5;19,3;18,6;18,4;12,8;95;94;94;146;4,7;1,6;
2023-10-02;0000;,2;917,7;1012,9;917,7;916,6;-2,3;21;20;19,1;20,1;19,5;19,2;18,6;12,8;95;94;94;142;3,5;1,1;
2023-10-02;0100;,2;918;1013,2;918,2;917,6;-1,8;21;20,1;19,1;20,4;19,9;19,3;18,9;12,7;94;94;94;98;2,9;,8;
2023-10-02;0200;1,2;918,5;1013,7;918,5;917,9;-2;21;20,1;19,2;20,1;19,9;19,2;19;12,7;95;94;95;146;2;,5;
2023-10-02;0300;1,4;918,8;1014;918,8;918,3;-1,9;21;20,3;19,3;20,4;20;19,5;19,1;12,7;95;94;94;281;2,6;1,4;
2023-10-02;0400;1,8;917,6;1012,8;918,8;917,6;,4;21;19,9;18,9;20,3;19,8;19,3;18,8;12,7;94;94;94;119;5;,8;
2023-10-02;0500;34,6;916,9;1012,2;918,1;916,9;-1,6;21;19,5;18,6;20;19,4;19,1;18,6;12,7;95;94;95;145;5,1;2,1;
2023-10-02;0600;0;916,2;1011,5;916,9;916,2;-2,6;21;19,2;18,4;19,5;19,2;18,7;18,4;12,7;95;95;95;132;4,4;,9;
2023-10-02;0700;0;916;1011,4;916,3;915,9;-1,7;20;19;18,2;19,3;19;18,5;18,2;12,6;95;95;95;159;2,6;,9;
2023-10-02;0800;0;916,3;1011,8;916,3;916;-2,3;20;18,7;18;19,1;18,7;18,3;18;12,6;95;95;95;156;1,5;,4;
2023-10-02;0900;0;916,6;1012,1;916,8;916,2;0;20;18,9;18,2;18,9;18,7;18,2;17,9;12,6;95;95;95;141;1,7;1,1;
2023-10-02;1000;0;917,4;1012,9;917,4;916,6;71,5;20;19,1;18,3;19,1;18,7;18,3;18;12,7;95;95;95;185;1,7;,6;
2023-10-02;1100;0;917,8;1012,9;917,8;917,3;441,9;20;20,2;19,4;20,2;19;19,4;18,3;13,3;95;95;95;142;2,3;1;
2023-10-02;1200;0;918,1;1012,2;918,1;917,8;1552,6;23;23,3;18,1;23,4;20,2;20,9;17,8;13,8;95;71;72;270;2,5;1,1;
2023-10-02;1300;0;918,3;1011,7;918,3;918,2;2382,6;25;25,5;18,8;25,6;23,3;19,5;17,4;13,7;74;66;66;302;3,7;1,2;
2023-10-02;1400;0;917,7;1010,5;918,3;917,7;3285;27;27,1;19;27,3;25;20,4;17,5;13,6;71;58;61;346;5;2,5;
2023-10-02;1500;0;917,1;1009,6;917,7;917,1;3090,3;29;27,8;18,3;28,6;26,3;19,9;17,8;13,6;64;55;56;279;6,1;2,9;
2023-10-02;1600;0;916,3;1008,4;917,1;916,3;2883,8;30;28,8;18,7;29,1;27,3;20,2;18;13,6;62;54;54;273;6,6;2,8;
2023-10-02;1700;0;915,2;1006,9;916,3;915,2;2599,3;31;29,7;19;29,7;27,8;19,9;18,1;13,5;58;51;53;243;6;2,8;
2023-10-02;1800;,6;913,9;1006,6;915,2;913,9;2230,8;31;26,4;20,4;30,4;26,4;20,4;17,8;13,3;70;48;70;301;6,3;3,1;
2023-10-02;1900;,2;913,6;1006,5;913,9;913,6;823;28;25,6;20,2;27,7;24,2;21,4;18,4;13,2;76;63;72;94;10,8;,9;
2023-10-02;2000;0;913,9;1006,3;914;913,5;831,5;29;27,2;19,9;27,2;25,6;20,9;19,5;13,1;72;64;64;137;2,3;,7;
2023-10-02;2100;0;914,3;1007,3;914,3;913,9;187,7;28;25,4;19,3;27,5;25,3;20,4;19,3;12,9;71;63;69;203;5,4;3,7;
2023-10-02;2200;0;914,8;1008,2;915,1;914,3;-2,2;26;24,4;19,8;25,5;24,4;19,8;19,2;12,8;76;69;75;64;5,4;,7;
2023-10-02;2300;0;915,8;1009,8;915,8;914,8;-3,5;25;23;20;24,4;23;20,5;19,5;12,8;83;74;83;148;2,7;1,6;
2023-10-03;0000;0;916,5;1010,7;916,5;915,8;-3,5;24;22,7;19,1;23,3;22,6;20;19;12,8;83;79;80;114;5,2;1,2;
2023-10-03;0100;0;916,5;1010,9;916,6;916,3;-3;24;22,1;19,1;22,7;22;19,3;18,8;12,8;84;79;83;126;3,3;1,6;
2023-10-03;0200;42,4;918;1013,6;918,4;916,5;0;23;18,8;17,6;22,1;18,8;19,5;17,6;12,8;94;82;93;31;8,2;2,7;
2023-10-03;0300;9;917,1;1012,6;918,2;916,8;-,4;21;19;18,1;19,1;18,5;18,3;17,5;12,7;95;93;95;110;7,2;,6;
2023-10-03;0400;0;917,4;1013;917,4;916,7;-1,3;20;18,8;17,9;19,4;18,7;18,5;17,7;12,7;95;94;94;314;3,9;2,6;
2023-10-03;0500;2,4;916,4;1011,7;917,4;916,4;0;20;19,2;18;19,5;18,8;18,5;17,9;12,7;94;92;93;126;4,8;1,1;
2023-10-03;0600;0;916,4;1011,7;916,6;916,2;-1,5;20;19,4;18,4;19,4;19,2;18,4;18;12,7;94;93;94;57;3,7;1;
2023-10-03;0700;0;916,5;1011,8;916,5;916,3;-1,4;20;19,2;18,2;19,6;19,2;18,4;18,1;12,7;94;92;94;147;2,3;1,3;
2023-10-03;0800;0;916,8;1012,2;916,8;916,5;-2,5;20;19,1;18,1;19,4;19,1;18,4;18,1;12,6;94;94;94;131;4,1;1,5;
2023-10-03;0900;0;917,4;1012,9;917,4;916,8;5,5;20;19;18;19,1;18,9;18,2;17,9;12,6;94;94;94;151;2,7;1,3;
2023-10-03;1000;0;917,9;1013,3;917,9;917,4;146,5;20;19,5;18,5;19,5;19;18,5;18,1;12,9;94;93;94;187;2,8;,9;
2023-10-03;1100;0;918,6;1013,3;918,6;917,9;785,5;21;21,6;18,9;21,8;19,5;19,6;18,5;13,5;94;83;84;159;1,9;,7;
2023-10-03;1200;0;919,1;1013,5;919,1;918,6;900,5;23;22,7;19;23,1;21,7;19,2;18,1;13,4;85;74;80;220;2,5;1,2;
2023-10-03;1300;0;919;1012,5;919,2;919;2639,2;26;25,6;18,8;25,7;22,7;19,6;18,2;13,8;80;66;66;341;3,1;1,5;
2023-10-03;1400;0;918,7;1011,7;919;918,7;3423,4;28;26,8;19,2;27;25,5;20;18,3;13,6;69;62;63;331;5,9;2,4;
2023-10-03;1500;0;918,1;1010,7;918,7;918,1;2995,9;29;28;18,7;28,4;26,8;20,4;18,5;13,7;65;56;57;257;6,2;3,3;
2023-10-03;1600;0;916,9;1009;918,1;916,9;3642;30;29,2;19,3;29,6;28;19,6;17,9;13,4;60;52;55;250;6,5;3,1;
2023-10-03;1700;0;915,8;1007,4;916,9;915,8;2883,3;31;30,5;18,2;30,7;29,1;19,9;17,3;13,5;56;45;48;288;6,1;1,8;
2023-10-03;1800;0;914,8;1006,3;915,8;914,8;2264;32;30,5;18,2;31,3;29,4;19,4;17;13,5;53;42;48;281;5,1;3;
2023-10-03;1900;0;914,4;1005,7;914,9;914,4;1947,4;33;30,8;17,7;31,5;30,2;18,7;17;13,5;49;42;46;267;5,8;2,8;
2023-10-03;2000;0;914,4;1005,8;914,4;914,2;1183,4;33;30,4;17,3;31,5;30,4;18,7;15,9;13,1;48;41;45;223;5,1;1,4;
2023-10-03;2100;0;914,7;1007;914,7;914,4;339,4;32;27,7;19,6;30,6;27,5;20,7;17,1;12,9;66;45;62;195;3,1;,4;
2023-10-03;2200;0;915;1008,3;915,1;914,6;-,2;29;24,9;20;27,7;24,9;21;18,7;12,8;77;60;74;40;1,2;,6;
2023-10-03;2300;0;915,8;1009,8;915,8;915;-3,5;26;22,9;19,8;24,9;22,9;20,9;19,7;12,8;82;74;82;153;2,1;,9;
2023-10-04;0000;0;916,6;1011,1;916,6;915,8;-3,5;24;21,8;19,4;23;21,8;19,8;19,3;12,8;86;81;86;145;2,8;1,2;
2023-10-04;0100;0;916,9;1011,5;916,9;916,6;-3,5;24;21,4;18,7;22,8;21,4;19,5;18,7;12,8;87;80;85;197;2,6;1,1;
2023-10-04;0200;0;917,3;1012,1;917,3;916,9;-3,5;23;20,9;19;22;20,7;19,3;18,6;12,8;90;84;89;150;2,8;1,7;
2023-10-04;0300;0;917,1;1012,1;917,3;917;-3,5;22;20,3;18,7;21;20,3;19;18,6;12,7;91;88;91;156;2,8;1,2;
2023-10-04;0400;0;916,6;1011,7;917,1;916,6;-3,5;22;20;18,5;20,6;20;19,1;18,5;12,7;92;90;91;148;2,2;1,5;
2023-10-04;0500;0;915,7;1010,6;916,6;915,7;-3,5;21;20,3;18,9;20,3;19,9;19;18,5;12,7;93;91;92;155;2,3;1,7;
2023-10-04;0600;0;915,2;1010,2;915,7;915,2;-3,4;21;19,7;18,6;20,3;19,4;19;18,3;12,7;94;91;93;148;2,2;1,4;
2023-10-04;0700;0;915,1;1010,2;915,2;915;-2,8;21;19,5;18,5;19,7;19,3;18,6;18,2;12,7;94;93;94;146;2,6;1,6;
2023-10-04;0800;0;915,6;1010,7;915,6;914,9;-2,8;20;19,6;18,5;19,6;19,1;18,5;18;12,6;94;94;94;162;2,4;1,3;
2023-10-04;0900;0;915,9;1011,1;915,9;915,4;6,6;20;19,3;18,4;19,7;18,8;18,6;17,8;12,6;94;92;94;178;2,3;1,2;
2023-10-04;1000;0;916,3;1011,1;916,4;915,9;309;20;20,7;19,3;20,7;19,3;19,3;18,4;13,2;94;91;91;156;2,4;1,3;
2023-10-04;1100;0;917,4;1011;917,5;916,4;1168,8;23;24,6;19,7;24,6;20,8;20,1;19,3;13,7;91;73;74;136;3,3;1,4;
2023-10-04;1200;0;916,9;1009,2;917,4;916,9;2054,5;27;28,6;20;28,6;24,6;20,6;19,2;13,7;76;59;60;136;2,7;,8;
2023-10-04;1300;0;917,2;1009,3;917,2;916,6;2262,5;29;29,3;19,2;29,3;27,9;19,9;17,2;13,5;60;50;54;332;5,7;2,9;
2023-10-04;1400;0;917;1008,8;917,3;917;2977,6;31;30,1;18,5;30,3;28,9;19,2;17,3;13,6;55;47;50;319;5,7;3,1;
2023-10-04;1500;0;916,2;1007,9;917;916,2;2942,1;32;30,3;17,5;31,5;29,8;19,7;16,9;13,4;51;43;46;329;6,3;3,2;
2023-10-04;1600;0;915,2;1006,6;916,2;915,2;2096,5;33;30,9;16,8;31,7;30,1;18,2;16,2;13,3;47;41;43;308;5,7;2,4;
2023-10-04;1700;0;913,9;1004,9;915,2;913,9;1935,5;33;31,8;16,5;32,1;30,8;18,2;15,4;13,5;46;38;40;311;6,3;3;
2023-10-04;1800;0;913,2;1004;913,9;913,2;1876,6;34;32,2;15,6;32,4;31;17,5;14,8;13,5;42;35;37;328;6,1;2,6;
2023-10-04;1900;0;913,5;1004,6;913,6;913,1;1237,6;34;31,1;17,6;32,5;31;17,6;15,1;13,1;45;36;44;281;5,8;3,6;
2023-10-04;2000;0;913,5;1005,1;913,5;913,2;430;32;29,5;17,3;31,3;29,5;18,2;16,5;13;50;41;48;289;5,4;2,5;
2023-10-04;2100;0;913,4;1005,8;913,6;913,1;47,8;30;27,1;18,7;29,5;26,8;19,5;16,7;12,8;63;46;60;147;3,9;,9;
2023-10-04;2200;0;914,8;1008;914,8;913,4;-2,2;28;25;18,6;27,6;25;19,3;16,9;12,8;70;54;67;89;7;,4;
2023-10-04;2300;0;915,6;1009,2;915,6;914,7;-3,5;27;24,1;18,3;25,5;24,1;19;17,9;12,8;72;63;70;140;2,1;,9;
2023-10-05;0000;0;915,9;1009,8;916,1;915,6;-3,5;26;23,3;18,8;24,7;23,3;19,5;18,3;12,8;79;68;75;50;2,1;1;
2023-10-05;0100;0;915,6;1009,7;915,9;915,4;-3,2;25;22,6;19,2;23,3;22,6;19,4;18,8;12,8;81;76;81;148;1,9;,5;
2023-10-05;0200;0;915,4;1009,7;916;915,4;-2,7;24;22;19,4;23,3;22;19,9;19,1;12,7;87;78;85;153;1,8;1;
2023-10-05;0300;0;915,6;1009,9;915,8;915,3;-3,3;24;21,9;19,4;22,9;21,8;19,4;18,7;12,7;86;78;85;134;1,9;1,1;
2023-10-05;0400;0;915,3;1009,8;915,8;915,3;-3,4;23;21,3;18,8;22;21,3;19,4;18,7;12,7;86;84;86;145;1,9;,8;
2023-10-05;0500;0;914,3;1008,8;915,3;914,3;-3,5;23;20,9;18,9;21,4;20,9;19,2;18,8;12,7;89;86;89;144;2,3;1,2;
2023-10-05;0600;0;914,3;1008,7;914,4;914,2;-3,5;22;21,2;18,2;22,3;20,7;19;18,1;12,7;89;78;83;83;2,3;,5;
2023-10-05;0700;0;914,7;1009,3;914,7;914,3;-2,5;22;20,8;18,7;21,2;20,4;18,8;18,2;12,6;89;83;88;171;2;,8;
2023-10-05;0800;0;915,3;1009,9;915,3;914,7;-1,8;22;21;18,6;21;20,5;18,9;18,5;12,6;89;85;87;142;2,1;,7;
2023-10-05;0900;0;915,7;1010,3;915,7;915,3;2;22;21,1;18,7;21,3;21;19,1;18,5;12,6;89;84;86;144;1,5;,8;
2023-10-05;1000;0;916,4;1010,9;916,4;915,7;171,3;22;21,8;18,9;21,8;20,9;19,4;18,7;13;89;83;84;146;1,7;,7;
2023-10-05;1100;0;917,3;1011,1;917,3;916,4;659,7;23;23,9;20,2;23,9;21,8;20,2;18,8;13,5;85;76;80;171;2,4;1,2;
2023-10-05;1200;0;917,3;1009,8;917,4;917,2;1573,2;27;27,9;18,8;28;23,9;20;18,1;13,7;80;57;58;308;3,3;1,7;
2023-10-05;1300;0;917;1009,2;917,4;917;2233,4;29;29;18,5;29,6;27,7;19,1;17,8;13,5;59;51;53;322;7,5;3,3;
2023-10-05;1400;0;916,3;1007,9;917;916,3;2889,1;32;30,6;17,6;31,3;29;19,1;17;13,5;53;44;46;308;7,6;2,9;
2023-10-05;1500;0;915,8;1007;916,3;915,8;2411,9;32;31,6;17,6;32;30,1;18,9;16,9;13,5;49;42;43;314;8,8;4;
2023-10-05;1600;0;915,1;1006;915,8;915,1;3287;33;32,5;17,6;33,1;31,2;18,9;16,9;13,5;46;40;41;296;9;5,3;
2023-10-05;1700;0;914,3;1004,8;915,1;914,3;3208,2;35;33,5;15,6;33,8;32,3;18,5;14,3;13,4;42;34;34;313;10,2;3,6;
2023-10-05;1800;0;913,5;1003,7;914,2;913,5;2583,6;35;34;15,4;34,2;32,7;17,6;14,7;13,5;39;32;33;287;9;5,6;
2023-10-05;1900;0;913,2;1003,6;913,5;913,1;1341,7;35;33,3;16,1;34;32,6;17;15;13,5;39;32;36;283;9;4,1;
2023-10-05;2000;0;914,2;1006;914,2;913,1;1011,3;34;29,3;17,2;33,7;29,3;17,8;15,5;13,1;50;34;48;297;10,3;5,7;
2023-10-05;2100;0;914,3;1006,6;914,5;913,9;353;31;27,7;16,5;29,3;27,6;17,5;16,4;12,9;52;47;50;317;10,2;1,6;
2023-10-05;2200;0;915,2;1008,1;915,3;914,3;2,2;29;26,1;18,1;27,9;26;18,2;16,2;12,8;62;49;62;315;3,2;,9;
2023-10-05;2300;0;916,1;1009,8;916,1;915,2;-3,5;27;23,9;18,7;26,1;23,9;19,1;17,8;12,8;74;61;73;101;3,1;1,1;
2023-10-06;0000;0;916,8;1010,5;916,9;916,1;-2,7;26;24,1;18,7;24,7;23,6;19,5;18,3;12,8;76;68;72;105;1,9;,8;
2023-10-06;0100;0;917,5;1011,5;917,5;916,7;-3,5;25;23,4;18,6;24,3;23,2;18,9;18,3;12,8;76;69;74;127;2,3;1,4;
2023-10-06;0200;0;917,4;1011,4;917,6;917,4;-3,5;25;23,4;18,9;23,7;22,9;18,9;18,6;12,8;77;74;76;147;2,8;1,5;
2023-10-06;0300;0;916,9;1011,2;917,4;916,9;-3,5;24;22,5;18,9;23,6;22,4;19;18,7;12,7;80;75;80;152;2,9;1,2;
2023-10-06;0400;0;916,9;1011,1;917,2;916,9;-3,4;24;22,8;18,9;23;22,5;19;18,8;12,7;80;78;79;146;2,9;1,3;
2023-10-06;0500;0;916,6;1010,8;916,9;916,6;-3,5;24;22,7;18,8;22,9;22,5;18,9;18,8;12,7;80;78;79;145;2,8;1,4;
2023-10-06;0600;0;916,8;1011,1;916,8;916,5;-3,5;23;22,5;18,8;22,8;22,4;18,9;18,7;12,7;80;79;80;161;3,1;1,8;
2023-10-06;0700;0;916,8;1011,6;916,9;916,6;-3,5;23;21;18,9;23;20,8;19;18,4;12,7;88;77;88;144;2,8;1,3;
2023-10-06;0800;0;917,6;1012,3;917,6;916,8;-3,5;22;21,4;18,8;22;20,9;19;18,3;12,6;88;82;85;156;2,9;1,5;
2023-10-06;0900;0;918,5;1013,1;918,5;917,5;7,9;22;22,1;18,9;22,1;21,4;18,9;18,6;12,6;85;82;82;155;3,4;2;
2023-10-06;1000;0;919,2;1013,2;919,3;918,5;509,2;23;24,1;19,9;24,1;22;20;18,9;13,3;82;77;77;136;3,5;1,7;
2023-10-06;1100;0;920,2;1013,7;920,3;919,2;970;26;25,7;20,1;25,7;24,1;20,4;19,5;13,5;77;71;71;135;3,3;1,3;
2023-10-06;1200;0;920,8;1013,9;920,8;920,2;1018,8;27;27,2;19,4;27,4;25,6;20,8;19,4;13,7;72;62;63;146;3;1;
2023-10-06;1300;0;921,1;1014,1;921,1;920,8;1196,7;29;27,6;20,2;28,2;27;20,8;19,3;13,3;67;61;64;296;3,9;1,9;
2023-10-06;1400;0;920,7;1014,5;921,2;920,7;410,4;28;25,1;20,8;27,6;25,1;20,8;20;13,3;77;64;77;207;4,6;1,1;
2023-10-06;1500;0;919,9;1013,4;920,7;919,9;757,5;27;25,7;21;25,7;24,4;21,9;20,7;13,3;85;75;75;93;4;,7;
2023-10-06;1600;0;919,3;1012,4;920,1;919,3;1007,8;28;26,7;20,8;27,1;25,7;21,7;20,4;13,2;77;68;70;124;2,3;,7;
2023-10-06;1700;0;918,1;1010,8;919,3;918,1;813,3;29;27,6;20,9;27,6;26,7;21,7;20,4;13,2;72;65;67;147;2,2;,9;
2023-10-06;1800;0;917,2;1009,3;918,1;917,2;1222,1;30;29,3;19,5;29,3;27,6;21,5;19,3;13,5;68;55;56;141;2,9;1,6;
2023-10-06;1900;0;917;1008,5;917,2;916,8;1895,6;32;31,1;18,8;31,6;29,3;20,2;17,7;13,5;57;45;48;151;3,4;,7;
2023-10-06;2000;0;917;1008,7;917,2;916,8;1019,1;33;30,4;19;31,2;30,3;19,4;17,8;13,1;52;46;51;142;2,8;1,2;
2023-10-06;2100;0;917,5;1010;917,5;917;216,7;31;28,2;19,4;30,4;28,2;20,3;19;12,9;59;50;59;347;3,7;1,3;
2023-10-06;2200;0;918;1011,2;918;917,5;-1,6;29;26,1;20,3;28,2;26,1;20,4;19,5;12,8;71;59;70;154;2,8;,7;
2023-10-06;2300;0;918,9;1012,7;919;918;-3,5;27;24,6;20,6;26,4;24,4;20,6;20,1;12,8;79;69;78;154;2,7;,7;
2023-10-07;0000;0;919,7;1013,3;919,7;918,9;-3,5;26;25,5;20,6;25,5;24,6;20,8;20,4;12,8;78;74;74;145;3,3;1,4;
2023-10-07;0100;0;919,5;1013,1;919,7;919,4;-3,5;26;25,2;20,3;25,7;25;20,5;20,2;12,8;76;73;74;145;3,5;1,3;
2023-10-07;0200;0;919,4;1013,4;919,8;919,4;-3,5;26;24,1;20,1;25,4;24,1;20,4;20,1;12,8;78;74;78;147;2,8;1;
2023-10-07;0300;0;919,2;1013,2;919,4;919,2;-3,5;25;24;19,7;24,5;23,9;20,2;19,7;12,7;79;76;77;151;3,6;1,3;
2023-10-07;0400;0;918,7;1012,6;919,2;918,7;-3,5;25;24,1;19,7;24,2;23,8;19,8;19,6;12,7;78;76;76;131;4;1,9;
2023-10-07;0500;0;918,5;1012,5;918,7;918,5;-3,5;24;23,7;19,7;24,1;23,5;19,7;19,3;12,7;79;75;78;146;3,8;1,6;
2023-10-07;0600;0;918,3;1012,6;918,5;918,1;-3,5;24;22,9;19,7;23,7;22,4;19,8;19,4;12,7;84;78;82;159;2,4;1,5;
2023-10-07;0700;0;919;1013,5;919;918,3;-3,5;23;22,5;19,7;23;22,4;19,7;19,5;12,7;84;82;84;120;3,2;,8;
2023-10-07;0800;0;919,4;1013,8;919,4;919;-3,5;23;22,8;19,5;22,9;21,9;19,8;19,2;12,6;86;82;82;137;2,6;1;
2023-10-07;0900;0;920,1;1015,1;920,1;919,4;7,1;23;21,2;19,3;22,8;21;20;19;12,6;90;82;89;152;4,2;1,4;
2023-10-07;1000;0;921;1015,5;921;920,1;352,7;23;23;19,7;23;21,2;20;19,3;13,2;89;82;82;153;2,9;1,6;
2023-10-07;1100;0;921,7;1015,2;921,7;921;1246,1;26;26,2;18,9;26,7;23;20,4;18,8;13,5;82;63;64;338;2,5;1,2;
2023-10-07;1200;0;921,9;1014,9;921,9;921,7;1887,5;28;27,9;18,7;28,2;26,2;19,6;18,3;13,7;65;56;57;316;5,2;2,9;
2023-10-07;1300;0;921,5;1014;922;921,5;2598;30;29,2;18,5;29,6;27,9;19,5;17,7;13,5;59;50;53;332;6,8;3,8;
2023-10-07;1400;0;920,8;1012,7;921,5;920,7;3082;32;31,1;18,3;31,1;29,2;18,4;17,1;13,5;52;44;47;337;7,6;3,9;
2023-10-07;1500;0;920,2;1011,9;920,8;920,2;3062,4;33;31,4;18;32,4;30,6;19,3;17,4;13,5;48;43;45;347;8,5;3,1;
2023-10-07;1600;0;919;1010,5;920,2;919;2298,1;33;31,6;17,6;31,9;30,9;18,7;16,8;13,4;47;41;43;318;7,2;3,5;
2023-10-07;1700;0;917,3;1008,2;919;917,3;2849,7;34;33;17,6;33,1;31,1;18,8;16,6;13,4;45;38;40;302;8,6;4,9;
2023-10-07;1800;0;916,5;1007,4;917,3;916,5;2654,3;35;32,9;16,9;33,3;32;18,4;16,5;13,4;42;38;39;305;8,6;3,8;
2023-10-07;1900;2,6;916,4;1009,8;916,9;916,4;493,9;30;25,1;19,4;32,8;22,8;19,8;15,6;13,1;76;38;71;275;11,9;7,1;
2023-10-07;2000;10,4;917,5;1011,1;917,7;916,4;238,2;26;24,6;19,3;25,7;23;20,7;18,6;13;85;68;73;240;12,6;5,2;
2023-10-07;2100;0;917,7;1011,7;917,7;917,1;115,3;25;23,7;20,5;24,6;23;21,2;19,2;12,9;89;72;82;12;9,1;,9;
2023-10-07;2200;,6;919;1013,7;919,2;917,7;-,6;24;21,9;20;23,8;21,9;21;19,1;12,8;89;78;89;106;6,5;2,3;
2023-10-07;2300;,4;919,5;1014,3;919,5;918,8;-,9;23;21,6;19,3;22;21,2;20,1;19;12,8;92;83;87;156;8;2,3;
2023-10-08;0000;1;920,4;1015,4;920,5;919,3;-,9;23;21,3;19,2;21,7;21,3;19,7;19,1;12,8;90;86;88;202;5,3;3,2;
2023-10-08;0100;,2;920,3;1015,5;920,7;920,3;-1,9;22;20,8;19,6;21,3;20,8;19,7;19,2;12,7;93;88;93;110;5,3;1;
2023-10-08;0200;0;920,5;1015,7;920,5;920;-2,2;22;20,9;19,7;20,9;20,7;19,8;19,6;12,7;93;93;93;154;2,5;1,1;
2023-10-08;0300;1,8;920,1;1015,3;921;920;-2,6;22;20,8;19,7;21,3;20,8;20;19,6;12,7;93;91;93;141;7,8;1,2;
2023-10-08;0400;0;919,8;1014,9;920,3;919,8;-1,3;22;20,8;19,8;20,9;20,7;19,9;19,7;12,7;94;93;94;125;3,2;1,6;
2023-10-08;0500;,2;919,9;1015;920,6;919,8;-,8;22;21;19;21,2;20,8;19,9;19;12,7;94;88;88;113;4;1,6;
2023-10-08;0600;0;919;1014,1;919,9;919;-,1;22;20,7;19,2;21,3;20,4;19,2;18,2;12,7;91;82;91;127;6,9;2,4;
2023-10-08;0700;0;918,9;1013,9;919;918,6;-1,6;22;20,8;19,1;21;20,5;19,2;19;12,6;92;89;90;123;5;1,8;
2023-10-08;0800;0;919;1014,1;919;918,9;-1,1;22;20,7;19,2;20,8;20,6;19,2;19,1;12,6;91;90;91;138;4,5;1,9;
2023-10-08;0900;0;919,9;1015,2;919,9;919;3,2;22;20,5;18,9;20,7;20,5;19,2;18,9;12,6;91;90;91;135;4;1,4;
2023-10-08;1000;0;920,8;1016,1;920,8;919,9;124,5;22;20,7;19,5;20,7;20,4;19,5;18,9;12,9;93;91;93;124;4,3;1,7;
2023-10-08;1100;0;921,3;1016,3;921,3;920,8;461,7;22;21,7;19,9;21,7;20,7;20;19,5;13,2;93;89;89;128;4,3;1,4;
2023-10-08;1200;0;921,6;1016,3;921,7;921,3;723,1;23;22,6;19,7;22,7;21,7;20,2;19,4;13,5;90;83;84;111;3,8;1,3;
2023-10-08;1300;0;920,9;1014,6;921,7;920,9;2140,3;26;25,5;20;25,8;22,6;21;19,7;13,8;85;71;72;64;4,9;2;
2023-10-08;1400;0;920,4;1013,7;920,9;920,4;2107,5;27;26,6;20,2;27;25,3;21;19,7;13,7;75;67;68;63;5,8;2,3;
2023-10-08;1500;0;919,1;1011,7;920,4;919,1;2864,9;29;28,3;21,3;28,5;26,4;22,2;19,7;13,5;74;61;66;69;5,8;2,6;
2023-10-08;1600;0;918,4;1010,6;919,1;918,4;2746,6;31;29,2;20,5;29,6;28;22,2;19,8;13,5;68;57;59;42;6,6;3,2;
2023-10-08;1700;0;917,3;1009,2;918,4;917,3;2853;32;30;18,8;30,8;28,8;21,4;18,8;13,5;62;51;51;11;7,3;3;
2023-10-08;1800;0;916,3;1008;917,3;916,3;2286,7;33;30,1;18,8;31,3;29,4;20,8;18,5;13,5;57;49;51;15;7,7;3,8;
2023-10-08;1900;0;915,3;1007;916,3;915,3;1345,8;33;30;19,5;31,2;29,8;20,9;18,9;13;57;49;53;35;6,2;1,5;
2023-10-08;2000;0;915,6;1007,9;915,8;915,1;580,9;32;28,1;19,8;30;27,9;20,4;19,1;13,1;61;52;61;274;7,1;3,1;
2023-10-08;2100;0;916,3;1009,4;916,3;915,4;177,4;29;25,7;20,9;28,1;25,7;21,2;19,9;12,9;76;61;75;154;5,2;,6;
2023-10-08;2200;0;917;1010,5;917,1;916,3;-2,4;27;24,9;20,7;25,8;24,6;21,3;20,5;12,8;80;72;77;149;2,7;1,1;
2023-10-08;2300;0;917,4;1011,2;917,5;917;-3,4;26;24,1;20,9;25;23,7;21,1;20,6;12,8;85;77;82;311;4,2;1,3;
2023-10-09;0000;0;918,2;1012,2;918,2;917,1;-3,3;25;23,7;20,7;24,1;23;21,2;20,4;12,8;88;82;83;155;2,7;1,7;
2023-10-09;0100;0;918,9;1013,1;918,9;918,2;-3,3;25;23,2;20,9;24,3;23,2;21,4;20,5;12,8;89;80;87;335;3,2;1,4;
2023-10-09;0200;0;919,7;1014,2;919,8;918,6;-3,2;24;22,6;19,8;24;22,6;21,2;19,8;12,8;89;80;84;218;11,5;6,5;
2023-10-09;0300;2;919,5;1014,5;920,3;919,2;-,6;23;21;19,4;22,6;21;20;18,5;12,7;92;84;91;209;11,5;3,5;
2023-10-09;0400;,2;919,4;1014,5;919,5;918,9;-2;22;20,8;19,4;21;20,6;19,6;19,3;12,7;93;90;92;237;5,8;3,1;
2023-10-09;0500;2,6;919,3;1014,5;919,5;919,2;-,7;22;20,5;19,5;20,9;20,5;19,7;19,3;12,7;94;92;94;294;5;1,1;
2023-10-09;0600;,2;919,4;1014,4;919,4;918,9;,6;22;21;19,2;21;20,5;19,9;19,2;12,7;94;90;90;234;4,5;2,5;
2023-10-09;0700;3,6;919,6;1014,9;919,7;919,4;,7;22;20,4;18,8;21;20,1;19,2;18,6;12,7;93;88;90;214;6;2,5;
2023-10-09;0800;4;920,6;1016,2;921,1;919,6;-,9;21;19,6;18,3;20,4;19,6;18,9;18;12,6;92;90;92;209;5,7;2,6;
2023-10-09;0900;3,8;920,6;1016,3;920,9;920,5;8,6;21;19,4;17,6;19,6;19;18,3;17,6;12,6;93;90;90;215;5,1;2,2;
2023-10-09;1000;0;921,5;1017,2;921,5;920,5;146,8;20;19,6;18,2;19,6;19,2;18,2;17,5;12,8;92;89;92;21;4,3;,4;
2023-10-09;1100;0;921,6;1016,6;921,6;921,3;919;22;21,9;17,6;22;19,6;18,7;17,6;13,7;92;77;77;156;2,3;1;
2023-10-09;1200;0;921,6;1016,1;921,6;921,4;2190,1;24;23,4;17,5;23,5;21,9;18,4;16,3;13,9;78;68;69;96;3,6;1,3;
2023-10-09;1300;0;921,5;1015,6;921,6;921,4;1931,4;26;24,4;18,7;24,8;23,3;18,8;17,2;13,7;73;64;70;67;3,6;1,8;
2023-10-09;1400;0;921,8;1015,3;921,8;921,4;1884,4;28;26,2;18,3;26,5;24,4;19,4;17,1;13,8;71;59;62;294;4,9;2,7;
2023-10-09;1500;0;921,1;1014,6;921,8;921,1;1638,1;28;26,1;17,8;26,5;25,5;18,8;16,6;13,6;64;54;60;281;4,9;1,7;
2023-10-09;1600;0;920,5;1014;921,1;920,5;1326,8;28;25,9;15,4;26,1;25,2;18,7;15;13,4;66;51;53;247;4,9;2,5;
2023-10-09;1700;0;920,1;1013,6;920,5;920,1;1546,9;28;25,7;16,6;26,4;25,6;18,2;15,1;13,7;62;51;57;253;4,9;2,9;
2023-10-09;1800;0;919,6;1013,3;920,1;919,6;1928,2;28;25,1;17,6;26,9;25,1;18,8;16,3;13,2;65;55;63;206;5,9;3,7;
2023-10-09;1900;0;919,6;1013,3;919,6;919,4;1265;28;25;17;25,9;25;18,3;16,8;13,2;65;58;61;197;5,9;3,3;
2023-10-09;2000;0;919,7;1013,7;919,8;919,5;1081,8;27;24,1;16,2;25,6;24;17,6;16;13,1;63;58;61;209;6,4;3,7;
2023-10-09;2100;0;920,1;1014,6;920,1;919,7;228,1;26;22,8;16,7;24,1;22,6;16,7;15,9;12,9;69;61;69;88;5,5;,6;
2023-10-09;2200;0;920,5;1015,7;920,5;920,1;,3;24;20,7;16,9;22,8;20,6;18;16,3;12,8;81;68;79;203;1,4;1;
2023-10-09;2300;0;921;1016,6;921;920,5;-3,5;22;19,8;17;20,8;19,6;17,1;16,7;12,8;84;77;84;150;2,1;1,1;
2023-10-10;0000;0;921,4;1017;921,4;921;-3,5;21;20;17,1;20,3;19,8;17,3;16,9;12,8;84;82;84;157;2,8;1,1;
2023-10-10;0100;0;921,8;1017,6;921,9;921,4;-3,5;21;19,5;17;20;19;17,6;17;12,8;89;84;86;157;2,2;1,3;
2023-10-10;0200;0;921,7;1018;921,9;921,7;-3,5;20;18;16,9;19,5;17,9;17,5;16,8;12,7;93;86;93;132;2,2;,6;
2023-10-10;0300;0;921,3;1017,8;921,7;921,3;-3,5;19;17,2;16,3;18,1;17,2;17,1;16,2;12,7;94;93;94;158;2,1;1,1;
2023-10-10;0400;0;920,8;1017,2;921,3;920,8;-3,5;19;17,4;16,6;17,7;17;16,8;16,1;12,7;95;94;95;131;1,7;1,1;
2023-10-10;0500;0;920,1;1016,7;920,8;920,1;-3,5;18;16,6;15,8;17,5;16,6;16,7;15,8;12,7;95;95;95;179;1,7;1,1;
2023-10-10;0600;0;919,7;1016,3;920,1;919,6;-3,5;18;16,4;15,6;16,8;16,4;16;15,6;12,7;95;95;95;146;1,8;1,3;
2023-10-10;0700;0;919,9;1016,8;919,9;919,6;-3,5;17;15,7;15;16,4;15,7;15,6;15;12,6;95;95;95;124;1,8;1;
2023-10-10;0800;0;920,2;1016,9;920,2;919,8;-3,5;17;16,5;15,7;16,6;15,6;15,8;14,8;12,6;95;95;95;155;3,2;1,7;
2023-10-10;0900;0;920,6;1017,1;920,6;920,2;10,4;17;17,1;15,8;17,1;16,1;16,1;15,1;12,6;95;93;93;153;2,9;1,3;
2023-10-10;1000;0;921,4;1017,1;921,4;920,6;442,8;18;19,6;16;19,6;17;16;15,5;13,3;93;79;80;151;2,6;,9;
2023-10-10;1100;0;922;1016,8;922;921,4;1326,5;21;22,6;17,4;22,7;19,6;17,7;15,8;13,8;81;71;73;136;4,3;,8;
2023-10-10;1200;0;922,3;1016,2;922,3;922;2179;24;25,2;17,9;25,2;22,6;18,2;16,6;13,8;75;63;64;127;5;1,6;
2023-10-10;1300;0;922,2;1015,6;922,3;922,2;2874,5;27;26,7;18,2;26,9;25,1;18,8;17,1;13,6;65;57;60;110;5,5;2,2;
2023-10-10;1400;0;921,8;1014,9;922,2;921,8;3383,2;29;27,7;17,1;28,7;26,7;19,9;17,1;13,5;62;52;52;59;5;2,5;
2023-10-10;1500;0;921,1;1013,6;921,8;921,1;3764,3;30;29,3;18,4;29,6;27,7;19,2;16,8;13,6;58;47;52;99;5,9;1,5;
2023-10-10;1600;0;920,1;1012,3;921,2;920,1;3373,9;32;29,9;18;30,8;28,8;19,1;16,1;13,5;53;44;49;138;4,1;1,5;
2023-10-10;1700;0;919,2;1010,9;920,1;919,2;3367,3;33;31,1;17,7;31,2;29,9;18,5;16,3;13,5;49;42;45;107;4;1,3;
2023-10-10;1800;0;918,5;1010,1;919,2;918,5;2269,6;33;31,1;16,2;31,1;30,1;17,6;15,1;13,5;47;39;41;14;3,9;1,4;
2023-10-10;1900;0;918,1;1009,8;918,5;918,1;1750,4;34;30,9;14,8;31,5;30,4;16,7;13,5;13,5;43;34;38;156;3;1,1;
2023-10-10;2000;0;918,1;1009,7;918,2;918;1177,9;34;31,1;15,4;31,9;30,9;16,4;13,6;13,1;41;34;39;16;2;,8;
2023-10-10;2100;0;918,3;1010,9;918,4;918,1;357,8;33;28,1;16,7;31,3;28,1;18,6;13,6;12,9;51;34;50;118;2;,7;
2023-10-10;2200;0;918,8;1012,4;918,9;918,3;-,7;29;25,1;17,4;28,1;25,1;18,1;15,8;12,8;62;49;62;156;3;1,7;
2023-10-10;2300;0;919,4;1013,2;919,4;918,8;-3,5;27;24,8;18,3;25,2;24,8;18,4;17,4;12,8;67;62;67;157;3;1,5;
2023-10-11;0000;0;920,1;1014,1;920,1;919,4;-3,5;26;24,3;18;25,1;23,9;18,4;18;12,8;70;66;68;146;3,6;1,1;
2023-10-11;0100;0;920,2;1014,6;920,3;920,1;-3,5;25;23,1;17,4;24,5;23,1;18,1;17,4;12,8;72;66;70;141;2,8;,9;
2023-10-11;0200;0;920,2;1014,7;920,3;920,1;-3,5;23;22,9;16,1;23,2;22,3;17,3;16,1;12,8;73;65;65;121;1,9;,7;
2023-10-11;0300;0;920,1;1014,8;920,2;920;-3,5;23;22,2;15,8;23,4;22,1;16,3;15,4;12,7;67;61;67;139;3,6;1,8;
2023-10-11;0400;0;919,7;1014,5;920,1;919,7;-3,5;23;21,9;15,8;22,8;21,8;15,9;15,5;12,7;69;64;68;143;5,6;1,4;
2023-10-11;0500;0;919,4;1014,4;919,7;919,4;-3,5;22;21,2;16,8;22;21,2;16,8;15,7;12,7;76;68;76;121;5,5;2,1;
2023-10-11;0600;0;919,4;1014,3;919,4;919,2;-3,5;22;21,3;17,8;21,6;21,1;17,8;16,8;12,7;81;76;80;121;6,4;2,2;
2023-10-11;0700;0;919,5;1014,5;919,5;919,2;-3,5;22;21,1;17,7;21,4;20,9;17,8;17,7;12,7;82;80;81;119;8,1;3,2;
2023-10-11;0800;0;920,1;1015,3;920,1;919,5;-3,5;22;20,7;17,6;21,1;20,6;17,7;17,5;12,6;83;81;82;127;8,4;3;
2023-10-11;0900;0;920,6;1015,9;920,6;920,1;10,1;21;20,5;17,5;20,8;20,4;17,6;17,5;12,6;83;82;83;117;7,6;2,8;
2023-10-11;1000;0;921,2;1016,1;921,2;920,6;431,9;22;21,9;18;21,9;20,5;18;17,5;13,2;83;78;78;127;6,9;3,2;
2023-10-11;1100;0;921,6;1015,8;921,6;921,2;1313;24;24,1;18,3;24,2;21,9;18,5;17,9;13,7;79;69;70;105;8,6;3,4;
2023-10-11;1200;0;921,4;1015;921,6;921,4;2156,3;26;26;18,1;26,3;24,1;19,3;18;13,7;70;61;62;92;8,6;2,6;
2023-10-11;1300;0;921;1013,9;921,4;921;2863,1;28;27,9;19,2;28;26;20,2;18,1;13,6;64;58;59;74;7,8;2,5;
2023-10-11;1400;0;920,1;1012,4;921;920,1;3345,4;30;29,5;19,5;29,5;27,7;20,2;18,3;13,5;62;53;55;42;7;2,9;
2023-10-11;1500;0;919,1;1011,2;920,2;919,1;3586,2;31;29,9;18,4;30,9;28,9;21,1;18,2;13,6;58;49;50;38;6,6;2,7;
2023-10-11;1600;0;918,3;1010;919,1;918,3;2811,7;32;30,8;19,2;31,2;29,9;20,2;18,3;13,5;55;48;50;13;5,7;2;
2023-10-11;1700;0;917,2;1008,5;918,3;917,2;3311,6;34;31,8;17,8;32,5;30,8;20,4;16,9;13,1;52;40;43;2;4,8;2;
2023-10-11;1800;0;916,6;1007,8;917,3;916,6;2531,2;35;32;17,7;32,5;31,3;19,1;17,2;13,5;48;41;43;19;6;1,4;
2023-10-11;1900;0;916,4;1007,3;916,6;916,3;2010,6;35;32,9;17,3;33;31,8;18,9;17,1;13,5;45;39;40;349;4,7;,8;
2023-10-11;2000;0;916,3;1007,6;916,4;916,2;1037,4;35;31,5;19;32,8;31,5;19,8;16,6;13;49;38;48;103;3,6;1,2;
2023-10-11;2100;0;916,8;1008,9;916,8;916,2;332,7;33;29,1;19,3;31,5;29,1;20;18,8;12,9;56;47;55;174;3,6;,7;
2023-10-11;2200;0;917,5;1010,4;917,6;916,7;2;30;26,8;17,7;29,2;26,8;19,3;17,7;12,8;60;54;57;172;5,2;2,1;
2023-10-11;2300;3,2;919,1;1012,8;919,1;917,2;-3;28;24,8;19,2;26,8;23,9;19,2;17,6;12,8;73;57;71;264;11,5;4,5;
2023-10-12;0000;2,6;919,2;1013,6;919,4;918,8;,2;25;22,8;20,7;24,8;22,3;21;19,3;12,8;90;71;88;225;11,5;2,1;
2023-10-12;0100;,6;918,8;1013,3;919,2;918,8;-,7;24;22,5;21,2;23,1;22,4;21,5;20,7;12,8;92;88;92;110;4,7;1;
2023-10-12;0200;,4;918,5;1013;918,9;918,5;-1,5;24;22,4;21,3;22,5;22,2;21,4;21,1;12,7;94;92;93;115;2,9;1,3;
2023-10-12;0300;1,4;918,4;1013,1;919,9;918,4;-1,4;24;21,7;20,3;23,4;21,7;21,4;20,1;12,7;93;83;92;84;9;1,2;
2023-10-12;0400;0;918,1;1012,8;918,8;918;-1,5;23;21,7;20,3;22,3;21,7;21;20,2;12,7;93;91;91;115;3,9;2,1;
2023-10-12;0500;0;917,3;1011,8;918,1;917,2;-,7;23;21,8;20,2;21,8;21,6;20,3;20;12,7;92;90;91;116;5;1,4;
2023-10-12;0600;0;917,1;1011,7;917,3;916,9;-2,1;23;21,5;20;21,8;21,5;20,2;20;12,7;92;90;91;145;3,3;1,6;
2023-10-12;0700;0;917,1;1011,9;917,3;917;0;22;20,9;19,2;21,7;20,9;20,1;19,2;12,7;91;89;90;119;4,3;2;
2023-10-12;0800;0;917,6;1012,6;917,6;917,1;,1;22;20,6;18;20,9;20,5;19,2;18;12,6;90;85;85;141;4,1;2,3;
2023-10-12;0900;0;918;1013,2;918;917,6;8,5;22;20,2;18,5;20,6;20,2;18,6;18,1;12,6;90;85;90;141;4,2;1,7;
2023-10-12;1000;0;918,2;1013,2;918,2;917,8;202;21;20,8;18,9;20,8;20,2;18,9;18,5;13;91;88;89;146;3,9;1,4;
2023-10-12;1100;0;918,4;1012,7;918,5;918,2;826,6;23;22,9;19,2;22,9;20,8;19,3;18,2;13,5;89;79;79;141;3,3;1,3;
2023-10-12;1200;0;918,4;1011,6;918,6;918,4;2072;25;26,3;20,4;26,3;22,8;20,6;18,7;13,7;80;69;70;165;3,4;1,3;
2023-10-12;1300;0;917,9;1009,9;918,4;917,9;2793,1;29;29,9;18,7;30,1;26,3;21,3;18,5;13,5;71;51;51;359;7,4;2,9;
2023-10-12;1400;0;917,6;1009,4;918;917,6;2666;31;30,4;18,4;30,6;29,3;19,7;17,7;13,5;53;48;49;342;9,6;4,3;
2023-10-12;1500;0;916,9;1008,5;917,6;916,9;3298,6;32;30,7;19,5;31,6;30,2;20,4;18,1;13,5;53;47;51;358;9,6;3,7;
2023-10-12;1600;0;915,9;1007,2;916,9;915,9;3144,3;33;31,2;18,6;32,5;30,7;20,1;17,9;13,2;53;44;47;336;8,7;3,7;
2023-10-12;1700;0;914,6;1005,4;915,9;914,6;2176,3;33;32,6;17,7;32,7;31;19,6;16,8;13,4;50;40;41;325;9,1;4,2;
2023-10-12;1800;0;913,5;1004,1;914,6;913,5;2497,7;34;32,9;18,8;33,2;31,9;19;16,7;13,4;44;40;43;304;9,2;4,8;
2023-10-12;1900;0;913,8;1004,7;913,8;913,3;1573,1;34;31,8;17,7;33,5;31,7;19;16,7;13,1;45;39;43;314;9,3;3,3;
2023-10-12;2000;0;913,6;1004,4;914,1;913,6;1239,3;34;32,2;17,2;32,7;31,8;18,5;17,2;13;45;40;41;297;8,7;4,5;
2023-10-12;2100;0;914,1;1005,7;914,3;913,6;235,2;32;29,7;17,8;32,2;29,5;17,9;16,5;12,9;50;40;49;295;8,4;2,4;
2023-10-12;2200;0;916,7;1009,6;916,7;914,1;-1,6;30;26,5;17;29,7;26,5;19,1;16,7;12,8;58;49;56;284;10,4;4,1;
2023-10-12;2300;,4;917,2;1011,8;918,1;916,7;-3,1;26;21,7;18,8;26,6;21,7;18,9;17,1;12,8;84;55;83;179;13,5;3,2;
2023-10-13;0000;0;917,6;1012,3;917,8;917,1;-3,4;24;21,3;19,5;21,8;21,3;19,6;18,7;12,8;90;82;90;134;5,6;1,2;
2023-10-13;0100;0;918,5;1013,3;918,7;917,6;-3,1;23;21,4;19,8;21,5;21,3;19,9;19,5;12,8;91;90;90;130;3,5;1;
2023-10-13;0200;0;918,7;1013,4;918,7;918,2;-2,5;23;21,7;19,4;21,8;21,3;19,8;19,1;12,7;90;85;87;64;4,4;1,6;
2023-10-13;0300;4;919,1;1014,1;919,8;918,4;-2,3;23;20,9;19,7;22,1;20,9;19,8;18,9;12,7;93;83;93;104;5,5;1,1;
2023-10-13;0400;4,2;917,6;1012,5;919,9;917,5;-2,4;22;20,9;19,7;21,2;20,5;20;19,4;12,7;94;92;93;121;5,5;2,7;
2023-10-13;0500;0;917,7;1012,7;917,8;917,5;-1,5;22;20,6;19,2;20,9;20,6;19,6;19,2;12,7;93;91;92;138;6,3;1,8;
2023-10-13;0600;0;917,6;1012,6;918,1;917,4;-2,1;22;20,6;19,5;20,8;20,3;19,5;19,2;12,7;94;91;93;112;3,7;1,7;
2023-10-13;0700;14,2;918,4;1013,7;919,3;917,6;-1;21;19,8;19;20,8;19,8;19,6;18,9;12,6;95;92;95;153;6,1;1,4;
2023-10-13;0800;,2;918,3;1013,6;918,4;918;-1,2;21;19,8;18,9;19,8;19,4;19;18,6;12,6;95;94;95;141;3,4;1,5;
2023-10-13;0900;0;919,4;1014,8;919,4;918,3;2;21;19,9;18,8;20,1;19,7;19;18,6;12,6;95;92;94;147;4,1;1,2;
2023-10-13;1000;,8;919,7;1015;920,2;919,4;89,3;21;20,2;19,1;20,2;19,8;19,1;18,7;12,8;94;93;94;106;4,9;1,3;
2023-10-13;1100;0;920,6;1015,9;920,6;919,7;429,1;21;20,7;19,3;20,7;20,1;19,5;19;13,1;94;92;92;80;4,7;1,3;
2023-10-13;1200;0;921,3;1016,6;921,4;920,6;133,2;22;20,7;19,3;20,9;20,6;19,4;19,2;12,9;92;90;91;122;4;1,2;
2023-10-13;1300;0;921,4;1016,4;921,6;921,3;350,4;22;21,6;20;21,6;20,7;20;19,1;13,3;92;86;90;132;2,3;1,1;
2023-10-13;1400;0;921;1015,8;921,4;921;652,1;23;22,2;19,7;22,3;21,6;20,5;19,6;13,3;91;86;86;113;2,7;1,3;
2023-10-13;1500;0;920,3;1015,1;921;920,3;593,7;23;22,1;20,2;22,3;21,9;20,5;19,6;13,3;90;86;89;126;3,7;1,2;
2023-10-13;1600;0;920,1;1014,3;920,4;920,1;1039,4;24;23,6;20,3;23,6;22;20,5;19,5;13,9;89;79;82;151;2,7;1,3;
2023-10-13;1700;0;919,6;1013,3;920,1;919,6;2215,5;27;25,1;19,6;25,9;23,4;20,7;19,3;13,7;83;69;72;316;4,1;2,3;
2023-10-13;1800;0;919;1012,7;919,6;919;1848,4;28;24,9;18,6;26;24,9;20,7;18,6;13,9;75;65;68;325;5,9;3,4;
2023-10-13;1900;0;918,8;1012,5;919,1;918,8;1173,9;27;24,7;18,8;25,1;24,6;19,4;18,5;13,3;72;68;70;322;5,5;2,5;
2023-10-13;2000;0;918,9;1012,7;918,9;918,8;787,9;27;24,4;19,3;24,9;24,3;19,4;18,5;13,1;73;69;73;331;4;1,4;
2023-10-13;2100;0;919;1013,1;919,1;918,9;350,8;26;23,7;19,1;24,6;23,7;19,5;18,7;13;77;70;76;333;2,5;1;
2023-10-13;2200;0;919,6;1014,4;919,6;919;-,5;24;21,7;19,7;23,7;21,7;19,8;19,1;12,8;89;75;89;123;1,7;,7;
2023-10-13;2300;0;920,3;1015,5;920,3;919,6;-3,5;23;20,8;19,5;21,7;20,7;20,1;19,4;12,8;93;89;92;39;1,5;,6;
2023-10-14;0000;0;920,8;1016,2;920,8;920,3;-3,5;22;20,3;19,3;21,1;20,3;19,9;19,3;12,8;94;92;94;128;1,7;,6;
2023-10-14;0100;0;921,3;1016,8;921,3;920,8;-3,3;21;20,1;19,2;20,3;19,9;19,3;19;12,8;95;94;95;149;1,3;,5;
2023-10-14;0200;0;921,6;1017,2;921,6;921,3;-3,2;21;20;19,1;20,1;19,7;19,2;18,8;12,7;95;95;95;179;1,5;,7;
2023-10-14;0300;0;921,2;1016,9;921,6;921,2;-3,4;21;19,7;18,8;20,5;19,7;19,5;18,7;12,7;95;93;94;150;2,5;1,1;
2023-10-14;0400;0;920,8;1016,5;921,2;920,8;-3;21;19,4;18,5;19,8;19,3;18,9;18,5;12,7;95;94;95;189;1,9;1;
2023-10-14;0500;0;920,3;1016;920,8;920,3;-2,7;20;19,2;18,3;20;19,2;19,1;18,3;12,7;95;94;95;94;2,5;,7;
2023-10-14;0600;0;920;1015,8;920,3;920;-2,5;20;19;18,2;19,3;18,9;18,4;18,1;12,7;95;95;95;181;1,3;,9;
2023-10-14;0700;0;920,4;1016,3;920,4;920;-2,9;20;18,9;18,2;19,2;18,8;18,5;18;12,6;95;95;95;357;1,3;,3;
2023-10-14;0800;0;920,6;1016,6;920,6;920,4;-2,8;20;18,6;17,8;19;18,6;18,3;17,8;12,6;95;95;95;126;1,5;,7;
2023-10-14;0900;0;921,1;1017;921,1;920,6;11,6;19;19;18,3;19;18,3;18,3;17,6;12,6;95;95;95;146;2,5;1,3;
2023-10-14;1000;0;922,1;1017,8;922,1;921,1;273,3;20;19,8;19;19,8;19;19;18,3;13,1;95;95;95;141;2,9;1,1;
2023-10-14;1100;0;922,8;1017,9;922,8;922,1;728,5;21;21,7;20,1;21,7;19,8;20,2;19,1;13,4;95;90;91;110;3,4;1,5;
2023-10-14;1200;0;923,1;1017,6;923,1;922,8;1402,5;24;23,7;19,9;23,8;21,7;20,8;19,5;13,6;91;78;80;107;4,1;1,6;
2023-10-14;1300;0;923,3;1017,6;923,3;923,1;1187,9;25;24,3;19,8;25,1;23,4;20,7;19,5;13,6;82;74;76;76;4;1,6;
2023-10-14;1400;0;923;1016,7;923,3;922,9;1997,6;27;26,1;20,7;26,1;24,2;21,2;19,8;13,8;78;72;73;60;5,5;2,2;
2023-10-14;1500;0;922,2;1015,7;923;922,2;2374,6;28;26,6;20,3;26,6;25,3;21,1;19,7;13,7;75;67;68;113;5,4;2,3;
2023-10-14;1600;0;921,6;1014,5;922,2;921,6;3428,6;29;28,1;20,2;28,1;26,3;20,8;19,2;13,6;69;60;62;130;5,8;1,9;
2023-10-14;1700;0;921;1013,7;921,6;921;3348,3;31;28,5;19,6;29,3;27,6;21,2;19,2;13,5;64;56;59;45;4,9;1,8;
2023-10-14;1800;0;920,4;1012,8;921;920,4;2161,8;32;29,2;19,1;29,7;28,2;21,5;18,9;13,8;64;55;55;14;4,1;,9;
2023-10-14;1900;0;920,1;1013;920,4;919,9;1067,6;32;27,8;20,9;29,3;27,8;20,9;19;13;66;54;66;89;3,2;,8;
2023-10-14;2000;18,2;920,9;1015,8;921,6;920,1;65,1;27;21,9;20,2;27,8;19,8;21,2;16,6;12,9;92;61;90;337;22;5,6;
2023-10-14;2100;1,4;921,2;1016,3;921,2;920,8;171,7;23;21,3;20;21,9;21;20,2;19,4;12,9;93;89;93;146;22;1;
2023-10-14;2200;0;921,6;1016,7;921,6;921,2;11,8;23;21,5;20,3;22;21,2;20,6;20;12,8;93;90;93;329;3,6;1,1;
2023-10-14;2300;0;922,1;1017;922,2;921,6;-2,2;23;22,2;20,5;22,2;21,3;20,8;20;12,8;94;90;90;197;3,3;2,2;
2023-10-15;0000;0;922,8;1018,1;922,9;922,1;-2,4;22;21,3;20;22,2;21,1;20,5;19,8;12,8;94;90;92;135;3,3;,7;
2023-10-15;0100;0;923,2;1018,5;923,3;922,8;-2,4;22;21,3;19,8;21,5;21,1;20,1;19,7;12,8;93;91;91;140;3,1;1,1;
2023-10-15;0200;0;923;1018,2;923,2;922,9;-3;22;21,5;20;21,6;21;20,2;19,6;12,7;92;91;91;122;3,5;1,7;
2023-10-15;0300;0;922,6;1017,8;923,1;922,6;-3,3;22;21,6;19,4;21,8;21,3;20;19,4;12,7;91;87;87;129;4,3;2;
2023-10-15;0400;0;922,5;1017,8;922,6;922,5;-2,9;22;21,1;18,5;21,8;21,1;19,5;18,5;12,7;88;84;85;122;5,4;2,1;
2023-10-15;0500;0;922,1;1017,4;922,5;922,1;-2,4;22;20,9;18,2;21,3;20,8;18,5;18,2;12,7;85;84;84;114;5,9;2,4;
2023-10-15;0600;0;921,7;1017;922,1;921,7;-2,5;21;20,8;17,9;21;20,6;18,2;17,9;12,7;85;83;84;120;7,4;2,7;
2023-10-15;0700;0;922;1017,5;922;921,6;-3,1;21;20,4;17,7;20,8;20,4;17,9;17,7;12,6;85;83;85;123;6,9;2,5;
2023-10-15;0800;0;922,6;1018,1;922,6;921,9;-3,5;21;20,5;17,7;20,6;20,3;17,8;17,6;12,6;85;84;84;122;7,4;2,7;
2023-10-15;0900;0;922,9;1018,4;922,9;922,5;17,9;21;20,8;17,6;20,8;20,3;17,7;17,6;12,6;85;82;82;119;6,9;2,7;
2023-10-15;1000;0;923,4;1018,5;923,4;922,9;467,1;22;22,1;18,1;22,1;20,6;18,1;17,6;13,2;83;77;78;124;6,9;2,7;
2023-10-15;1100;0;923,8;1018,4;923,9;923,4;1339,4;24;23,7;18,2;23,7;22,1;18,5;17,9;13,7;78;71;71;99;9,1;3,1;
2023-10-15;1200;0;924,1;1018,1;924,2;923,8;2187,5;25;25,4;19,2;25,4;23,7;19,4;18,2;13,7;73;66;69;87;9;2,6;
2023-10-15;1300;0;924,3;1018,1;924,3;924;2902,6;27;26,1;18,8;26,2;25;19,8;18,1;13,8;70;63;64;88;8,1;2,4;
2023-10-15;1400;0;924;1017,4;924,3;924;3374,2;28;27,4;19,9;27,4;26,1;20,2;18,5;13,6;69;60;64;48;7,3;3,4;
2023-10-15;1500;0;923,5;1016,6;924;923,5;3590,7;30;28;18,9;28,6;27,2;20,5;18,7;13,6;64;57;58;45;7,1;3,2;
2023-10-15;1600;0;922,6;1015,2;923,5;922,5;3590,3;31;29,3;19,4;29,3;28;20,4;18,2;13,5;62;53;55;48;7,1;2,9;
2023-10-15;1700;0;921,8;1014,3;922,6;921,8;3306,1;32;29,5;17;29,8;28,9;19,8;16,9;13,5;58;47;47;28;6,1;2,2;
2023-10-15;1800;0;921,1;1013,4;921,8;921,1;2863,1;33;29,9;17,8;30,6;29,5;19,9;16,8;13,6;54;45;48;33;5,6;1,9;
2023-10-15;1900;0;920,7;1013;921,1;920,7;1853,2;33;29,6;18,8;30,8;29,4;20,2;17,9;13,4;55;48;52;64;4,8;2;
2023-10-15;2000;0;920,5;1013,1;920,8;920,4;1301,1;33;28,8;18,3;30;28,8;19,4;18,1;13;55;49;53;53;5,5;1,7;
2023-10-15;2100;0;920,8;1014;920,8;920,4;107,6;30;26,9;19,1;28,8;26,6;19,6;18,1;12,9;65;53;62;143;5,7;,8;
2023-10-15;2200;0;921,4;1015;921,5;920,7;-2,1;28;25,8;19,1;26,9;25,4;19,6;18,9;12,8;70;62;66;93;3;,7;
2023-10-15;2300;0;921,5;1015,5;921,6;921,4;-3,5;27;24,8;19,1;25,8;24,8;19,5;19;12,8;71;66;71;135;2,9;1,4;
2023-10-16;0000;0;922,4;1016,5;922,4;921,5;-3,5;26;24,8;19;25;24,1;19,5;18,7;12,8;75;68;70;126;2,9;1;
2023-10-16;0100;0;922,3;1016,6;922,7;922,2;-3,5;25;24;19;24,8;23;19,8;18,8;12,8;82;69;73;147;3,3;1;
2023-10-16;0200;0;922,8;1017,5;922,8;922,3;-3,5;24;23;18,9;24;22,8;19;18,6;12,8;78;72;78;167;2,7;1,3;
2023-10-16;0300;0;922,4;1017,4;922,8;922,4;-3,5;24;22,1;18,7;23,2;22,1;18,9;18,6;12,7;81;76;81;146;3,3;1,6;
2023-10-16;0400;0;922;1017,1;922,5;922;-3,5;23;21,6;18,9;22,3;21,3;18,9;18,7;12,7;86;81;84;125;3,1;1;
2023-10-16;0500;0;921,3;1015,7;922;921,3;-3,5;23;23,6;18,4;23,6;21,5;18,9;18,4;12,7;84;72;73;117;7;2,5;
2023-10-16;0600;0;921;1015,6;921,3;920,9;-3,5;23;22,8;17,7;23,6;22,7;18,5;17,7;12,7;74;71;73;98;7;1,9;
2023-10-16;0700;0;920,9;1015,7;921;920,9;-3,5;23;22,2;17,7;22,9;22,2;17,9;17,6;12,7;76;73;75;109;8,8;2,4;
2023-10-16;0800;0;921,4;1016,5;921,4;920,9;-3,5;23;21,4;17,3;22,4;21,4;17,6;17,3;12,6;77;74;77;140;8;1,8;
2023-10-16;0900;0;922,2;1017,4;922,2;921,5;17,3;22;21,4;17,1;21,8;21,3;17,4;17;12,6;78;75;76;98;5,5;1,5;
2023-10-16;1000;0;922,8;1017,4;922,8;922,1;500,6;23;23,2;17;23,3;21,5;17,5;16,9;13,2;76;68;68;116;6,1;2,2;
2023-10-16;1100;0;923,2;1017,3;923,2;922,8;1390,7;25;24,9;17,1;25,1;23,2;18;16,6;13,7;70;61;62;79;7;2,2;
2023-10-16;1200;0;923,6;1017,4;923,7;923,2;2224,5;27;26;17,5;26,2;24,8;18,6;17;13,7;65;58;60;68;8,4;2,8;
2023-10-16;1300;0;923,4;1016,6;923,6;923,3;2910,3;28;27,7;17,6;27,9;26;19;17,5;13,6;62;54;54;82;8,4;2,3;
2023-10-16;1400;0;922,8;1015,6;923,4;922,8;3389,4;30;28,7;18,6;29,2;27,5;19,7;17,5;13,5;58;50;54;59;6;2,5;
2023-10-16;1500;0;921,8;1014,1;922,8;921,8;3625,2;31;29,9;18,3;30;28,7;19,4;16,9;13,5;55;47;50;73;6,2;2,4;
2023-10-16;1600;0;920,6;1012,7;921,8;920,6;3599;32;30,2;17,1;30,7;29,7;19,7;16,2;13,5;53;43;45;49;5,7;2,1;
2023-10-16;1700;0;919,5;1011,4;920,6;919,5;3355,9;33;30,6;16,1;31,4;30,1;19,1;16,1;13,4;50;41;42;64;6,1;1,9;
2023-10-16;1800;0;918,7;1010,6;919,5;918,7;2705,7;34;30,2;16,5;31,6;30,2;19,3;15,8;13;50;40;44;66;6;1,9;
2023-10-16;1900;0;918,5;1010,2;918,8;918,4;2055,6;34;30,9;17;31,1;29,9;18,7;16,1;13,5;48;40;43;41;5,7;2,2;
2023-10-16;2000;0;918,6;1010,5;918,6;918,5;1224,9;34;30,2;17,3;31,3;30,1;19,2;16,2;13;49;41;46;62;4,9;1,6;
2023-10-16;2100;0;918,8;1011,7;918,8;918,5;275,2;32;27,1;17,6;30,2;26,8;18,2;16,3;12,9;59;44;56;188;3,6;,5;
2023-10-16;2200;0;919,5;1013,2;919,6;918,8;-2,2;28;25,1;18,2;27,1;24,9;18,6;17;12,8;67;55;66;160;2;,9;
2023-10-16;2300;0;919,8;1014;919,8;919,5;-3,5;26;23,6;18,4;25,5;23,4;18,8;18;12,8;74;63;73;145;2;1,6;
2023-10-17;0000;0;920,2;1014,2;920,2;919,7;-3,4;25;24,4;18,1;24,4;23,2;18,6;18;12,8;75;68;68;143;3,2;1,8;
2023-10-17;0100;0;920,8;1014,8;920,8;920,2;-3,2;25;24,4;17,7;24,9;23,6;18,1;17,7;12,8;71;65;66;149;3,5;2,3;
2023-10-17;0200;0;920,5;1014,6;920,9;920,5;-3,5;25;24,2;17,5;24,8;23,5;17,9;17,5;12,8;70;65;66;143;3,3;2,1;
2023-10-17;0300;0;919,9;1014,7;920,5;919,9;-3,5;24;21,8;18,1;24,3;21,7;18,3;17,6;12,7;80;66;80;160;2,8;1,2;
2023-10-17;0400;0;919,9;1014,8;920;919,9;-3,5;23;21,4;18;22,3;21,4;18,2;18;12,7;81;77;81;159;2,7;1,6;
2023-10-17;0500;0;919,5;1014,3;919,9;919,5;-2,7;23;21,6;18,2;22,4;21,2;18,3;17,6;12,7;83;74;81;164;2,1;,5;
2023-10-17;0600;0;919,5;1014,2;919,6;919,5;-3;22;22;17,6;22,2;21;18,5;17,5;12,7;84;75;76;153;2,5;1,5;
2023-10-17;0700;0;919,7;1014,2;919,7;919,5;-3,4;23;22,6;17,2;22,6;21,8;17,6;17,2;12,7;77;71;71;152;3,5;1,7;
2023-10-17;0800;0;920,5;1015,3;920,5;919,7;-3,5;23;22;18;23,5;21,9;18;16,3;12,6;78;65;78;179;7,5;2,7;
2023-10-17;0900;0;920,8;1016,1;920,9;920,4;13,8;22;20,5;17,7;22;20,5;18;17,7;12,6;84;78;84;101;5;1,3;
2023-10-17;1000;0;921,8;1016,3;921,8;920,8;424,2;22;23,4;18;23,4;20,3;18,3;17,7;13,2;86;71;72;105;4,7;1,9;
2023-10-17;1100;0;922,3;1016;922,4;921,8;1430,5;25;25,9;17,8;25,9;23,4;18,6;17;13,8;73;60;61;120;6,1;2,1;
2023-10-17;1200;0;922,2;1015,6;922,3;922;2290,2;28;26,9;16,7;27,1;25,9;18,4;16,3;13,7;62;52;53;103;8;2,4;
2023-10-17;1300;0;922,1;1015,1;922,3;922,1;2809,3;29;28;17,6;28;26,7;18,2;16,1;13,5;57;50;53;73;8,7;2,5;
2023-10-17;1400;0;921,5;1014;922,1;921,4;3572,7;30;29,4;17,9;29,4;28;19;16,3;13,5;58;46;50;77;8,7;2,5;
2023-10-17;1500;0;920,7;1013,1;921,4;920,7;3246,6;31;29,3;16,3;30,1;28,5;18,4;16;13,5;51;44;45;29;6,6;3,4;
2023-10-17;1600;0;920;1011,9;920,7;920;3471,6;32;30,6;16,6;30,7;29,3;18,9;14,5;13,6;51;39;43;345;6,7;1,8;
2023-10-17;1700;0;918,9;1010,7;920;918,9;3268,4;34;30,8;15,4;31,5;30,4;17,7;14,3;13,4;46;36;39;40;4,6;1,8;
2023-10-17;1800;0;918,3;1009,9;918,9;918,3;2674,6;34;31,2;15,8;31,6;30,6;17,6;14,3;13,5;46;36;40;4;4,7;2,1;
2023-10-17;1900;0;917,9;1009,3;918,3;917,9;2191,2;35;31,6;17,1;32,6;31,1;17,8;14,2;13,5;44;34;42;52;5,2;1,9;
2023-10-17;2000;0;918,3;1010,1;918,3;917,9;865,8;34;30,5;18;31,9;30,1;18,1;14,2;13;48;36;47;162;3,9;,9;
2023-10-17;2100;0;919;1011,7;919;918,3;288,5;32;27,8;18,7;30,6;27,8;18,8;16;12,9;58;42;58;181;6,7;2,2;
2023-10-17;2200;0;919,5;1013;919,5;919;,8;29;25,5;19,2;27,8;25,5;19,3;18,7;12,8;68;58;68;126;4,3;,9;
2023-10-17;2300;0;920,2;1014,1;920,2;919,5;-3,5;27;24,7;19;25,6;24,7;19,3;19;12,8;71;68;71;149;3;1,4;
2023-10-18;0000;0;921;1015,4;921;920,2;-3,5;25;23,4;19;24,7;23,4;19,2;18,9;12,8;77;71;77;147;2,4;1,1;
2023-10-18;0100;0;921,5;1015,9;921,5;921;-3,5;24;23,6;18,9;24;22,7;19,3;18,8;12,8;80;74;75;156;2,3;,8;
2023-10-18;0200;0;921,6;1016,1;921,8;921,4;-3,3;24;23,3;18,3;24;22,6;19,6;18,3;12,8;82;73;74;182;9,9;4,9;
2023-10-18;0300;0;921,2;1016;921,7;921,2;-3,4;24;22,2;17,9;23,3;22,2;18,3;17,8;12,7;77;73;77;166;9,9;1,9;
2023-10-18;0400;0;920,7;1015,5;921,3;920,7;-3,5;23;22;17,1;22,5;21,8;17,9;17,1;12,7;77;73;74;86;4,9;,9;
2023-10-18;0500;0;920,4;1015,5;920,8;920,4;-3,5;23;21,1;17,1;22;21;17,4;16,8;12,7;78;74;78;122;2,6;,7;
2023-10-18;0600;0;920;1015,1;920,5;920;-3,4;22;21;17,9;21,8;20,7;18;17,1;12,7;82;77;82;149;2,1;,9;
2023-10-18;0700;0;919,8;1014,9;920,1;919,8;-3,5;22;20,9;18,2;21,3;20,7;18,4;17,9;12,7;85;82;84;157;2,6;1,1;
2023-10-18;0800;0;919,9;1015,1;920;919,7;-3,5;22;20,8;18;21,2;20,6;18,3;17,9;12,6;85;83;84;105;2,3;1;
2023-10-18;0900;0;920,1;1015,3;920,1;919,9;18,7;21;20,8;17,9;21;20,2;18,3;17,7;12,6;87;83;83;131;3,4;1,4;
2023-10-18;1000;0;920,6;1015,1;920,6;920,1;476;22;23;18,6;23;20,4;18,6;17,7;13,2;86;75;76;120;3,3;1,6;
2023-10-18;1100;0;921;1014,8;921;920,6;1298,2;25;25,2;18,3;25,2;23;19,2;18,1;13,7;76;65;66;111;4,6;2;
2023-10-18;1200;0;920,8;1013,9;921;920,7;2204,9;27;27,4;17,6;27,5;25,1;19,1;17,6;13,6;66;54;55;91;5,8;2;
2023-10-18;1300;0;920,5;1012,9;920,8;920,5;2845,6;29;29,3;18;29,3;27,3;19,1;17,1;13,5;59;49;51;65;5,8;1,9;
2023-10-18;1400;0;920,3;1012,6;920,5;920,3;3304,2;31;29,7;17,4;30,1;29;19,6;16,3;13,5;55;44;48;48;4,7;1,8;
2023-10-18;1500;0;919,7;1011,6;920,3;919,7;3503,2;33;30,7;17;31,4;29,7;19,8;16,6;13,4;53;42;44;341;3,7;1,4;
2023-10-18;1600;0;918,7;1010,4;919,7;918,7;1142,1;33;30,9;18,6;30,9;29,5;20,7;16,7;13,5;57;43;48;168;3,1;,4;
2023-10-18;1700;0;917,8;1009,1;918,7;917,8;3501,6;34;32;16,1;32,3;30,9;19,8;15;13,5;51;35;38;231;5,6;2,2;
2023-10-18;1800;,8;918;1011,3;918,5;917,6;1148,3;33;25,9;19,6;32,5;25,9;20,5;15,5;13,1;72;36;68;21;8,6;2,1;
2023-10-18;1900;,2;918,4;1012,1;918,4;917,8;745,1;29;24,8;19,3;25,9;24,6;21,6;17,5;13;82;62;72;137;7,7;1,5;
2023-10-18;2000;13,4;918,7;1013,9;919;918,1;128,3;26;20,3;17,7;24,8;19,8;20,3;16,7;12,8;85;68;85;257;16,6;11;
2023-10-18;2100;14,4;919,3;1014,4;919,3;918,6;4,8;23;20,7;19,1;22;20,2;19,2;16,7;12,8;91;73;91;118;16,6;1,9;
2023-10-18;2200;1;919,7;1014,9;919,7;919,3;0;22;20,5;18,5;20,9;20,3;19,2;18,5;12,8;92;88;88;140;3,9;1,6;
2023-10-18;2300;1,4;920;1015,4;920,2;919,7;-1,2;22;20,2;19,2;20,6;20,1;19,3;18,5;12,8;94;88;94;148;2,7;,8;
2023-10-19;0000;,4;920,9;1016,3;920,9;920;-2,1;22;20,3;19,3;20,5;20;19,5;19;12,7;94;94;94;216;2,4;1;
2023-10-19;0100;,2;921,3;1016,8;921,3;920,9;-2,1;21;20,1;19,3;20,4;20,1;19,4;19,2;12,7;95;94;95;159;2,1;,4;
2023-10-19;0200;0;921;1016,4;921,3;921;-2,5;21;20,3;19,4;20,4;20,1;19,6;19,3;12,7;95;95;95;88;2,3;,4;
2023-10-19;0300;0;920,4;1015,8;921;920,2;-2,3;21;20,3;19,5;20,3;19,9;19,5;19,1;12,7;95;95;95;157;2,4;,7;
2023-10-19;0400;0;919,9;1015,2;920,4;919,9;-2,5;21;20,3;18,9;20,7;20;19,9;18,6;12,7;95;91;92;141;3,3;1,1;
2023-10-19;0500;0;919,3;1014,7;919,9;919,3;-2,1;21;19,9;18,7;20,3;19,6;19;18,5;12,7;94;92;93;142;3,1;1,6;
2023-10-19;0600;0;918,6;1013,8;919,3;918,5;-2,7;21;20,4;19;20,5;19,9;19,2;18,6;12,6;93;91;91;140;3,1;1,3;
2023-10-19;0700;0;918,9;1014,2;918,9;918,5;-2,9;21;20;18,9;20,6;19,8;19,1;18,7;12,6;93;91;93;131;3;1,4;
2023-10-19;0800;0;919,3;1014,6;919,3;918,9;-2,4;21;20,3;19;20,4;20;19,2;18,8;12,6;94;92;92;134;2,7;,9;
2023-10-19;0900;0;920,1;1015,4;920,1;919,3;11,1;21;20,3;19;20,4;20,2;19,1;18,9;12,6;93;92;92;146;3,1;1,6;
2023-10-19;1000;0;920,7;1015,8;920,7;920,1;284,9;21;21,3;18,6;21,3;20,2;19,2;18,5;13,2;93;84;84;106;4,5;1,8;
2023-10-19;1100;0;921,5;1016,2;921,5;920,7;1119,5;23;22,6;18,8;22,8;21,3;19,2;18,1;13,5;84;78;79;111;6,6;2,9;
2023-10-19;1200;0;921,9;1016,1;922;921,5;1383,6;24;24,2;19,2;24,3;22,5;19,6;18,5;13,8;80;72;73;105;6,6;1,4;
2023-10-19;1300;0;921,9;1015,5;921,9;921,7;2543,5;26;26;20,3;26;24,2;20,5;18,8;13,7;74;67;71;70;5,5;1,9;
2023-10-19;1400;0;921,9;1015,3;922,1;921,9;2319,8;28;26,6;20,3;26,7;25,2;20,5;18,6;13,6;72;64;68;78;5,4;1,5;
2023-10-19;1500;0;921,1;1014,1;921,9;921,1;3061,4;29;27,6;19,1;27,8;26,4;20,9;18,5;13,6;69;60;60;43;4,6;2,4;
2023-10-19;1600;0;920;1012,6;921,1;920;3028,8;31;28,4;18,4;28,8;27,3;20,3;17,9;13,5;64;54;55;22;4,2;1,6;
2023-10-19;1700;0;918,9;1011;920;918,9;3321,9;32;29,8;18,7;29,8;28,2;20,7;17,2;13,5;61;48;51;211;3,6;1,1;
2023-10-19;1800;0;918,4;1010,6;918,9;918,2;2492,4;33;29,3;17,7;30,6;29,3;20,1;16,3;13,1;55;45;50;303;3,9;1,6;
2023-10-19;1900;,6;919,3;1014,3;919,5;918,4;311,1;27;21,1;17,5;29,3;21,1;18;15,1;13;80;48;80;121;10,7;1,7;
2023-10-19;2000;2,4;919,2;1014,2;919,8;919,2;299,5;24;21;18,9;21,5;20,6;19,1;17,3;13,1;88;79;88;114;4,4;1,6;
2023-10-19;2100;0;919,3;1014,3;919,3;918,5;172,7;23;21;18,3;21,4;20,7;19,2;18,3;12,9;90;83;85;126;4,1;1,4;
2023-10-19;2200;0;919,6;1014,5;919,6;919,3;4,8;22;21,4;18,5;21,4;20,4;18,9;18,2;12,8;90;83;84;133;4,2;1,5;
2023-10-19;2300;0;920,8;1016;920,8;919,4;-2,3;22;20,9;19,5;21,4;20,6;19,5;18,4;12,8;92;84;91;286;4,9;2,6;
2023-10-20;0000;1;921,3;1016,7;921,3;920,6;-2,6;22;20,6;19,3;21,3;20,6;19,4;19;12,8;92;87;92;73;4,9;1;
2023-10-20;0100;,4;921,5;1017;921,7;921,3;-2,3;22;20,3;19,4;20,7;20,3;19,5;19,3;12,8;94;92;94;178;2,4;,6;
2023-10-20;0200;0;921;1016,5;921,5;921;-1,8;21;20,2;19,3;20,4;20,1;19,4;19,2;12,7;95;94;95;140;2,5;1,2;
2023-10-20;0300;0;920,6;1016,1;921;920,6;-2,8;21;20,1;19,2;20,2;19,8;19,3;19;12,7;95;95;95;158;3;1,5;
2023-10-20;0400;0;919,9;1015,4;920,7;919,9;-3,2;21;19,9;18,8;20,1;19,6;19,2;18,6;12,7;95;93;94;135;3;1,4;
2023-10-20;0500;0;919,7;1015,2;919,9;919,5;-3,5;21;19,8;18,5;20,2;19,8;19;18,4;12,7;94;91;92;127;3,5;1,2;
2023-10-20;0600;0;919,1;1014,5;919,7;919,1;-3,5;21;19,8;18,4;20,1;19,8;18,7;18,4;12,7;92;91;92;114;4,2;1,3;
2023-10-20;0700;0;919;1014,4;919,1;918,8;-3,5;20;19,8;18,4;20;19,7;18,6;18,2;12,7;92;91;92;125;4,7;1,5;
2023-10-20;0800;,2;919;1014,5;919,3;918,9;-3,5;20;19,4;18,2;19,8;19,4;18,4;18,1;12,6;92;91;92;125;3,8;1,5;
2023-10-20;0900;0;920,3;1015,9;920,3;919;21,5;20;19,6;18,3;19,8;19,4;18,3;18;12,6;93;91;92;130;4,9;1,3;
2023-10-20;1000;0;921;1016,3;921;920,3;458,3;21;20,8;18,4;21;19,6;18,8;18,1;13,2;92;84;87;113;4,3;2;
2023-10-20;1100;0;921,5;1016,2;921,5;921;1086,2;23;22,5;18,7;22,6;20,8;19,5;18,3;13,6;89;79;79;108;4,3;1,7;
2023-10-20;1200;0;921,9;1016;922;921,5;2070,6;25;24,6;19,4;24,6;22,5;19,7;18,6;13,8;81;71;73;118;4,6;1,9;
2023-10-20;1300;0;922,1;1015,7;922,1;921,9;2394,5;27;26;19,4;26;24,6;20,3;18,5;13,8;75;66;67;62;4,3;1,5;
2023-10-20;1400;0;921,8;1016,2;922,2;921,7;1402,7;28;23,7;19,1;26,1;23,7;20;18,5;13,1;75;65;75;17;5,8;1,7;
2023-10-20;1500;5;921,3;1016,2;921,8;920,9;1401,7;27;22,1;19,8;25,2;21,5;21,7;18,5;13,1;90;75;87;224;8,3;2,8;
2023-10-20;1600;15;920,4;1014,3;921,5;920,4;1244,7;25;24,8;20;25,1;20,3;22,7;18,8;13,8;95;73;75;222;9,3;3,9;
2023-10-20;1700;0;919,9;1014,4;920,4;919,9;1474,3;26;22,8;18,5;25,5;22,8;20,9;18,5;13,3;81;68;77;117;6,2;1,5;
2023-10-20;1800;0;918,9;1013,2;919,9;918,9;1295,2;26;22,9;19;23,6;22,7;19,4;18,3;13,1;80;74;79;116;5,1;2,2;
2023-10-20;1900;0;918,9;1013,2;919;918,8;441,1;25;23,1;19,6;23,1;22,9;19,8;19;13,1;82;78;81;145;4,7;1,6;
2023-10-20;2000;0;919;1012,9;919;918,8;679,7;25;24,2;19,7;24,2;23,1;20,1;19,3;13,2;81;76;76;128;3;,9;
2023-10-20;2100;0;919,5;1013,8;919,5;919;403,2;26;23,2;19,6;24,7;23,2;20,2;19,1;12,9;81;72;80;119;1,9;,8;
2023-10-20;2200;0;919,6;1014,4;919,7;919,5;6;24;21,6;19,5;23,2;21,6;19,8;19,3;12,8;88;80;88;129;1,7;1;
2023-10-20;2300;0;920,4;1015,6;920,4;919,6;-3,5;23;20,7;19,7;21,6;20,7;19,7;19,2;12,8;94;88;94;146;1,8;1;
2023-10-21;0000;0;920,9;1016,4;920,9;920,4;-3,5;22;20,2;19,3;20,7;20,1;19,7;19,2;12,8;95;94;95;137;1,9;,7;
2023-10-21;0100;0;921,4;1016,9;921,4;920,9;-3,3;21;20,1;19,3;20,2;19,6;19,4;18,7;12,8;95;95;95;149;1,8;1,1;
2023-10-21;0200;0;921,2;1017;921,5;921,2;-3,3;21;19,4;18,6;20,1;19,3;19,3;18,5;12,7;95;95;95;162;1,8;,9;
2023-10-21;0300;0;920,7;1016,5;921,2;920,7;-3,2;20;19,1;18,4;19,4;19;18,6;18,3;12,7;95;95;95;146;2;,8;
2023-10-21;0400;0;920,2;1016,1;920,7;920,2;-3,2;20;18,6;17,8;19,1;18,5;18,4;17,8;12,7;95;95;95;157;2,4;1,3;
2023-10-21;0500;0;919,5;1015,3;920,2;919,5;-3,5;20;18,9;18,1;19;18,5;18,3;17,8;12,7;95;95;95;150;2,3;1,1;
2023-10-21;0600;0;919,4;1015,2;919,5;919,3;-3,4;20;18,8;17,9;19,3;18,8;18,5;17,9;12,7;95;94;95;133;2,4;1,2;
2023-10-21;0700;0;919,6;1015,3;919,6;919,3;-3,4;20;19;18;19,5;18,8;18,6;17,9;12,6;95;94;94;127;3,9;1,3;
2023-10-21;0800;0;919,9;1015,6;919,9;919,6;-2,6;20;19,1;18,2;19,4;18,9;18,5;18;12,6;95;94;94;118;3,2;1,2;
2023-10-21;0900;0;920,3;1015,9;920,3;919,9;27,8;20;19,5;18,5;19,5;18,9;18,5;18;12,6;95;94;94;133;2,7;1,1;
2023-10-21;1000;0;920,9;1016,1;920,9;920,3;505,4;20;21,1;18,3;21,4;19,4;19,4;18,2;13,3;94;84;84;121;3,4;1,2;
2023-10-21;1100;0;921,8;1016,5;921,8;920,9;905,3;22;22,6;19,1;22,7;21;19,6;18,3;13,5;88;79;81;103;3,7;1,3;
2023-10-21;1200;0;922;1016,3;922;921,8;1445,6;24;24;18,8;24,2;22,2;19,7;18,3;13,9;82;71;73;102;4,5;1,7;
2023-10-21;1300;0;921,8;1015,8;922;921,8;2263,3;26;24,9;18,3;25,9;24;19,8;18,2;13,7;75;63;67;57;5,2;2,7;
2023-10-21;1400;0;921,6;1015,3;921,9;921,6;2981,9;28;25,6;17,6;27;24,8;20,2;17,6;13,4;69;60;61;86;6,3;2,2;
2023-10-21;1500;0;921;1014,2;921,6;921;3663,9;29;27;18;27,8;25,4;19,8;17;13,5;66;54;58;29;5;2,3;
2023-10-21;1600;0;920;1012,5;921;920;3420,9;30;28,8;17,7;29;27;19,5;16,1;13,6;62;49;51;55;5;1,6;
2023-10-21;1700;0;919,2;1011,7;920;919,2;3003,8;32;28,7;16,7;29,4;27,9;18,9;16;13,6;54;46;48;23;4,2;1,7;
2023-10-21;1800;0;918,6;1010,6;919,2;918,6;3069,1;33;30,1;16,4;30,8;28,7;18,2;15,1;13,5;52;39;44;141;3,9;1,1;
2023-10-21;1900;0;918,4;1010,8;918,6;918,4;2088,6;33;28,8;15,4;30,5;28,7;17,8;15,4;13;53;40;44;90;3,3;,9;
2023-10-21;2000;0;918,5;1011;918,5;918,3;633,2;32;28,5;18,3;28,9;27,9;18,7;16,5;13,1;57;44;54;141;3,5;1,1;
2023-10-21;2100;0;918,9;1012;918,9;918,5;345,6;30;26,8;17,8;28,5;26,8;18,6;17,8;12,9;60;53;58;138;5;1,2;
2023-10-21;2200;0;919,3;1013,1;919,3;918,9;5,4;28;24,6;17,8;26,8;24,5;18,2;17,7;12,8;67;58;66;133;4,5;1;
2023-10-21;2300;0;920,1;1014,4;920,1;919,3;-3,5;25;23,5;17,8;24,6;23,1;18;17,7;12,8;72;66;70;139;2,8;1,3;
2023-10-22;0000;0;920,7;1015,4;920,7;920,1;-3,5;24;22,5;17,6;23,5;22,5;17,8;17,4;12,8;74;70;74;130;3,4;1,1;
2023-10-22;0100;0;921,3;1016,5;921,3;920,7;-3,5;23;21,1;17,3;22,6;21,1;17,7;17,2;12,8;79;73;79;153;3,2;1,3;
2023-10-22;0200;0;921,3;1016,9;921,4;921,2;-3,5;22;19,8;17,2;21,5;19,8;17,6;17,1;12,8;85;78;85;149;2,7;1;
2023-10-22;0300;0;921;1016,4;921,4;921;-3,5;21;20,5;17;20,8;19,7;17,5;17;12,7;86;80;81;146;2,2;1;
2023-10-22;0400;0;920,8;1016,3;921;920,8;-3,5;21;20;17,2;20,5;19,8;17,3;17;12,7;85;81;84;111;2,8;1,2;
2023-10-22;0500;0;920,5;1016,1;920,9;920,5;-3,5;20;19,6;17;20;19,5;17,3;17;12,7;87;84;85;127;4,3;1,8;
2023-10-22;0600;0;920,4;1016,2;920,5;920,4;-3,5;20;19,2;16,6;19,6;19;17,1;16,6;12,7;86;85;85;129;4,3;1,7;
2023-10-22;0700;0;920,7;1016,6;920,7;920,5;-3,5;20;19;16,2;19,2;18,9;16,6;16,1;12,6;85;83;83;123;6,3;2,6;
2023-10-22;0800;0;920,8;1016,8;920,9;920,7;-3,5;20;18,7;15,9;19;18,6;16,1;15,8;12,6;84;84;84;130;7,4;3;
2023-10-22;0900;0;921,2;1017,3;921,2;920,8;21,2;19;18,5;15,6;18,7;18,5;15,8;15,6;12,6;84;83;83;127;7,9;3,4;
2023-10-22;1000;0;921,7;1017,3;921,7;921,2;621,4;20;20,1;16,2;20,1;18,5;16,2;15,6;13,3;83;77;78;117;7,9;2,9;
2023-10-22;1100;0;922,2;1017,2;922,2;921,7;1521,3;22;21,9;16,8;22;20,1;16,9;16;13,8;78;71;73;109;7,7;3,3;
2023-10-22;1200;0;922;1016,5;922,2;922;2355,8;24;23,3;16,7;23,5;21,9;17,6;16,4;13,9;73;66;67;109;9,8;2,7;
2023-10-22;1300;0;921,9;1016;922,1;921,8;3069,3;25;24,5;16,9;24,6;22,8;18,2;16,3;13,8;70;63;63;112;7,5;2,5;
2023-10-22;1400;0;921,5;1015,4;921,9;921,4;3554;26;25,1;17,6;25,3;23,8;18,3;16,6;13,7;67;61;63;106;7,1;2,8;
2023-10-22;1500;0;920,4;1013,9;921,5;920,4;3794,7;27;26;17,1;26,6;24,8;18,8;16,4;13,7;67;55;58;57;7,6;2,6;
2023-10-22;1600;0;919,7;1012,8;920,4;919,7;3776,7;28;27;17,1;27,5;26;18,6;16,6;13,7;63;53;55;50;7,5;2,8;
2023-10-22;1700;0;919,1;1011,6;919,7;919,1;3516,1;30;28,5;17,4;28,7;26,9;19;15,5;13,6;59;48;51;78;6;1,6;
2023-10-22;1800;0;918,4;1010,6;919,1;918,4;2962;31;29,2;15,7;29,2;27,7;17,9;14,9;13,6;55;42;44;90;6,3;1,1;
2023-10-22;1900;0;918,4;1010,8;918,4;918,2;2200,8;32;28,8;15,8;30;28,6;16,4;13,1;13,6;48;38;45;354;3,2;1,4;
2023-10-22;2000;0;918,4;1010,9;918,5;918,2;1340;32;28,5;15,1;29,2;28,4;17,2;14,6;13,1;49;41;44;117;4,1;1;
2023-10-22;2100;0;918,8;1012,1;918,8;918,4;435,9;30;26;16,4;28,6;26;16,6;14,9;12,9;56;44;56;40;2,4;,6;
2023-10-22;2200;0;919,3;1013,6;919,3;918,7;2,4;27;23,1;16,7;26;23,1;17,8;16,1;12,8;67;56;67;143;2;,8;
2023-10-22;2300;0;919,5;1014,5;919,5;919,3;-3,5;24;21;16,3;23,1;21;16,5;16;12,8;75;65;75;149;2,2;1,3;
2023-10-23;0000;0;920;1015,6;920;919,5;-3,5;22;19,5;16;21;19,5;16,4;16;12,8;81;75;81;151;3,2;1,5;
2023-10-23;0100;0;920,3;1015,6;920,4;920;-3,5;21;20,4;15,8;21,1;19,5;16,1;15,6;12,8;81;71;75;148;3,2;1,6;
2023-10-23;0200;0;920,2;1015,6;920,4;920,1;-3,5;21;20,3;15,9;20,6;19,8;16;15,7;12,8;77;75;76;148;3,3;1,5;
2023-10-23;0300;0;919,7;1015,1;920,2;919,7;-3,5;21;19,9;15,5;20,6;19,9;15,9;15,5;12,7;77;75;76;155;3,3;2;
2023-10-23;0400;0;919,1;1014,9;919,7;919,1;-3,5;20;18,8;15,3;19,9;18,8;15,5;15,3;12,7;80;76;80;154;3,3;1,7;
2023-10-23;0500;0;918,4;1013,8;919,1;918,4;-3,5;20;19,6;14,7;19,6;18,4;15,4;14,7;12,7;80;74;74;151;2,9;1,5;
2023-10-23;0600;0;918;1013,4;918,4;918;-3,5;20;19,5;14,9;19,9;18,6;14,9;14,5;12,7;77;72;75;152;3,3;1,8;
2023-10-23;0700;0;918,2;1013,8;918,2;918;-3,5;20;19;14,8;19,6;18,9;14,8;14,5;12,6;76;74;76;158;3,2;1,9;
2023-10-23;0800;0;918,5;1014,2;918,6;918,3;-3,5;19;18,7;14,7;19,4;18,6;14,8;14,6;12,6;78;74;78;147;3,7;2;
2023-10-23;0900;0;919,4;1014,9;919,4;918,5;29,1;19;19,7;14,9;19,7;18,7;14,9;14,6;12,6;78;73;74;128;4,8;1,8;
2023-10-23;1000;0;919,9;1014,8;919,9;919,4;584,5;21;21,5;15,6;21,5;19,6;15,9;14,8;13,3;74;69;69;125;5,9;1,9;
2023-10-23;1100;0;919,9;1014;920;919,8;1471;23;24;16,7;24;21,5;17;15,5;13,8;71;62;64;117;5,9;2,1;
2023-10-23;1200;0;920,3;1013,8;920,3;919,9;2349,1;26;26;17,4;26;24,1;18,1;16,3;13,7;64;58;59;98;5,8;1,8;
2023-10-23;1300;0;920;1012,9;920,4;920;3008,8;28;27,5;17,8;27,5;25,9;18,9;16,5;13,6;63;53;55;56;5,2;2;
2023-10-23;1400;0;919,7;1012,3;920,1;919,7;3470,3;29;28,6;18,2;28,7;27,3;19,2;16,6;13,5;60;48;53;49;5,2;2,4;
2023-10-23;1500;0;919;1011,1;919,7;919;3694,9;31;29,8;18;30;28,4;19,2;15,4;13,6;54;43;49;76;5,2;1,7;
2023-10-23;1600;0;918,2;1009,8;919;918,2;3652,4;32;31,1;16,2;31,2;29,5;18,8;15,6;13,5;52;40;41;347;4,6;,9;
2023-10-23;1700;0;917,4;1008,9;918,1;917,4;3402,4;33;31,1;15,4;31,4;30,5;18,3;14,4;13,4;47;36;39;359;4,6;1,9;
2023-10-23;1800;0;916,5;1007,7;917,4;916,5;2947,8;34;31,9;14,9;32,4;31,1;18;13,5;13,5;44;33;36;37;4,6;1,5;
2023-10-23;1900;0;916,3;1007,4;916,5;916,2;2210,2;35;32,1;16,4;32,6;31,5;17,5;13,9;13,5;42;33;39;160;4;1,4;
2023-10-23;2000;0;916,5;1008;916,5;916,2;1182,1;35;30,8;15,8;32,5;30,8;17,5;14,1;12,9;44;33;40;145;3;1;
2023-10-23;2100;0;917;1009,7;917;916,5;296,3;32;27,4;16;31,2;27,2;21,3;13,5;12,9;60;34;50;155;6;2,4;
2023-10-23;2200;0;917,3;1011;917,3;916,9;2,1;29;24,3;17,5;27,8;24,3;17,5;15;12,8;66;46;66;148;6;1,4;
2023-10-23;2300;0;917,8;1012,4;917,8;917,3;-3,5;26;21,7;18,3;24,3;21,7;18,4;17,4;12,8;81;65;81;157;3;1,3;
2023-10-24;0000;0;918;1012,7;918;917,8;-3,5;24;21,5;18,2;22,9;21,5;18,4;18;12,8;81;75;81;154;3;1,5;
2023-10-24;0100;0;918,2;1013;918,3;918;-3,5;23;21,4;17,9;21,7;21,2;18,2;17,9;12,8;83;80;80;142;2,3;1,7;
2023-10-24;0200;0;918;1013,1;918,3;918;-3,5;22;20,4;17,5;21,4;20,4;17,9;17,5;12,7;84;80;84;155;2,7;1,6;
2023-10-24;0300;0;917,6;1012,2;918;917,6;-3,5;22;21,6;17,1;21,6;20,3;17,7;17,1;12,7;84;76;76;157;3,5;2,3;
2023-10-24;0400;0;917,1;1011,5;917,6;917,1;-3,5;22;22,2;16,7;22,7;21,6;17,2;16,6;12,7;76;69;71;156;3,6;2,1;
2023-10-24;0500;0;916,5;1010,9;917,1;916,5;-3,5;23;21,9;16,5;22,7;21,3;16,7;16,4;12,7;74;68;71;144;3,6;1,5;
2023-10-24;0600;0;916,3;1010,9;916,5;916,2;-3,5;22;21,2;16,3;22,3;21;16,5;16,2;12,7;74;69;74;150;3,1;1,6;
2023-10-24;0700;0;916,3;1011,5;916,4;916,2;-3,5;21;19,5;16,4;21,7;19,4;16,4;16,1;12,7;82;71;82;152;2,9;1,8;
2023-10-24;0800;0;916,3;1011,7;916,3;916,2;-3,5;21;18,9;16,1;19,9;18,9;16,6;16,1;12,6;84;81;84;152;3,2;1,6;
2023-10-24;0900;0;916,7;1012,2;916,8;916,3;28,3;20;18,9;16,1;19,3;18,7;16,3;16;12,6;85;83;84;150;3;1,7;
2023-10-24;1000;0;917,1;1011,6;917,1;916,7;512,5;21;22;17,1;22;18,7;17,3;16,1;13,2;85;73;74;147;3;1,7;
2023-10-24;1100;0;917,2;1010,4;917,3;917,1;1377,5;24;25,8;17,9;25,8;22;18,5;16,9;13,6;74;60;62;136;3,2;1,4;
2023-10-24;1200;0;917,2;1009,5;917,3;917,2;2200,9;28;28,7;17,8;28,8;25,8;18,4;16,9;13,6;63;49;52;133;3,1;1,2;
2023-10-24;1300;0;917,2;1009;917,2;917,1;2597,3;30;30,1;14,5;30,7;28,7;18,2;14,3;13,6;53;38;39;320;7,3;3,1;
2023-10-24;1400;0;916,8;1008,3;917,2;916,8;3232,5;31;31,1;15,7;31,1;29,5;17,2;14;13,5;45;36;39;306;9,3;4;
2023-10-24;1500;0;916,3;1007,6;916,9;916,3;3635,8;32;31,5;14,7;31,9;30,8;16,3;13,1;13,5;42;32;36;306;8,1;4,1;
2023-10-24;1600;0;915,3;1006,3;916,3;915,3;3750,9;33;32,2;13,4;32,2;31,5;15,5;12,7;13,4;38;30;32;297;7,5;3,9;
2023-10-24;1700;0;914,6;1005,3;915,3;914,6;3259,2;34;32,7;13,7;32,8;31,8;15,7;12,7;13,5;39;30;32;310;8,2;3,1;
2023-10-24;1800;0;914,1;1005,2;914,6;914,1;1756,8;34;31,4;13,6;33,4;31;16,3;12,6;13,2;37;29;34;289;6,3;3,5;
2023-10-24;1900;0;913,5;1004,5;914,1;913,5;1217,1;33;31,4;15,8;32;30,5;16,1;13,2;13,2;40;33;39;302;8,6;1,9;
2023-10-24;2000;0;913,5;1005,1;913,5;913,3;744,3;33;29,6;16,8;31,6;29,4;17,4;14,4;13;49;36;46;303;4,3;1,1;
2023-10-24;2100;0;914,2;1006,6;914,2;913,4;258,4;31;27,2;17,2;29,7;27,2;21,5;15,3;12,9;69;41;54;154;1,7;,6;
2023-10-24;2200;0;914,3;1007,3;914,3;914,2;0;28;25,6;18,1;27,4;25,6;18,8;16,8;12,8;65;53;63;142;1,4;,6;
2023-10-24;2300;0;914,6;1008;914,7;914,3;-3,2;27;24,3;19,4;25,6;23,7;20,1;17,7;12,8;80;63;74;177;4,4;,9;
2023-10-25;0000;0;915,8;1009,3;915,8;914,6;-3,2;25;24,4;18,5;24,5;23;19,4;18,2;12,8;78;69;69;263;4,1;3,2;
2023-10-25;0100;0;916,3;1009,5;916,3;915,7;-3,3;25;25,5;16;25,9;23,7;18,8;16;12,8;73;55;56;242;4,7;2,5;
2023-10-25;0200;0;916,8;1010,3;917;916,3;-2,4;26;24,7;16,6;26,4;24,5;16,9;15,5;12,8;62;52;61;251;7,1;4,3;
2023-10-25;0300;0;916,7;1011,3;916,9;916,6;-2,8;24;21,4;18;24,7;21,4;18;16,6;12,7;81;61;81;313;8,1;3,4;
2023-10-25;0400;0;916,3;1010,6;916,9;916,3;-3,3;23;22,1;17,7;22,2;21,4;18;17,6;12,7;81;76;76;309;4,9;1,3;
2023-10-25;0500;0;916,6;1011,1;916,6;915,8;-2,9;23;21,6;18,3;22,4;21,3;18,4;17,5;12,7;83;74;82;256;4,7;2,7;
2023-10-25;0600;3,6;915,7;1010,6;916,7;915,5;-3,1;22;20,2;18,9;21,6;20,1;19;18,3;12,7;93;82;92;315;4,6;1,2;
2023-10-25;0700;0;915,2;1010,1;915,7;915,2;-2,7;22;20,1;18,8;20,4;20,1;19;18,7;12,7;92;91;92;341;2,7;,9;
2023-10-25;0800;0;915,4;1010,4;915,4;915;-2,2;21;19,9;18,9;20,3;19,8;18,9;18,7;12,6;94;92;94;152;3,1;,6;
2023-10-25;0900;0;915,4;1010,5;915,6;915,4;24,3;21;19,6;18,8;19,9;19,6;19;18,7;12,6;95;94;95;154;2;1;
2023-10-25;1000;0;915,9;1010,6;915,9;915,4;392,9;21;21;19,8;21;19,6;19,8;18,8;13,3;95;93;93;133;2,9;1,2;
2023-10-25;1100;0;916,8;1010,8;916,8;915,9;946,3;23;23,4;20,3;23,4;21;20,3;18,9;13,8;93;79;83;104;2,8;,6;
2023-10-25;1200;0;916,7;1010;916,9;916,6;2255,6;26;25,3;19,1;25,3;23,4;20,1;18,8;13,7;83;68;68;135;2,8;1,1;
2023-10-25;1300;0;915,9;1008,6;916,7;915,9;2854;28;27;19,9;27;25,3;20,2;18,4;13,6;71;63;65;313;2,9;1,1;
2023-10-25;1400;0;915,5;1007,8;915,9;915,4;3315,2;30;28,2;17,9;28,3;27;20,3;17;13,5;66;51;54;333;4,8;2,4;
2023-10-25;1500;0;914,8;1006,8;915,4;914,8;2756,4;31;28,8;17,5;29,1;27,5;19,3;17;13,6;57;50;50;316;7,4;3,7;
2023-10-25;1600;0;914,3;1006,6;914,9;914,3;1877;31;27,7;17,5;29,3;27,5;18,7;16,1;13,2;57;47;54;229;7,4;3,6;
2023-10-25;1700;0;913,7;1005,6;914,3;913,7;1889,3;30;28,6;18,3;28,8;27,5;19,2;17,4;13,7;57;51;54;238;7,2;4,3;
2023-10-25;1800;0;913;1004,7;913,7;913;2280,5;31;29,3;17,8;29,7;28,3;19,1;17,6;13,6;57;49;50;248;8,1;3,6;
2023-10-25;1900;0;912,5;1004,3;913;912,4;1765,5;31;28,6;18;29,8;28,5;19;16,8;13,2;54;47;53;279;7,1;3,5;
2023-10-25;2000;0;912,3;1004;912,5;912,3;1077,8;31;28,9;16,9;29,2;28,6;18,5;16,5;13;53;47;48;248;5,9;2,8;
2023-10-25;2100;0;912,7;1005,2;912,7;912,3;265,7;29;26,6;18,1;28,9;26,6;18,4;16,7;12,9;60;48;60;203;4,9;2;
2023-10-25;2200;0;913,2;1006,7;913,2;912,7;4,3;27;23,7;18,9;26,6;23,7;19;18;12,8;75;60;75;203;3,3;1,7;
2023-10-25;2300;0;913,6;1007,3;913,6;913,2;-3,5;25;23,3;18,9;23,9;22,7;19,4;18,7;12,8;80;74;76;2;2,1;,6;
2023-10-26;0000;0;914,2;1008,4;914,2;913,6;-3,5;24;22;18,7;23,2;21,8;19,2;18,7;12,8;85;76;82;159;1,8;1,4;
2023-10-26;0100;0;914,8;1009,4;914,8;914,2;-3,5;23;20,8;19,2;22;20,7;19,3;18,7;12,8;91;82;91;134;1,9;,6;
2023-10-26;0200;0;914,7;1009,5;914,9;914,7;-3,5;22;20,2;18,8;21;20,1;19,3;18,6;12,7;92;89;92;189;1,1;,7;
2023-10-26;0300;0;914,7;1009,7;914,8;914,6;-3,5;21;19,7;18,4;20,2;19,6;18,9;18,4;12,7;93;92;92;157;1,5;1;
2023-10-26;0400;0;914,4;1009,5;914,7;914,4;-3,5;21;19,4;18,4;20;19,3;18,8;18,2;12,7;94;92;94;146;1,7;1,1;
2023-10-26;0500;0;913,5;1008,6;914,4;913,5;-3,4;20;19;18,1;19,4;18,9;18,4;18;12,7;94;94;94;155;1,7;,7;
2023-10-26;0600;0;913,4;1008,6;913,5;913,4;-3,5;20;18,8;17,9;19,1;18,8;18,2;17,9;12,7;95;94;94;155;1;,6;
2023-10-26;0700;0;913,5;1008,6;913,5;913,3;-3,1;20;19;18,1;19;18,4;18,2;17,6;12,6;95;94;95;176;1,3;,8;
2023-10-26;0800;0;913,6;1008,8;913,7;913,3;-2,7;20;18,8;17,9;19;18,6;18,2;17,7;12,6;95;95;95;152;2,7;1,3;
2023-10-26;0900;0;913,9;1009,1;914;913,6;22,9;20;18,8;18;19,1;18,7;18,3;17,8;12,6;95;94;95;154;2;,9;
2023-10-26;1000;0;914,8;1009,6;914,8;913,9;338;20;20,3;18,8;20,3;18,8;18,9;18;13,2;95;91;91;163;1,6;1;
2023-10-26;1100;0;915,5;1009,2;915,5;914,8;1021,3;22;23,9;19,3;24;20,3;20;18,6;13,6;91;75;76;96;1,5;,6;
2023-10-26;1200;0;915,3;1008,2;915,5;915,3;1876,9;26;26,1;17,5;27,3;23,9;20,2;16,9;13,7;79;56;59;320;2,1;1;
2023-10-26;1300;0;915,2;1007,6;915,3;915,1;2613,3;29;27,8;19,2;27,8;26,1;19,7;17,4;13,6;65;57;60;301;4;1,9;
2023-10-26;1400;0;914,9;1007;915,2;914,9;2715,6;30;28,5;18,8;28,9;27,4;20,2;18,1;13,5;62;54;56;304;6,1;2,6;
2023-10-26;1500;0;914,1;1005,9;914,9;914,1;3106,5;31;29,2;20,3;29,5;28,1;20,3;18,3;13,6;60;53;59;290;7,2;3,4;
2023-10-26;1600;11,4;913,2;1007,4;914,4;913;1464,6;29;21,6;18,7;29,6;19,7;20,6;15,7;13,4;86;51;84;251;16,3;3,4;
2023-10-26;1700;,2;912,5;1005,4;913,5;912,4;2133,2;26;25,2;19,4;25,2;21,6;21,4;18,2;13,8;88;70;70;null;null;null;
2023-10-26;1800;4,4;911,6;1005,8;913,7;911,6;640,3;25;21;20;25,8;19,5;20;17,4;13,9;94;66;94;86;11,1;1,6;
2023-10-26;1900;0;912,1;1005,9;912,1;911,1;1273,7;25;22,4;20,1;23,2;21;20,7;19,1;13;94;78;87;288;2,7;1,6;
2023-10-26;2000;,2;913,1;1007,2;913,3;911,9;34,6;24;21,8;19,8;22,4;21,8;20,5;19;12,8;92;83;88;245;6,7;2,9;
2023-10-26;2100;0;913,4;1007,8;913,4;912,9;94,1;23;21,1;19,3;22;21,1;19,5;18,5;12,8;89;81;89;86;4,9;1;
2023-10-26;2200;0;913,9;1008,5;913,9;913,4;-,5;22;20,7;19,2;21,5;20,7;19,4;19;12,8;92;86;92;149;2,3;,9;
2023-10-26;2300;0;914,5;1009,3;914,6;913,9;-3;22;20,3;19,2;20,6;20,1;19,5;19,1;12,8;94;92;93;150;2,9;1,5;
2023-10-27;0000;0;914,7;1009,4;914,8;914,3;-3,1;21;20,5;19;20,5;20,2;19,3;18,9;12,7;93;91;91;145;3,2;1,3;
2023-10-27;0100;0;915,6;1010,6;915,6;914,7;-2,3;21;19,9;18,9;20,6;19,9;19,2;18,8;12,7;94;91;94;169;2,7;1,1;
2023-10-27;0200;0;916,2;1011,1;916,2;915,6;-2,1;21;20,4;19,3;20,5;19,9;19,4;19;12,7;94;91;93;275;2,6;,4;
2023-10-27;0300;1,2;917,1;1012;917,1;916,1;-1,9;21;20,6;19,4;20,7;20,2;19,6;19,1;12,7;94;92;93;234;5,6;3,1;
2023-10-27;0400;4;916;1011;917,1;916;-2,6;21;20;19,1;20,7;20;19,6;19,1;12,7;95;93;95;101;5,6;1,3;
2023-10-27;0500;,6;914,9;1009,9;916;914,9;-2,4;21;19,7;18,9;20,1;19,7;19,3;18,9;12,7;95;95;95;136;3;1;
2023-10-27;0600;0;915;1010;915,2;914,8;-3,1;21;19,7;18,8;19,9;19,7;19,1;18,7;12,6;95;94;94;133;2,7;1,1;
2023-10-27;0700;0;915,3;1010,3;915,3;914,8;-3,1;21;19,7;18,9;19,9;19,6;19;18,7;12,6;95;94;95;143;3,7;1,6;
2023-10-27;0800;0;915,5;1010,5;915,5;915,2;-2;20;19,9;19,1;19,9;19,7;19,1;18,9;12,6;95;95;95;136;3,2;1,2;
2023-10-27;0900;0;916,5;1011,5;916,7;915,5;21,2;21;20,2;19,3;20,2;19,9;19,3;19,1;12,6;95;95;95;126;3,8;1,7;
2023-10-27;1000;0;917,4;1012,3;917,4;916,5;327,9;21;20,9;19,9;20,9;20,2;19,9;19,3;13,2;95;94;94;121;4;1,5;
2023-10-27;1100;0;917,7;1012,2;917,7;917,3;746,8;22;22,2;20,5;22,2;20,9;20,6;19,9;13,3;94;89;90;113;3,4;1,5;
2023-10-27;1200;0;917,7;1011,6;917,9;917,6;1049,1;24;23,9;19,7;24,2;22,1;20,7;19,7;13,6;91;77;77;92;3;1,3;
2023-10-27;1300;0;917,5;1011,1;917,8;917,5;1581,8;26;24,8;20;25,3;23,4;21,3;19,5;13,7;83;74;75;63;3,5;1,8;
2023-10-27;1400;0;916,7;1009,5;917,5;916,7;2709,2;28;26,9;21,2;26,9;24,8;21,5;20;13,7;78;68;71;96;3,9;1,5;
2023-10-27;1500;0;916,3;1009,1;916,7;916,3;1758,5;29;26,9;21,4;26,9;25,9;21,5;20,1;13,8;76;69;72;38;4,3;2;
2023-10-27;1600;0;915,5;1008;916,3;915,5;2301,3;31;27,4;21;28,9;26,9;22,2;19,3;13,6;74;56;68;122;3,9;1,3;
2023-10-27;1700;,4;913,9;1006,9;915,5;913,9;1066,6;30;25,4;21,6;27,9;25,4;22;20,4;13,2;80;65;79;128;3,4;1,4;
2023-10-27;1800;4,4;912,8;1006;913,9;912,6;753,5;28;24,6;22,1;25,4;24,3;22,9;21,4;13,1;90;78;86;159;3,6;1,8;
2023-10-27;1900;43,2;912,9;1007,9;914,6;912,7;112,8;24;19,2;18,4;24,6;18,1;22,7;17;12,9;95;83;95;85;11,3;2,2;
2023-10-27;2000;0;913,9;1008,4;913,9;912,8;111,2;22;20,8;19,9;20,8;19,2;19,9;18,6;12,9;95;94;94;129;6;1,2;
2023-10-27;2100;,8;916,7;1011,5;916,7;913,9;20,9;22;20,8;19,5;21;20,3;20;19;12,8;94;90;93;19;5,8;3,1;
2023-10-27;2200;2,2;916,8;1011,9;916,8;916;-,5;21;20;18,6;21;20;19,6;18,5;12,8;93;91;91;80;8,1;2,1;
2023-10-27;2300;6,2;918,3;1013,7;918,4;916,8;-,6;21;19,5;18,6;20,1;19,5;18,8;18,6;12,8;94;91;94;148;5,8;1,8;
2023-10-28;0000;5,8;918,5;1014;918,5;918,1;-,2;21;19,4;18,6;19,5;19,3;18,6;18,6;12,7;95;94;95;134;4,9;1,6;
2023-10-28;0100;2,2;918,8;1014,2;918,8;918,5;-1,4;21;19,6;18,9;19,6;19,4;18,9;18,6;12,7;95;95;95;122;4,2;1,8;
2023-10-28;0200;,6;917,5;1012,9;918,8;917,5;-1,4;20;19,4;18,6;19,6;19,4;18,8;18,6;12,7;95;95;95;130;4,2;1,6;
2023-10-28;0300;0;917,6;1013;917,7;917,4;-1;20;19,3;18,3;19,4;19,2;18,6;18,3;12,7;95;94;94;115;4,8;1,8;
2023-10-28;0400;0;917,2;1012,6;917,8;917,2;-1,3;20;19,2;18;19,4;19,2;18,3;18;12,7;94;92;93;119;5,3;2;
2023-10-28;0500;0;916,5;1011,8;917,2;916,4;-,2;20;19,3;18;19,3;19,1;18,1;17,9;12,7;93;92;92;121;5,9;2;
2023-10-28;0600;0;916,9;1012,2;916,9;916,3;-,5;20;19,4;18,1;19,4;19,2;18,1;17,8;12,6;93;91;92;146;5,9;1,3;
2023-10-28;0700;2,4;916,9;1012,3;917,5;916,7;,4;20;19,2;18,2;19,9;19,1;18,3;17,9;12,6;94;89;94;115;4,4;1,4;
2023-10-28;0800;,2;917;1012,4;917,3;916,9;-1,3;20;19,1;18,2;19,3;19;18,3;18;12,6;94;94;94;121;3,8;1,3;
2023-10-28;0900;0;917,3;1012,7;917,3;916,9;20,8;20;19,2;18,2;19,4;19;18,4;18,1;12,6;95;93;94;131;4,4;1,2;
2023-10-28;1000;0;918,1;1013,3;918,1;917,3;273;20;20;18,6;20;19,2;18,6;18,2;13,1;94;92;92;121;5,6;1,9;
2023-10-28;1100;0;918,5;1013,6;918,5;918,1;403,9;21;20,6;19;20,6;20;19;18,6;13,2;92;89;91;127;5,9;1,4;
2023-10-28;1200;0;918,8;1013,4;919;918,5;751,8;22;22;19,2;22;20,6;20,1;18,9;13,7;91;84;84;115;3,8;1,5;
2023-10-28;1300;0;919,1;1013,4;919,1;918,7;1141;24;23,1;19,3;23,3;22;19,5;18,8;13,7;85;77;79;100;4,2;1,2;
2023-10-28;1400;0;919,2;1013,5;919,4;919,1;571,9;24;23;19,8;23,3;22,7;20;18,9;13,4;84;77;82;69;3;,5;
2023-10-28;1500;,8;919,1;1013,7;919,3;919;757,8;25;22,1;19;23,8;22,1;20,1;18,7;13,3;83;75;83;322;6,9;3,1;
2023-10-28;1600;1,6;918,2;1012,8;919,1;918,2;741,9;24;21,9;19,5;22,3;21,6;20,6;19;13,3;91;83;86;342;5,8;1,6;
2023-10-28;1700;0;917;1011,1;918,2;917;834,1;24;22,9;19,7;23,1;21,9;20,4;18,9;13,4;90;82;82;78;3,2;,6;
2023-10-28;1800;0;915,2;1008,6;917;915,2;2016,7;26;24,6;20;24,8;22,8;20,6;19;13,8;85;73;76;125;3,1;1,4;
2023-10-28;1900;0;914;1006,8;915,2;914;2119;28;25,9;20;26,3;24,6;21,3;19,5;13,7;76;68;70;51;4,7;2,1;
2023-10-28;2000;0;914,4;1007,7;914,5;913,9;686,1;28;24,8;19,9;25,9;24,8;20,2;19,2;13;75;68;74;127;5,1;,9;
2023-10-28;2100;0;915,2;1008,8;915,2;914,4;403,1;27;23,9;19,5;24,8;23,8;19,8;19;13;77;71;77;123;3,2;1,3;
2023-10-28;2200;0;916,3;1010,3;916,3;915,2;3,8;25;23,1;19,9;23,9;23,1;20;19,5;12,8;83;77;82;135;3,2;1,1;
2023-10-28;2300;0;916,9;1011;917;916,3;-2,5;24;22,9;20;23,1;22,6;20,1;19,9;12,8;85;82;84;154;2,4;1,5;
2023-10-29;0000;0;917,9;1012,9;918,3;916,9;-1;23;20,5;18,5;23,1;20,5;20,2;17,7;12,8;88;77;88;218;8,9;2,1;
2023-10-29;0100;0;918,6;1013,8;918,6;917,9;-3,2;22;20,4;19;20,5;20,3;19,1;18,6;12,8;92;88;92;150;4,4;,6;
2023-10-29;0200;1,2;918,3;1013,6;918,8;918,3;-2,4;22;19,9;19;20,4;19,9;19,2;18,9;12,8;94;92;94;131;3,5;1,7;
2023-10-29;0300;0;917,8;1012,9;918,3;917,7;-1,8;21;20,2;19,4;20,2;19,9;19,4;19;12,7;95;94;95;148;3,5;1,6;
2023-10-29;0400;0;917,4;1012,3;917,8;917,4;-1,9;21;20,7;19,5;20,7;20,2;19,6;19,3;12,7;95;93;93;148;3,1;1,5;
2023-10-29;0500;0;916,8;1011,8;917,4;916,8;-2,4;21;20,4;19,5;20,7;20,2;19,6;19,3;12,7;95;93;95;136;2,6;1,1;
2023-10-29;0600;0;916,2;1011,2;916,8;916,2;-1,4;21;20,1;19,4;20,4;20;19,5;19,2;12,7;95;95;95;154;2,1;1,4;
2023-10-29;0700;0;916;1010,7;916,2;915,9;-2,6;21;20,8;19,7;20,8;20,1;19,9;19,3;12,7;95;93;93;139;2,7;1,7;
2023-10-29;0800;0;916,3;1011;916,3;915,9;-3,4;21;20,9;19,5;21;20,6;19,8;19,3;12,7;93;91;92;145;2,8;1,7;
2023-10-29;0900;0;916,8;1011,6;916,8;916,2;33,3;21;21;19,4;21,4;20,9;19,8;19,4;12,7;92;90;91;136;3,5;1,4;
2023-10-29;1000;0;917,4;1012;917,4;916,8;170,6;22;21,6;20,1;21,6;20,9;20,1;19,4;12,9;93;91;92;145;2,9;1,5;
2023-10-29;1100;0;917,7;1011,8;917,7;917,4;497,7;23;23,2;21,2;23,2;21,6;21,2;20,2;13,4;92;86;89;155;3;1,4;
2023-10-29;1200;0;918,2;1011,4;918,2;917,7;1540,2;25;26;21,1;26;23,2;21,5;20,3;13,7;88;73;74;146;2,9;1,2;
2023-10-29;1300;0;918,2;1010,7;918,2;918,1;2852;28;28,4;20,3;29,4;25,9;21,8;18,9;13,6;77;56;62;352;4,7;2,2;
2023-10-29;1400;0;917,9;1010,2;918,2;917,9;2056,5;30;28,7;20,2;29,1;28,2;21,1;19;13,5;63;56;60;336;6,3;3,9;
2023-10-29;1500;0;917,3;1009,1;917,9;917,3;2523,7;31;30,3;20,2;30,3;28,6;21,3;19,1;13,6;62;54;55;322;6,4;2,6;
2023-10-29;1600;0;916,2;1007,6;917,3;916,2;2605,2;31;31;20;31;28,6;20,6;18,8;13,5;61;49;52;315;7,9;4;
2023-10-29;1700;0;914,7;1006;916,3;914,7;3353,8;32;31;18,5;31,2;29,7;20,4;17,9;13,5;54;46;48;296;10;4,4;
2023-10-29;1800;0;914,5;1005,8;914,7;914,4;2648,7;33;30,9;19;31,4;29,7;19,8;17,3;13,6;52;45;49;283;9,1;4,9;
2023-10-29;1900;0;914,6;1006;914,6;914,4;1927,1;32;30,6;18,3;31,1;29,7;19,8;17,5;13,5;52;45;48;269;9;5;
2023-10-29;2000;3,4;916;1010,2;916;914,3;678;31;22,3;18,7;30,9;22,3;19,8;18,4;12,9;80;47;80;280;16,3;6,3;
2023-10-29;2100;10;916,6;1010,9;916,7;915,8;151,4;26;22,2;20,4;23;21,5;21,8;19,1;12,9;95;80;90;157;16,3;1,8;
2023-10-29;2200;0;917;1011,7;917;916,6;4,2;24;21,1;19,4;22,2;21,1;20,3;19,4;12,8;92;89;90;145;3,9;1,6;
2023-10-29;2300;0;917,9;1012,8;917,9;917;1,4;23;21;19,3;21,1;20,9;19,5;19,2;12,8;91;89;90;147;4;1,4;
2023-10-30;0000;0;918,8;1013,9;918,8;917,9;-,6;22;20,6;19,6;21;20,6;19,6;19,3;12,8;94;90;94;150;3,1;1,3;
2023-10-30;0100;0;919,4;1014,6;919,5;918,8;-1,2;22;20,4;19,5;20,9;20,4;19,8;19,5;12,8;94;93;94;152;2,1;1,3;
2023-10-30;0200;0;919;1014,2;919,4;919;-2,7;22;20,3;19,5;20,5;20,2;19,7;19,4;12,7;95;94;95;298;2,4;,6;
2023-10-30;0300;0;918,1;1013,2;919;918,1;-2,7;21;20,5;19,5;20,5;20,1;19,7;19,3;12,7;95;94;94;146;3,1;1,7;
2023-10-30;0400;0;918,2;1013,2;918,2;917,9;-2,9;21;20,6;19,3;20,8;20,5;19,5;19,1;12,7;94;91;92;144;3,9;1,8;
2023-10-30;0500;0;918;1013,1;918,2;917,9;-2,4;21;20,4;19,5;20,7;20,4;19,5;19,2;12,7;94;91;94;143;4,1;1,3;
2023-10-30;0600;0;917,8;1012,8;918;917,5;-1,3;21;20,5;19,6;20,5;20,4;19,7;19,5;12,7;95;94;95;121;3,5;1,5;
2023-10-30;0700;0;918,2;1013,4;918,3;917,8;-2,4;21;20,2;19,5;20,5;20,2;19,6;19,4;12,6;95;95;95;147;2,7;1,1;
2023-10-30;0800;0;918,6;1013,8;918,6;918,2;-1,9;21;20,4;19,6;20,4;20,2;19,7;19,4;12,6;96;95;96;132;2,5;,8;
2023-10-30;0900;0;918,9;1014;918,9;918,6;35;21;20,6;19,9;20,6;20,3;19,9;19,6;12,7;96;96;96;136;2,6;1,3;
2023-10-30;1000;0;919,2;1014;919,2;918,9;289,8;22;21,5;20,6;21,5;20,6;20,6;19,9;13,2;96;95;95;123;3,3;1,5;
2023-10-30;1100;0;919,5;1013,9;919,5;919,2;763,6;23;22,9;20,4;22,9;21,5;21;20,4;13,6;95;86;86;115;4;1,8;
2023-10-30;1200;0;919,6;1013,7;919,6;919,3;1863,3;25;23,7;20,1;24,7;22,9;21,2;19,9;13,7;88;77;81;115;4,2;1,8;
2023-10-30;1300;0;918,9;1012,2;919,6;918,9;2793,3;27;26;20;26,5;23,7;21,5;19,9;13,7;83;69;70;155;4,6;1,8;
2023-10-30;1400;0;918,6;1011,2;918,9;918,6;2667,6;29;28,2;20;28,7;26;22;19,5;13,5;73;58;61;215;4,5;1,2;
2023-10-30;1500;0;918;1010;918,6;918;2501,8;31;29,7;18,3;29,9;28,2;21;17,4;13,5;63;48;50;90;2,7;,9;
2023-10-30;1600;0;917,3;1009,4;918;917,3;2535,8;32;29,4;17,5;30,3;29;19,6;16,7;13,6;55;46;49;317;4,6;2,4;
2023-10-30;1700;0;916,6;1008,7;917,3;916,6;2141,8;33;29;15,8;30,1;29;18,4;15,4;13,1;52;40;45;309;4,5;1,8;
2023-10-30;1800;0;915,7;1007,7;916,6;915,7;1331,3;32;29,2;17,8;29,6;28,5;18;15;13,6;54;42;50;20;3,1;1,5;
2023-10-30;1900;0;915,3;1006,9;915,7;915,3;2074,5;33;30,2;16,3;30,6;29,2;18;15,2;13,5;51;41;43;333;3,6;1,5;
2023-10-30;2000;0;915;1006,6;915,3;915;1178;33;30,1;17,1;31,4;29,7;18,5;15,4;13,1;51;41;46;286;4,1;1,3;
2023-10-30;2100;0;915,1;1007,6;915,1;914,9;428,7;32;27,3;19,5;30,1;27,3;20,7;17,1;12,9;63;45;62;294;2,7;1,4;
2023-10-30;2200;0;916,1;1009,5;916,1;915,1;10,2;28;25;19,8;27,3;24,5;20,4;19,2;12,8;76;62;73;70;2,5;,2;
2023-10-30;2300;0;916,8;1010,9;916,8;916,1;-3,5;26;23,1;20;25;23,1;20,3;19,4;12,8;83;71;83;148;2,1;,9;
2023-10-31;0000;0;917,7;1012,2;917,7;916,8;-3,5;24;22;20,2;23,1;21,9;20,2;19,6;12,8;89;83;89;154;1,8;,9;
2023-10-31;0100;0;918,1;1012,8;918,2;917,7;-3;24;21,7;20;22;21,5;20,3;20;12,8;91;89;91;160;1,9;1,2;
2023-10-31;0200;0;917,9;1012,8;918,3;917,9;-3,3;23;20,8;19,5;21,9;20,8;20,1;19,5;12,8;92;88;92;187;1,9;,6;
2023-10-31;0300;0;917,2;1012,1;917,9;917,2;-3,5;22;20,6;19,6;20,9;20,5;19,9;19,4;12,7;94;92;94;223;1,7;,8;
2023-10-31;0400;0;916,7;1011,8;917,3;916,7;-3,3;22;19,9;19;20,6;19,9;19,6;19;12,7;95;93;95;141;1,9;,8;
2023-10-31;0500;0;916,2;1011,3;916,7;916,2;-3,3;21;19,8;19;20;19,4;19,2;18,6;12,7;95;95;95;228;2,3;1,2;
2023-10-31;0600;0;916,2;1011,4;916,4;916,1;-3,1;21;19,5;18,7;19,8;19,3;19;18,4;12,7;95;95;95;152;1,9;,9;
2023-10-31;0700;0;916;1011,3;916,2;915,9;-3,5;20;19,2;18,5;19,5;19;18,7;18,2;12,6;96;95;96;130;2,6;,9;
2023-10-31;0800;0;916,3;1011,7;916,3;915,9;-2,6;20;19;18,2;19,4;18,9;18,7;18,1;12,6;96;95;96;143;1,8;,9;
2023-10-31;0900;0;916,8;1012,1;916,8;916,3;47,7;20;19,3;18,6;19,3;18,7;18,6;18;12,7;96;96;96;142;1,6;1;
2023-10-31;1000;0;917,5;1011,9;917,5;916,8;652,5;21;22,2;19,4;22,2;19,3;20,1;18,6;13,3;96;84;84;158;2,2;1,2;
2023-10-31;1100;0;917,5;1011,1;917,6;917,5;873,4;24;24,6;20,7;24,6;22,2;20,9;19,2;13,4;85;78;79;128;2,5;1;
2023-10-31;1200;0;917,7;1010,9;917,7;917,5;759,8;26;26,1;20,4;26,2;24,4;21,2;20;13,5;81;69;71;112;2,4;,9;
2023-10-31;1300;0;917,6;1010,4;917,8;917,6;965,7;27;27,2;20,3;27,3;25,7;21,7;19,8;13,7;73;66;66;95;2,7;1,2;
2023-10-31;1400;0;917,3;1009,4;917,7;917,3;2549,7;29;29,3;20,1;29,4;27;21,4;19,7;13,5;70;58;58;34;3,7;1,8;
2023-10-31;1500;0;915,9;1007,5;917,3;915,9;3657,7;32;30,3;18;30,6;29,2;21;17;13,5;61;45;48;264;5,4;1,9;
2023-10-31;1600;0;915;1006,7;915,9;914,9;3289,3;32;29,8;18,2;31;29,5;20,2;16,9;13,6;55;44;50;247;10,4;6,4;
2023-10-31;1700;0;915,6;1009,4;915,8;915;848,4;29;23,6;18,4;30,5;23,6;19,7;16,9;13;74;49;73;298;12,6;1,4;
2023-10-31;1800;0;915,7;1009,8;916,1;915,6;293,2;26;22,6;20;23,5;22,3;20;18,1;13,2;86;71;85;85;3,5;1;
2023-10-31;1900;0;916,3;1009,8;916,3;915,6;1163;26;24,6;19,6;24,6;22,6;20,5;19,2;13,1;86;73;74;280;3,5;1,8;
2023-10-31;2000;0;916,4;1010,2;916,5;916;457,8;26;23,9;19,5;25;23,9;20;19;13;79;69;77;197;3,1;1;
2023-10-31;2100;24,6;917,9;1013,1;918;916,4;27,5;23;20,1;19,4;23,9;19,8;20,4;18,2;12,8;96;76;96;146;14;1,2;
2023-10-31;2200;0;917,8;1013;918,2;917,8;-,2;22;20;19,3;20,3;20;19,6;19,3;12,8;96;96;96;35;3;1;
2023-10-31;2300;0;917,5;1012,8;917,8;917,3;-2,7;21;19,6;18,8;20;19,6;19,3;18,8;12,8;96;95;95;168;1,5;,9;
2023-11-01;0000;0;917,4;1012,8;917,7;917,4;-2,8;21;19,2;18,5;19,7;19,2;19;18,5;12,8;96;95;96;149;1,8;,9;
2023-11-01;0100;0;917,8;1013,2;917,8;917,4;-3,3;21;19,3;18,6;19,4;19,2;18,7;18,5;12,7;96;96;96;143;3,5;1,6;
2023-11-01;0200;0;917,6;1013,1;917,9;917,6;-2;20;19,2;18,4;19,3;19,1;18,6;18,4;12,7;96;95;95;157;3,4;1,1;
2023-11-01;0300;,2;917,2;1012,8;917,6;917,2;-3,1;20;18,7;17,9;19,2;18,7;18,5;17,9;12,7;95;95;95;152;2,1;1,1;
2023-11-01;0400;0;916,7;1012,3;917,3;916,7;-3,4;20;18,4;17,7;18,7;18,4;18;17,7;12,7;96;95;96;144;2,3;,8;
2023-11-01;0500;0;916,6;1012,1;916,8;916,6;-3,3;19;18,7;18,1;18,7;18,3;18,1;17,7;12,7;96;96;96;141;2,9;1,4;
2023-11-01;0600;0;916,4;1011,8;916,6;916,4;-2,3;20;18,9;18,3;19;18,7;18,4;18,1;12,6;96;96;96;134;3,6;1,4;
2023-11-01;0700;0;916,5;1012;916,6;916,3;-3,2;20;18,8;18,1;19;18,7;18,3;18,1;12,6;96;96;96;128;4,3;1,6;
2023-11-01;0800;0;916,8;1012,3;916,8;916,5;-3,2;20;18,8;18,1;18,8;18,7;18,1;18;12,6;96;96;96;142;3,4;1,8;
2023-11-01;0900;0;917,5;1013,1;917,6;916,8;39,1;20;18,9;18,2;18,9;18,7;18,2;18;12,6;96;95;96;147;4,5;1,4;
2023-11-01;1000;0;918,1;1013,5;918,2;917,5;192,7;20;19,5;18,6;19,5;18,9;18,6;18,2;12,9;95;95;95;140;3,3;1,2;
2023-11-01;1100;0;918,5;1013,5;918,5;918,1;570,7;21;20,8;19,2;20,8;19,4;19,2;18,5;13,4;95;90;91;141;3,2;1,2;
2023-11-01;1200;0;918,7;1012,9;918,7;918,4;1672,4;23;23,3;19,3;23,3;20,8;19,9;18,5;13,8;91;77;78;145;3;1,2;
2023-11-01;1300;0;918,4;1012;918,8;918,4;2672,2;26;25;19,2;25,1;23,3;20,2;18,6;13,8;80;68;70;244;3;1,4;
2023-11-01;1400;0;917,8;1010,7;918,4;917,8;2933,8;28;27;21,5;27;24,8;21,5;18,1;13,6;73;63;72;4;3,7;1,5;
2023-11-01;1500;0;917,5;1010,3;917,8;917,4;3351,4;29;27;18,6;27,6;26,1;20,4;17,8;13,6;71;58;60;219;4,2;1,6;
2023-11-01;1600;0;916,6;1009,3;917,5;916,6;2154,3;30;27,1;18,1;28,2;26,9;20,1;17,8;13,3;63;54;58;216;4,7;2,3;
2023-11-01;1700;0;915,5;1007,8;916,6;915,5;2350,9;30;28,2;18,9;29,1;26,9;20,4;17,5;13,5;63;52;57;223;7,2;3,2;
2023-11-01;1800;0;915;1006,9;915,5;915;2694,5;30;29,3;17,4;29,5;27,5;19,4;16,2;13,6;58;46;49;227;7,6;3,1;
2023-11-01;1900;0;914,4;1006,4;915;914,3;2202;31;28,8;18,1;29,3;28,5;18,4;16,2;13,6;54;46;53;224;7,2;4,1;
2023-11-01;2000;0;914,9;1007,5;914,9;914,4;813,1;29;27,1;18,7;28,8;26,6;19;17,3;13,1;61;51;60;191;7,5;2,9;
2023-11-01;2100;0;915,6;1008,9;915,6;914,9;391,6;28;25;18,4;27,1;25;19,2;18,3;12,9;67;60;67;175;6,8;2,4;
2023-11-01;2200;0;916,3;1010,2;916,3;915,6;6,4;26;23,4;18,7;25;23,4;18,7;18,4;12,8;75;67;75;8;4,5;1,3;
2023-11-01;2300;0;917;1011,2;917;916,3;-3,4;25;22,6;18,9;23,7;22,6;19,4;18,5;12,8;81;74;79;211;3,2;2;
2023-11-02;0000;0;917,2;1011,3;917,2;916,9;-3,4;24;23,2;18,1;23,3;22;19,6;17,9;12,8;85;72;73;179;4,1;1,8;
2023-11-02;0100;0;917,7;1012,2;917,7;917,2;-3,3;23;22,2;18,2;23,2;22,2;18,3;17,9;12,8;79;73;79;145;4,1;,8;
2023-11-02;0200;0;917,3;1012,2;917,7;917,3;-3,5;23;20,8;18,3;22,2;20,6;18,4;18,1;12,8;87;78;86;176;2,2;1,2;
2023-11-02;0300;0;917;1012,2;917,3;917;-3,5;22;19,7;18,7;20,8;19,5;18,9;18,1;12,7;94;85;93;162;1,8;1,2;
2023-11-02;0400;0;916,4;1011,7;917;916,4;-3,5;21;19,2;18,4;19,8;19;18,7;18,2;12,7;95;93;95;158;2;1;
2023-11-02;0500;0;916,2;1011,6;916,5;916,2;-3,4;20;18,9;18,1;19,2;18,9;18,4;18,1;12,7;95;95;95;115;2;,9;
2023-11-02;0600;0;916,2;1011,4;916,3;916,1;-3,2;20;19,4;18,6;19,4;18,6;18,6;17,8;12,7;96;95;95;186;2,1;1,1;
2023-11-02;0700;0;916,3;1011,9;916,4;916,1;-2,8;20;18,5;17,8;19,4;18,5;18,7;17,8;12,7;95;95;95;81;2,1;,5;
2023-11-02;0800;0;916,5;1011,7;916,6;916,3;-2,3;20;19,5;18,1;19,5;18,5;18,5;17,8;12,6;96;92;92;143;3,2;1,1;
2023-11-02;0900;0;917,1;1012,3;917,1;916,5;19;20;19,8;18,2;19,8;19,2;18,3;17,9;12,6;93;91;91;141;2,6;,9;
2023-11-02;1000;0;917,6;1012,4;917,7;917,1;294;21;21,1;18,6;21,1;19,7;18,8;18,1;13,2;92;85;86;122;3,9;1,7;
2023-11-02;1100;0;917,8;1012;918;917,6;1272,6;23;23,1;18,8;23,5;21,1;19,2;18,2;13,7;86;75;77;107;5,2;2;
2023-11-02;1200;0;917,9;1011,5;918;917,8;2043,9;26;24,9;19,3;25,6;23,1;20,4;18,6;13,7;77;68;71;66;6,5;2,4;
2023-11-02;1300;0;917,3;1010,1;917,9;917,3;2936,4;28;27,1;20,8;27,1;24,7;20,8;19,2;13,6;74;64;68;83;6,5;2,4;
2023-11-02;1400;0;917;1009,8;917,3;917;3131,8;29;27;19,8;27,9;26,6;21;18,8;13,5;68;60;64;75;5,9;2,2;
2023-11-02;1500;0;916,5;1008,9;917;916,4;2861,4;30;28,1;20,1;28,7;26,7;21,2;18,9;13,6;68;58;62;46;5,8;2,2;
2023-11-02;1600;0;915,4;1007,2;916,5;915,4;3377,9;31;29,6;19,4;30;27,6;21,6;18,4;13,5;67;53;54;228;5,5;1,3;
2023-11-02;1700;0;914,7;1008;915,4;914,7;1886,4;30;24,6;21,1;30,2;23,1;21,6;17,8;13,1;87;50;81;42;13,6;,8;
2023-11-02;1800;0;914,7;1008;914,8;914,1;1157,1;28;24,8;19,9;25,6;24,1;22,1;19,2;13,1;87;69;74;167;3,9;2;
2023-11-02;1900;4;914,4;1008,5;914,8;914,3;405,5;25;22,1;20,7;24,8;21,6;20,7;19,4;13,2;93;74;92;137;7,2;2,1;
2023-11-02;2000;,2;914,3;1007,7;914,5;914,1;1319;26;24,2;20,7;24,2;22,1;21,8;20,3;13,1;92;79;81;128;4,6;1,6;
2023-11-02;2100;0;914,7;1008,8;914,7;914,1;441,2;26;22,4;20,2;24,3;22,4;20,8;19,7;12,9;87;78;87;132;3,7;1,5;
2023-11-02;2200;0;915,4;1009,7;915,4;914,7;10,9;24;22;20,3;22,5;21,9;20,5;20,3;12,8;91;87;90;124;2,5;1,2;
2023-11-02;2300;0;915,7;1010,1;915,7;915,4;-3,5;23;21,6;20;22,2;21,6;20,3;20;12,8;91;89;91;147;3,2;1,7;
2023-11-03;0000;0;916,2;1010,8;916,2;915,7;-3,5;23;21,2;19,7;21,7;21,2;20,1;19,7;12,8;92;90;91;151;3,1;1,5;
2023-11-03;0100;0;916,7;1011,4;916,7;916,2;-3,5;22;21,2;19,6;21,3;20,8;19,9;19,3;12,8;92;90;91;145;3,4;1,9;
2023-11-03;0200;0;916,9;1011,7;917;916,7;-3,5;22;20,8;19,1;21,4;20,8;19,6;19,1;12,7;91;88;90;141;3,7;1,9;
2023-11-03;0300;0;916,8;1011,5;917;916,8;-3,5;22;21,2;19,6;21,4;20,7;19,7;19,1;12,7;91;89;91;133;3,7;1,8;
2023-11-03;0400;0;916,6;1011,3;916,8;916,5;-3,5;22;21;19;21,2;20,8;19,6;19;12,7;92;88;88;142;5,4;1,6;
2023-11-03;0500;0;916,5;1011,2;916,6;916,2;-3,5;22;21;19,2;21,2;20,8;19,4;19,1;12,7;91;88;90;137;4,2;1,7;
2023-11-03;0600;0;916,3;1011,1;916,5;916,2;-3,4;22;20,8;19,3;21,1;20,8;19,4;19,2;12,7;91;90;91;129;3,6;1,7;
2023-11-03;0700;0;915,8;1010,7;916,3;915,8;-3,5;21;20,3;19;20,8;20,3;19,3;19;12,7;92;91;92;128;3,8;1,5;
2023-11-03;0800;0;916,1;1011,2;916,1;915,8;-3,5;21;19,8;18,8;20,7;19,8;19,3;18,8;12,6;94;91;94;129;3,4;1,2;
2023-11-03;0900;0;916,2;1011,2;916,2;915,9;45,4;21;20,1;19,1;20,1;19,7;19,2;18,8;12,7;95;94;94;138;3,4;1,2;
2023-11-03;1000;0;916,7;1011,2;916,8;916,2;589,6;22;21,7;19,9;21,7;20,1;19,9;19,1;13,3;94;88;89;131;3,3;1,7;
2023-11-03;1100;0;917;1010,5;917;916,7;1474,7;24;24,9;20,8;24,9;21,7;20,8;19,3;13,7;89;74;78;101;3,4;1,2;
2023-11-03;1200;0;916,8;1009,5;917;916,7;2290,3;27;27,1;19,4;27,1;24,9;21;19;13,6;77;62;63;12;6,2;3;
2023-11-03;1300;0;916,6;1009;916,8;916,5;2803,6;29;28,1;19,4;28,4;27,1;20,2;18,7;13,8;66;57;59;324;6,9;3,8;
2023-11-03;1400;0;916,2;1008,2;916,7;916,2;3271,4;30;29,2;19,7;29,6;27,9;20,8;18,6;13,5;62;56;57;308;6,8;3,3;
2023-11-03;1500;0;915,9;1007,9;916,2;915,9;3140,3;32;29,2;19,5;30,3;28,9;21,1;18,6;13,4;60;52;56;307;6,8;3,3;
2023-11-03;1600;0;915,2;1007,4;915,9;915,2;1207;31;28,2;19,6;29,6;28,2;20,6;19;13,2;60;54;59;348;7;3,3;
2023-11-03;1700;0;914;1005,4;915,2;914;2172,5;31;30,3;18,7;30,8;27,1;20,7;17,5;13,6;66;49;50;311;5,8;2,3;
2023-11-03;1800;0;913,2;1006;914;912,9;1885,1;32;25,7;18,1;30,4;25,7;19,9;17,4;13,1;63;49;63;354;13,4;7,4;
2023-11-03;1900;0;913,4;1006,2;913,4;912,9;917,3;29;25,9;17,8;26;25,4;18,9;17,8;13,2;67;61;61;340;13,4;3,4;
2023-11-03;2000;0;913,1;1005,9;913,6;913,1;892,3;29;25,9;18,3;26,7;25,8;19,1;17,5;13;65;60;63;315;7,4;1,8;
2023-11-03;2100;0;913,9;1007;913,9;912,6;285,3;28;25,2;19,6;26,5;25,2;20,2;18,3;12,9;73;63;71;47;3;1;
2023-11-03;2200;0;917,2;1011,8;917,2;913,9;6,3;26;21,5;17,9;25,6;21,5;20,1;17,9;12,8;80;68;80;244;15,2;9,5;
2023-11-03;2300;5;917,2;1012,7;917,5;917,1;-1,6;22;18,9;17,6;21,4;18,9;18,6;17,5;12,8;93;80;93;320;14,9;1,6;
2023-11-04;0000;5,8;918,5;1014,1;918,5;917,2;-2,1;21;19,2;18,4;19,2;18,7;18,4;17,6;12,8;95;93;95;272;3,5;1,9;
2023-11-04;0100;11,4;918,5;1014,2;918,9;918,5;-,9;21;18,7;18;19,2;18,6;18,4;18;12,7;96;95;96;121;5;1,4;
2023-11-04;0200;,4;917,6;1013,2;918,6;917,6;-2;20;18,9;18,3;19;18,7;18,4;18;12,7;96;96;96;151;2,6;1,3;
2023-11-04;0300;,2;916,6;1011,9;917,6;916,5;-1,6;20;19,3;18,7;19,3;18,9;18,7;18,3;12,7;96;96;96;149;2,7;,5;
2023-11-04;0400;0;915,8;1011;916,7;915,7;-1,5;21;19,4;18,7;19,6;19,3;18,9;18,7;12,7;96;96;96;140;1,4;,4;
2023-11-04;0500;0;915,5;1010,7;915,8;915,5;-2,2;20;19,4;18,7;19,6;19,3;19;18,7;12,7;96;96;96;92;2,6;,6;
2023-11-04;0600;0;915,3;1010,4;915,5;915,2;-2,3;20;19,6;18,9;19,6;19,2;18,9;18,6;12,7;96;96;96;264;1,6;,7;
2023-11-04;0700;0;915,5;1010,6;915,6;915,2;-1,8;21;19,6;19;19,9;19,5;19,2;18,9;12,6;96;96;96;359;2,9;,8;
2023-11-04;0800;0;916,1;1011,2;916,1;915,5;-1,1;21;19,9;19,2;19,9;19,6;19,2;18,9;12,6;96;96;96;293;5,1;2,1;
2023-11-04;0900;0;916,4;1011,5;916,4;916,1;15,8;21;20;19,1;20;19,9;19,3;19;12,6;96;94;95;307;5,1;1,4;
2023-11-04;1000;0;916,9;1012;916,9;916,4;95,6;21;20;19,2;20,1;19,9;19,3;19,1;12,7;95;95;95;338;2,6;1,3;
2023-11-04;1100;0;916,9;1011,8;917;916,9;215,3;21;20,5;19,7;20,6;20;19,8;19,2;13;95;95;95;301;2,1;,9;
2023-11-04;1200;0;917;1011,7;917;916,9;343,6;22;21,1;20;21,2;20,5;20,3;19,7;13,2;95;93;93;309;3,7;2,1;
2023-11-04;1300;,4;916,9;1011,6;917;916,8;525;22;21,3;20;21,6;21,1;20,4;20;13,3;94;92;92;255;5,7;3,5;
2023-11-04;1400;0;917,1;1011,8;917,1;916,9;885,3;23;21,4;18,7;21,5;21;20;18,7;13,5;92;85;85;257;6,7;3,2;
2023-11-04;1500;0;917,2;1012,1;917,4;917,1;552,2;22;20,8;19,7;21,4;20,4;19,7;18,4;13,7;93;84;93;251;5,6;3,3;
2023-11-04;1600;0;917,1;1012,1;917,3;917,1;701,1;22;20,4;19,3;20,9;20,2;19,7;18,9;13,5;93;90;93;255;7,1;3,4;
2023-11-04;1700;0;916,8;1011,5;917,1;916,8;657;22;21,3;19,2;21,4;20,3;19,7;18,8;13,4;93;88;88;289;5,7;2,1;
2023-11-04;1800;0;916,4;1010,9;916,8;916,4;449,9;23;21,7;20;21,7;20,8;20;18,8;13,4;92;87;90;300;4,5;2;
2023-11-04;1900;0;916,1;1010,3;916,4;916,1;694,6;23;22,5;19;22,5;21,6;19,8;18,5;13,5;90;81;81;312;5;2,2;
2023-11-04;2000;0;916,1;1010,3;916,2;915,9;1062;24;22,4;18,7;23,7;22;19,9;18,3;13,1;83;75;79;296;5,6;2,5;
2023-11-04;2100;0;916,4;1011;916,4;915,9;278,9;23;21,3;18,1;22,4;21,3;18,8;18,1;13;83;79;82;290;4,9;2,6;
2023-11-04;2200;0;916,9;1012;916,9;916,4;14,4;22;20,1;18,2;21,3;20,1;18,3;17,9;12,8;89;82;89;293;4;1,8;
2023-11-04;2300;0;917,8;1013,5;917,8;916,9;-3,5;21;18,7;17,7;20,3;18,7;18,3;17,7;12,8;94;87;94;148;3,2;,5;
2023-11-05;0000;0;918,3;1014,4;918,3;917,8;-3,5;20;17,6;16,8;18,9;17,6;18,1;16,8;12,8;95;94;95;31;3,1;1,6;
2023-11-05;0100;0;919,1;1015,3;919,1;918,3;-3,5;19;17,4;16,6;18,6;17,3;17,9;16,5;12,7;96;94;95;329;3,7;1,7;
2023-11-05;0200;0;919;1015;919,3;919;-3,5;18;18;17,4;18;17,1;17,4;16,4;12,7;96;95;96;260;3,9;2,8;
2023-11-05;0300;0;918,6;1015,1;919;918,6;-2,5;18;16,4;15,8;18,1;16,2;17,4;15,5;12,7;96;95;96;189;3,9;,5;
2023-11-05;0400;0;917,9;1013,9;918,6;917,9;-,8;18;17,8;17,1;17,8;16,4;17,2;15,8;12,7;96;96;96;296;1,6;1;
2023-11-05;0500;0;917,2;1013,3;917,9;917,2;-1,2;19;17,2;16,6;18;17,1;17,4;16,5;12,7;96;96;96;226;4,6;,9;
2023-11-05;0600;0;917,1;1013,5;917,2;917;-2,8;18;16,2;15,6;17,3;16,1;16,6;15,4;12,7;96;96;96;44;1,8;,4;
2023-11-05;0700;0;917;1013,8;917,1;917;-2,7;17;15,1;14,5;16,3;15;15,6;14,5;12,6;96;96;96;196;1,8;,7;
2023-11-05;0800;0;917,4;1014,3;917,4;916,9;-2,2;16;15;14,4;15,1;14,4;14,5;13,8;12,6;96;96;96;3;1,2;,6;
2023-11-05;0900;0;918;1014,9;918,1;917,4;37,6;16;15,3;14,7;15,5;15;14,9;14,4;12,6;96;96;96;48;1,7;,7;
2023-11-05;1000;0;918,8;1015,6;918,8;918;388,1;17;15,7;15,1;15,7;15,2;15,2;14,7;13,3;97;96;97;118;2,1;1;
2023-11-05;1100;0;919,2;1015,1;919,3;918,8;1410,6;18;18,4;14,8;18,7;15,5;16,1;14,5;13,9;97;79;80;157;2,9;1;
2023-11-05;1200;0;919,4;1014,1;919,5;919,2;2589,4;21;22;12,6;22;18,4;16,2;10;13,9;85;47;55;148;3,9;1,8;
2023-11-05;1300;0;919,6;1013,9;919,7;919,4;3229;23;23,2;9,1;23,8;21,9;12,8;8,2;13,8;56;38;41;129;4,8;1,8;
2023-11-05;1400;0;919,5;1013,1;919,7;919,5;3620,8;25;25,3;7,3;25,7;23,2;11,6;7;13,7;46;31;32;110;4,4;2;
2023-11-05;1500;0;919,1;1012,2;919,5;919,1;3925,1;27;26,6;8,8;26,6;25,1;10,3;5,9;13,8;39;29;33;100;4,5;1,6;
2023-11-05;1600;0;918,5;1011,2;919,1;918,5;3844;28;27,9;9,1;29;26,3;12,7;7,6;13,7;40;30;31;77;4,3;1,9;
2023-11-05;1700;0;917,7;1010,1;918,5;917,7;3440;29;28,4;8,5;28,7;27,4;10,6;7,9;13,5;34;28;29;330;4,4;,8;
2023-11-05;1800;0;917,3;1009,2;917,7;917,3;3003,7;31;29,8;8,8;29,8;28,5;9,9;8;13,6;31;26;27;65;3,5;,7;
2023-11-05;1900;0;917,1;1008,9;917,3;917,1;2344;31;30,2;4,8;30,7;29,6;10,9;4,8;13,5;30;20;20;210;4;2,6;
2023-11-05;2000;0;917,4;1009,7;917,4;917;1486,2;31;28,8;7,4;30,5;28,8;8;4,9;13,1;27;20;26;192;5,6;2,9;
2023-11-05;2100;0;918;1011,4;918;917,4;564;29;25,5;8,5;28,8;25,5;9,7;6,7;12,9;36;25;34;187;4,8;2,7;
2023-11-05;2200;0;918,4;1013,2;918,4;918;9,3;25;21,4;9,7;25,5;21,2;11,4;8;12,8;52;34;47;24;4,6;,3;
2023-11-05;2300;0;918,8;1014,7;918,8;918,4;-3,5;21;18,2;11,9;21,9;18,2;12,3;10;12,8;67;47;67;54;1,8;,9;
2023-11-06;0000;0;919,5;1015,8;919,5;918,8;-3,5;19;17,2;11,7;19,2;17;12,4;10,9;12,8;71;60;70;219;2,5;,6;
2023-11-06;0100;0;920;1016,5;920,1;919,5;-3,5;18;16,9;11,3;18,4;16,9;12;10,9;12,8;71;64;69;170;1,4;,4;
2023-11-06;0200;0;920,2;1017,1;920,3;920;-3,5;17;15,8;11,7;16,9;15,5;11,9;10,7;12,7;77;69;77;131;1,4;,7;
2023-11-06;0300;0;919,9;1017,3;920,2;919,9;-3,5;16;14,2;11,6;15,8;14;11,8;11;12,7;85;77;85;151;1,4;,5;
2023-11-06;0400;0;919,5;1017,3;920;919,5;-3,5;15;13,1;11,9;14,7;12,9;12,3;10,9;12,7;92;81;92;147;1,7;1,2;
2023-11-06;0500;0;919;1016,7;919,5;918,8;-3,5;14;13,1;12;14,1;12,4;12,3;10,6;12,7;93;85;93;149;3,2;1,2;
2023-11-06;0600;0;918,8;1016,5;919,2;918,8;-3,5;14;13,1;11;14,1;12,2;12,5;10,7;12,6;94;83;87;150;4,3;2;
2023-11-06;0700;0;918,9;1016,7;918,9;918,7;-3,5;14;13;11,5;13,4;12,6;11,5;11;12,6;92;86;90;145;3,2;2;
2023-11-06;0800;0;919,4;1017,3;919,4;918,9;-3,5;13;12,8;11,7;13,4;12,5;11,8;11,1;12,6;94;88;93;151;3,1;1,7;
2023-11-06;0900;0;919,9;1017,2;919,9;919,4;68,3;14;14,6;11,9;14,6;12,6;12,3;11,4;12,6;93;84;84;140;3;1,3;
2023-11-06;1000;0;920,4;1016,3;920,4;919,9;772,7;16;18,8;13,9;18,8;14,6;14,3;11,9;13,3;84;73;74;128;3,8;1,9;
2023-11-06;1100;0;921;1015,8;921;920,4;1685,5;20;22,1;13,4;22,3;18,7;15;13,4;13,8;76;57;58;105;5;1,9;
2023-11-06;1200;0;921,2;1015;921,2;921;2510,9;23;25,2;13,3;25,5;22,1;14,9;13,1;13,8;59;47;48;98;4,6;2;
2023-11-06;1300;0;921,2;1014,4;921,3;921,2;3154;26;27;12,7;27,4;25,2;15,4;12,2;13,7;51;41;41;85;7;2,5;
2023-11-06;1400;0;921;1014;921,3;920,9;3571,7;28;27,6;13,3;28,7;26,6;15,3;11,9;13,6;46;39;41;76;6,8;2,8;
2023-11-06;1500;0;920,5;1012,7;921;920,4;3861,7;29;29,9;11,8;29,9;27,6;15,3;10,5;13,5;45;31;33;47;6,8;2,7;
2023-11-06;1600;0;919,9;1012,2;920,5;919,9;3790,6;30;29,3;8,1;30,2;28,9;13,6;8,1;13,5;38;26;27;112;5,6;2;
2023-11-06;1700;0;919,3;1011,2;919,9;919,3;3430,2;31;30,5;9,4;30,7;29,2;11,9;8;13,6;33;25;27;14;4,6;1,3;
2023-11-06;1800;0;918,9;1010,6;919,3;918,8;2964,1;32;31;11;31,8;30,2;12;8,4;13,6;31;25;29;92;4,2;1,3;
2023-11-06;1900;0;918,5;1010,3;918,9;918,5;2285,6;33;30,7;10,9;31,5;30,4;11,6;9,5;13,5;32;26;30;142;3,6;1,3;
2023-11-06;2000;0;918,3;1010,3;918,5;918,3;1388,2;33;30;11,9;31;30;11,9;9,8;13;33;27;33;51;5,2;1,8;
2023-11-06;2100;0;918,8;1011,7;918,8;918,3;513,9;32;27,3;12,6;30,2;27,3;13,2;11,1;12,9;40;31;40;46;4,3;1,6;
2023-11-06;2200;0;919,5;1014;919,5;918,8;9,3;28;22,6;14,8;27,3;22,6;15;12,5;12,8;61;40;61;150;2,8;1,7;
2023-11-06;2300;0;919,7;1014,2;919,7;919,5;-3,5;24;22,6;13,9;22,9;22,3;14,7;13,9;12,8;62;58;58;147;3,2;1,3;
2023-11-07;0000;0;920,2;1015;920,2;919,7;-3,5;23;22;12,5;22,6;21,5;13,8;12,5;12,8;60;55;55;148;3,1;1,7;
2023-11-07;0100;0;920,7;1016,3;920,7;920,2;-3,5;22;19,6;13,1;22;19,6;13,2;12,3;12,8;66;55;66;136;3,1;1;
2023-11-07;0200;0;920,6;1016,7;920,8;920,6;-3,5;20;18,3;13;19,6;18,3;13,1;12,8;12,8;71;65;71;154;2,2;1,5;
2023-11-07;0300;0;920,5;1016,4;920,7;920,5;-3,5;19;18,8;12,4;19,3;17,8;13,2;12,4;12,7;73;65;67;155;3,1;1,9;
2023-11-07;0400;0;920,1;1015,9;920,6;920,1;-3,5;19;19,1;12,4;19,1;18,4;12,6;12,3;12,7;69;65;65;144;3,9;1,3;
2023-11-07;0500;0;919,8;1015,7;920,2;919,8;-3,5;19;18,6;11,6;19,4;18,5;12,4;11,6;12,7;66;62;64;138;4,8;1,6;
2023-11-07;0600;0;919,6;1015,3;919,8;919,4;-3,5;19;19,1;11,4;19,2;18,1;11,6;11,3;12,7;65;61;61;131;5,8;2;
2023-11-07;0700;0;920;1016,1;920;919,6;-3,5;19;18,2;11,9;19,1;18;11,9;11,3;12,6;67;61;67;128;5,3;2,2;
2023-11-07;0800;0;920,3;1016,3;920,3;919,9;-3,5;19;18,4;11,4;18,7;18;11,9;11,4;12,6;67;63;63;117;6,2;2,5;
2023-11-07;0900;0;920,9;1016,9;920,9;920,3;64,2;19;18,6;11,4;18,7;18,2;11,5;11,1;12,6;65;62;63;110;6,8;2,8;
2023-11-07;1000;0;921,6;1017,1;921,6;920,9;732,6;20;20,3;12,1;20,4;18,6;12,2;11,3;13,2;65;59;59;112;7,5;3,2;
2023-11-07;1100;0;921,9;1016,5;921,9;921,5;1621;22;23;13,5;23,3;20,3;14,3;12;13,7;61;55;55;101;7,5;3;
2023-11-07;1200;0;922,2;1016,1;922,3;921,9;2430,9;25;25,1;14;25,6;23;15,1;13,4;13,8;57;49;50;88;7,1;2,1;
2023-11-07;1300;0;922,1;1015,4;922,2;922,1;3057,4;27;27,1;14,6;27,4;24,8;15,6;14;13,6;54;45;46;83;7,5;2,5;
2023-11-07;1400;0;921,6;1014,4;922,2;921,6;3489,9;28;28,3;15;28,6;26,5;15,9;14,1;13,7;49;42;44;100;7,1;2,2;
2023-11-07;1500;0;921;1013,3;921,6;921;3776;30;29,8;13,5;30,1;28,4;15,9;11,8;13,5;46;34;37;63;6,4;2,9;
2023-11-07;1600;0;920,2;1012,2;921;920,2;3705,8;31;30,4;14,2;31;29,4;15,5;12,9;13,5;41;35;37;125;6,2;1,9;
2023-11-07;1700;0;919,6;1011,4;920,2;919,6;3360,9;32;30,9;13,1;31,4;29,5;14,9;12;13,5;39;33;34;85;5,2;1,9;
2023-11-07;1800;0;918,9;1010,6;919,6;918,9;2922,4;33;30,9;12,3;31,5;30,4;14,3;11,4;13,5;36;30;32;108;6,6;1,1;
2023-11-07;1900;0;918,6;1010,2;918,9;918,6;2267,4;33;31,2;12,9;31,6;30,6;13,6;11,4;13,4;34;30;33;86;4,1;1,6;
2023-11-07;2000;0;918,4;1010,3;918,6;918,4;1394,4;33;30,3;13;31,2;30,1;13,5;11,7;13;36;31;35;63;5,6;1,6;
2023-11-07;2100;0;918,8;1011,7;918,8;918,4;501,5;32;27,3;13,9;30,4;27,3;14,2;12,2;12,9;44;33;44;71;5,1;,8;
2023-11-07;2200;0;919,4;1013,3;919,4;918,8;9;28;24,5;14,5;27,3;23,5;15,2;14;12,8;58;44;54;153;2,6;,6;
2023-11-07;2300;0;920,2;1014,7;920,2;919,4;-3,5;25;22,9;14,6;24,5;22,9;14,7;14,2;12,8;60;54;60;148;3,8;1,7;
2023-11-08;0000;0;920,5;1015;920,5;920,2;-3,5;24;22,9;13,4;23,2;22,8;14,6;13,3;12,8;60;54;55;125;3,8;1,8;
2023-11-08;0100;0;921;1016,1;921;920,5;-3,5;23;21,4;13;23;21,4;13,4;12,9;12,8;59;54;59;147;4;1,4;
2023-11-08;0200;0;920,8;1016,1;921,2;920,8;-3,5;22;20,7;12,5;21,5;20,7;13;12,4;12,7;60;58;60;144;3,6;1,6;
2023-11-08;0300;0;920,7;1016,1;920,9;920,7;-3,5;21;20,4;11,9;20,8;20;12,6;11,7;12,7;62;57;58;139;3,6;1,4;
2023-11-08;0400;0;920,1;1015,5;920,7;920,1;-3,5;21;20,1;10,9;20,4;19,5;11,8;10,6;12,7;59;55;55;138;3,6;1,8;
2023-11-08;0500;0;919,9;1015,4;920,2;919,9;-3,5;20;19,8;10;20,4;19,6;10,6;10;12,7;56;52;53;132;5,5;2,2;
2023-11-08;0600;0;919,7;1015,2;919,9;919,5;-3,5;20;19,7;9,5;20,4;19,7;10,1;9,4;12,7;54;50;52;144;7,6;1,7;
2023-11-08;0700;0;920,1;1015,7;920,1;919,6;-3,5;20;19,5;9,8;20,1;19,5;9,8;9,5;12,6;53;51;53;112;6,4;2,1;
2023-11-08;0800;0;920,2;1016;920,3;920;-3,5;20;18,9;9,9;19,6;18,9;10,1;9,7;12,6;56;53;56;129;5,7;2,7;
2023-11-08;0900;0;920,7;1016,6;920,7;920,2;67,4;19;19;9,8;19,1;18,7;10;9,6;12,6;56;54;55;123;7,2;2,4;
2023-11-08;1000;0;921,3;1016,6;921,3;920,7;749,7;21;20,8;10,9;20,8;19;11;9,7;13,2;56;52;53;120;7;2,6;
2023-11-08;1100;0;922;1016,5;922;921,3;1639,9;23;23,3;12,3;23,3;20,8;12,5;10,7;13,7;54;49;50;119;7,1;2,3;
2023-11-08;1200;0;922,6;1016,3;922,7;922;2430,6;25;25,9;13,4;25,9;23,1;14;11,9;13,9;53;44;46;80;6,7;2,1;
2023-11-08;1300;0;922,3;1015,5;922,6;922,3;3022,6;27;27,5;14,3;27,5;25,5;14,3;12,6;13,7;47;42;44;62;5,5;2,5;
2023-11-08;1400;0;922,1;1014,9;922,4;922,1;3449,5;29;28,5;14,3;28,9;26,8;15,4;12,6;13,5;45;38;42;79;6,3;2,3;
2023-11-08;1500;0;921,7;1014,3;922,1;921,7;3589,9;30;29,1;11,6;30;28,2;15,5;11,6;13,6;44;34;34;69;5,6;2,4;
2023-11-08;1600;0;921;1013,2;921,7;921;3618,7;32;30;13,2;31,2;29;16,1;11,2;13,5;41;32;36;92;5,5;2;
2023-11-08;1700;0;919,9;1011,7;921;919,9;3331,8;32;30,9;13,1;31,3;29,8;14,2;12,4;13,6;38;32;34;111;4,6;1,9;
2023-11-08;1800;0;919,2;1010,9;919,9;919,2;2931,6;33;31,1;12,7;32;30,7;14,6;12,2;13,5;37;31;33;101;5,4;1,5;
2023-11-08;1900;0;918,8;1010,4;919,2;918,8;2248,9;34;31,3;12,8;31,7;30,7;13,9;12,1;13,3;35;31;32;86;4,8;1,4;
2023-11-08;2000;0;918,7;1010,5;918,8;918,6;1359,6;34;30,6;12,9;31,4;30,6;13,8;12,3;13;36;32;34;136;2,9;1,1;
2023-11-08;2100;0;919;1011,5;919;918,7;484,3;33;28,5;15,1;30,8;28,5;15,4;12,4;12,9;45;33;44;98;1,9;,7;
2023-11-08;2200;0;919,2;1012,8;919,2;918,9;11,3;29;25,2;15,3;28,5;25,2;15,9;14,8;12,8;54;43;54;132;2;,9;
2023-11-08;2300;0;919,9;1014,4;919,9;919,2;-3,5;26;22,6;16,6;25,2;22,5;16,6;15,5;12,8;69;54;69;145;2,9;2;
2023-11-09;0000;0;920,6;1015,6;920,6;919,9;-3,5;24;21,4;16,3;22,7;21,3;16,7;16,2;12,8;74;67;73;149;3;2,1;
2023-11-09;0100;0;921;1016,2;921;920,6;-3,5;23;21;16,1;22,2;20,2;16,4;15,9;12,8;77;70;74;151;2,6;1,9;
2023-11-09;0200;0;921;1016,6;921,2;921;-3,5;22;19,9;15,6;21,6;19,9;16,1;15,4;12,7;77;68;76;151;3,6;2,1;
2023-11-09;0300;0;920;1014,9;921;920;-3,5;21;21,5;14,4;21,8;19,5;15,6;14,4;12,7;76;63;64;145;3,4;2;
2023-11-09;0400;0;919,6;1015;920;919,6;-3,5;21;19,9;14;21,5;19,9;14,6;13,8;12,7;69;62;69;152;3,7;1,8;
2023-11-09;0500;0;919;1014,4;919,6;919;-3,5;21;19,8;14;20;18,9;14,2;14;12,7;73;68;69;166;3,2;1,3;
2023-11-09;0600;0;918,5;1013,9;919,1;918,5;-3,5;20;19,6;13,4;20,8;19,6;14;13,4;12,7;69;63;67;160;2,8;1,5;
2023-11-09;0700;0;918,5;1013,7;918,5;918,3;-3,5;20;20,3;13,2;20,3;18,6;13,7;13,2;12,6;72;64;64;164;3;1,6;
2023-11-09;0800;0;919;1014,4;919,1;918,5;-3,5;20;19,7;13;20,4;19,6;13,2;12,9;12,6;66;63;65;156;3,4;2,2;
2023-11-09;0900;0;919,5;1014,8;919,5;919;66,9;20;20,1;12,9;20,2;19,1;13;12,7;12,6;67;63;63;148;3,3;1,8;
2023-11-09;1000;0;919,7;1014,4;919,7;919,5;704,3;22;22,1;13,5;22,2;20,1;13,9;12,8;13,2;64;58;58;141;3,3;1,4;
2023-11-09;1100;0;919,9;1013,5;919,9;919,7;1570,9;24;25,3;13,8;25,3;22,1;14,2;13,2;13,6;59;48;49;101;3,3;1,6;
2023-11-09;1200;0;920,6;1013,7;920,6;919,8;2387,4;27;27,1;13,3;27,3;25,2;14,5;12,5;13,7;50;40;42;104;4,5;2;
2023-11-09;1300;0;920,7;1013,2;920,8;920,6;3001;29;29,1;13,6;29,6;27;14,3;11,3;13,5;44;33;39;86;4,8;1,9;
2023-11-09;1400;0;920,4;1012,4;920,7;920,4;3435,9;31;30,5;11,7;31,1;29,1;14,2;10,9;13,5;40;30;31;60;4,6;1,8;
2023-11-09;1500;0;920,2;1012;920,5;920,2;3715,9;32;31,1;12,1;31,9;30;13,3;10,6;13,5;33;29;31;120;5;2;
2023-11-09;1600;0;919,9;1011,6;920,2;919,8;3077;33;31,3;12,7;32,3;30,7;13,7;11,1;13,4;34;30;32;144;4,9;1,2;
2023-11-09;1700;0;919,1;1010,6;919,9;919,1;2822,1;34;31,7;11,8;33,6;31,3;13,9;11,2;13,1;34;27;30;235;6,4;2,3;
2023-11-09;1800;0;918,5;1009,4;919,1;918,4;2193;34;33,4;11,9;33,7;31,3;13;11,4;13,5;32;27;27;268;5,5;2,7;
2023-11-09;1900;0;918,3;1009,6;918,5;918,1;1736,2;34;32,2;12,8;33,4;31,6;13,4;11,8;13;32;27;31;286;5,5;2,6;
2023-11-09;2000;0;918;1009,7;918,3;918;669,8;33;30,8;13,6;32,4;30,8;13,8;12,4;13;36;30;35;280;4,8;1,6;
2023-11-09;2100;0;918,7;1011,2;918,7;918;247,9;31;28,3;16,8;30,8;28,3;16,8;13,8;12,9;50;35;50;222;2,8;1,6;
2023-11-09;2200;0;918,6;1012;918,7;918,4;10,5;29;25,5;16,1;28,3;25,2;16,9;15,6;12,8;58;49;56;244;3,1;,7;
2023-11-09;2300;0;919,2;1013,4;919,2;918,6;-3,5;26;23,3;17,6;25,4;22,8;18,2;16,7;12,8;72;57;70;165;1,5;1;
2023-11-10;0000;0;919,9;1014,6;919,9;919,2;-3,5;24;22,2;17,2;23,4;21,9;17,6;17,2;12,8;75;69;74;162;2,1;,9;
2023-11-10;0100;0;920,5;1015,1;920,5;919,9;-3,5;23;22,6;16,7;22,6;21,4;17,3;16,6;12,8;76;70;70;159;2,5;1,3;
2023-11-10;0200;0;920,7;1015,9;920,7;920,5;-3,5;23;20,8;17;22,8;20,8;17,4;16,5;12,7;79;69;79;140;2,3;,4;
2023-11-10;0300;0;919,9;1015,3;920,7;919,9;-3,5;22;20,1;16,9;21;20,1;17,6;16,9;12,7;83;79;82;140;2;,8;
2023-11-10;0400;0;919,3;1014,8;919,9;919,3;-3,5;21;19,5;17,2;20,3;19,4;17,3;16,9;12,7;87;82;87;136;2,9;,7;
2023-11-10;0500;0;918,7;1014,1;919,3;918,7;-3,5;21;19,6;17;19,6;19,1;17,3;16,9;12,7;88;85;85;162;2;1,5;
2023-11-10;0600;0;918,3;1013,9;918,7;918,3;-3,5;20;18,9;17,2;19,7;18,8;17,2;16,8;12,7;90;84;90;142;2;1,3;
2023-11-10;0700;0;918,6;1014,2;918,6;918,2;-3,5;20;19;17,3;19,1;18,4;17,4;16,7;12,6;91;89;90;150;2,5;2;
2023-11-10;0800;0;919;1014,8;919,1;918,6;-3,5;20;18,6;17;19,1;18,3;17,3;16,7;12,6;91;87;90;154;2,7;1,4;
2023-11-10;0900;0;919,5;1015,2;919,5;919;56,3;20;19;16,8;19,2;18,5;17,1;16,6;12,7;90;86;87;184;2,3;,9;
2023-11-10;1000;0;920,3;1014,9;920,3;919,5;640,8;22;22,5;18,4;22,9;19;18,6;16,7;13,2;87;73;78;91;1,7;,8;
2023-11-10;1100;0;920,7;1014,2;920,7;920,3;1080,2;25;25,9;17,9;25,9;22,4;18,5;17,4;13,6;78;60;61;134;2;,7;
2023-11-10;1200;0;921;1013,7;921;920,7;2367,4;28;28,7;17,2;29;25,9;17,9;15,3;13,7;62;44;50;104;3,8;1,5;
2023-11-10;1300;0;921,1;1013,2;921,2;921;3006,8;30;30,5;14,5;31,6;28,4;17,2;14,5;13,5;50;37;38;40;4,6;2,4;
2023-11-10;1400;0;920,6;1012,1;921,1;920,6;3340,5;32;32,2;13,6;32,4;30;15,5;12,4;13,5;41;30;32;73;5;2,1;
2023-11-10;1500;0;920;1011,3;920,6;920;3668,1;33;32,5;12,1;33,3;31,5;14,2;11,6;13,4;35;28;29;46;5,9;3;
2023-11-10;1600;0;919,2;1010,3;920;919,2;3677,7;34;33;12,7;33;32;14,3;11,2;13,4;34;27;29;84;6,7;1,6;
2023-11-10;1700;0;918,4;1009,6;919,2;918,4;3299,9;35;32,4;11,8;34;32,4;14,5;11,8;13,4;32;27;28;82;6,7;2,3;
2023-11-10;1800;0;917,6;1008,5;918,4;917,6;2882,6;35;33,3;11,2;34;32,4;13,3;11,2;13,4;31;26;26;63;6,8;2,6;
2023-11-10;1900;0;917,2;1008;917,6;917,2;2195,7;35;33,2;12,4;33,7;32,6;12,8;10,9;13,2;30;26;28;46;6,1;3,1;
2023-11-10;2000;0;916,9;1008,4;917,2;916,8;1120,9;35;31;11,5;33,3;31;12,6;11;13;31;27;30;46;6,1;2,6;
2023-11-10;2100;0;917,2;1010;917,2;916,9;160;32;27,2;14,6;31;27,2;14,6;11,6;12,9;46;30;46;74;4,7;,7;
2023-11-10;2200;0;917,6;1011;917,6;917,2;8,8;28;25,3;13,9;27,2;25,3;15;13,8;12,8;52;44;49;135;2,5;1,1;
2023-11-10;2300;0;918,6;1012,8;918,6;917,6;-3,5;26;23,1;15,2;25,3;23,1;15,4;13,9;12,8;61;49;61;145;2,6;1,7;
2023-11-11;0000;0;919,1;1014;919,1;918,6;-3,5;24;21,4;15,2;23,1;21,4;15,3;15,1;12,8;68;61;68;143;2,7;2,1;
2023-11-11;0100;0;919,6;1014,7;919,6;919,1;-3,5;23;20,9;15,1;21,5;20,4;15,4;14,9;12,8;71;67;69;145;3,5;2,7;
2023-11-11;0200;0;919,6;1015;919,6;919,5;-3,5;22;20;14,7;20,9;19,8;15;14,7;12,7;73;69;71;146;3,5;2,4;
2023-11-11;0300;0;919,2;1015,2;919,6;919,2;-3,5;21;18,2;14,5;20;18,1;14,7;14,4;12,7;79;71;79;136;3;1;
2023-11-11;0400;0;918,5;1014,5;919,2;918,5;-3,5;20;17,9;14,1;18,7;17,6;14,6;14,1;12,7;81;76;78;153;3;2,3;
2023-11-11;0500;0;918;1014,1;918,5;918;-3,5;19;17,5;13,6;18,1;17,4;14,1;13,6;12,7;79;77;78;150;3,4;2,5;
2023-11-11;0600;0;917,7;1013,8;918;917,6;-3,5;18;17,4;13,2;17,5;16,8;13,7;13,2;12,6;81;76;76;162;3,4;1,9;
2023-11-11;0700;0;918,1;1013,7;918,2;917,6;-3,5;18;18,8;12,8;19,2;16;13,3;12,8;12,6;82;68;68;143;3,9;2,2;
2023-11-11;0800;0;918,5;1013,7;918,5;918;-3,5;19;20,1;12,4;20,3;18,5;12,8;12,3;12,6;69;61;61;144;3,9;2,2;
2023-11-11;0900;0;919;1014,4;919;918,5;74,2;19;19,9;12,6;20,1;18,2;12,7;12,2;12,6;69;61;63;146;4,3;2,7;
2023-11-11;1000;0;919,3;1013,5;919,3;919;734,2;21;23,4;13,3;23,4;19,9;13,6;12,5;13,2;63;53;53;136;3,8;1,7;
2023-11-11;1100;0;919,6;1012,6;919,6;919,3;1613,5;25;27,3;12,6;27,4;23,4;13,9;12;13,6;53;38;40;112;4,9;2,1;
2023-11-11;1200;0;919,9;1012,2;919,9;919,6;2426,5;28;29,3;11;29,6;27,3;13,6;10,8;13,7;41;32;32;125;4,9;1,9;
2023-11-11;1300;0;919,3;1011;919,9;919,3;3055,7;30;31,3;11,6;31,6;29,2;13;10,5;13,7;33;28;30;45;5;2,7;
2023-11-11;1400;0;918,7;1009,6;919,3;918,7;3499,3;33;33,4;5,8;34;31,3;11,8;3,6;13,4;31;15;18;358;7,8;3,4;
2023-11-11;1500;0;917,8;1008,5;918,7;917,7;3789,6;34;33,9;7,6;34,4;33;7,7;3,9;13,4;20;16;20;21;8,7;4,8;
2023-11-11;1600;0;917,2;1007,9;917,9;917,2;3723,4;35;33,7;7,7;34,4;33,1;9;5,9;13,4;22;18;20;18;8,7;3,5;
2023-11-11;1700;0;916,2;1006,5;917,2;916,2;3393,1;35;34,6;6,7;34,7;33,5;8,6;5,9;13,4;21;17;18;6;6,7;2,2;
2023-11-11;1800;0;915,5;1005,7;916,2;915,4;2931,5;36;34,9;5,9;35,4;33,8;9;3,6;13,4;21;14;17;282;6,6;2,7;
2023-11-11;1900;0;914,9;1005,1;915,5;914,9;2279,3;36;34,7;6,6;35;34,1;8;4,8;13,3;20;15;18;16;4,7;1,9;
2023-11-11;2000;0;915;1005,4;915;914,8;1433,4;36;33,8;6,2;35,1;33,8;6,9;3,5;13;19;14;18;97;5,6;,7;
2023-11-11;2100;0;915,3;1007,1;915,3;915;516,2;35;29,6;11,3;33,8;29,6;12,5;6,7;12,9;34;18;32;179;2,5;,5;
2023-11-11;2200;0;915,7;1008,3;915,7;915,2;12,5;30;27,1;10,3;29,6;27,1;11,5;9,8;12,8;36;31;35;143;2,5;1,4;
2023-11-11;2300;0;916,5;1010,7;916,5;915,7;-3,5;27;22,6;12,8;27;22,6;12,9;10,4;12,8;54;35;54;140;3,3;2,4;
2023-11-12;0000;0;917,2;1011,9;917,2;916,5;-3,5;24;21,2;12,4;22,8;21,2;12,8;12,3;12,8;57;53;57;152;3,4;2;
2023-11-12;0100;0;917,7;1013;917,8;917,2;-3,5;23;19,7;12,2;21,5;19,7;12,7;12,1;12,8;62;56;62;177;2,8;1,4;
2023-11-12;0200;0;918,1;1013,8;918,2;917,7;-3,5;21;18,6;12,7;20,6;18,6;13;12,2;12,7;68;60;68;153;3,1;1,7;
2023-11-12;0300;0;917,6;1013,2;918,1;917,6;-3,5;20;18,9;12,4;19,4;18,6;12,9;12,4;12,7;68;65;66;150;3,4;2,3;
2023-11-12;0400;0;917,4;1012,9;917,6;917,4;-3,5;20;18,9;12,2;19,4;18,3;12,5;12,2;12,7;69;64;65;301;3,4;,9;
2023-11-12;0500;0;916,7;1012,8;917,4;916,7;-3,5;19;17,1;12,8;19,6;17,1;12,8;12,1;12,7;76;63;76;149;3,5;1,7;
2023-11-12;0600;0;916,4;1012,3;916,7;916,4;-3,5;19;17,7;12,5;18,4;16,9;13;12,5;12,7;77;69;72;147;3,1;2,3;
2023-11-12;0700;0;916,7;1012,5;916,7;916,4;-3,5;18;17,8;12,5;18,1;17,2;12,7;12,4;12,6;74;70;71;144;3,2;2,3;
2023-11-12;0800;0;917,1;1013;917,1;916,7;-3,5;18;17,7;12,2;17,9;16,7;12,5;12,1;12,6;75;70;70;156;3,6;2,2;
2023-11-12;0900;0;917,6;1013,4;917,6;917,1;63,7;18;18,3;11,9;19,1;17,4;12,3;11,7;12,6;71;63;67;147;3,6;2,5;
2023-11-12;1000;0;918,3;1012,3;918,3;917,6;739,2;21;23,8;12,8;23,9;18,1;12,9;12;13,2;67;48;50;146;3,5;1,8;
2023-11-12;1100;0;918,6;1011,4;918,7;918,3;1608,5;25;27,6;12,2;27,6;23,8;13,6;11,8;13,6;51;37;38;136;3,7;2,1;
2023-11-12;1200;0;918,8;1010,6;918,8;918,6;2398,7;29;30,6;10,9;30,8;27,6;13,1;10;13,5;39;29;30;117;4,1;2,1;
2023-11-12;1300;0;918,3;1009,1;918,8;918,3;3029,2;31;33,6;12,7;33,6;30,5;13,3;10,9;13,5;32;26;28;81;4,6;1,9;
2023-11-12;1400;0;917,6;1008,1;918,3;917,6;3461,5;34;34,5;10,1;35;33,3;13,5;7,7;13,4;29;19;23;60;5,1;1,8;
2023-11-12;1500;0;917,1;1007,1;917,7;917,1;3727,9;35;35,9;8,6;36;34,3;11;6,6;13,4;24;18;19;52;5,3;2,2;
2023-11-12;1600;0;916,4;1006,6;917,1;916,4;3699,9;36;35,2;9,5;35,9;34,1;10,7;7,7;13,4;23;18;21;113;5,2;2,3;
2023-11-12;1700;0;915,7;1005,7;916,4;915,7;3388,6;37;35,4;9,5;36,2;34,8;10,4;7,6;13,4;23;18;21;112;7;1,4;
2023-11-12;1800;0;915,2;1004,9;915,7;915,2;2953,7;37;36,3;10,6;36,3;35;10,9;8,1;13,3;22;19;21;74;4,3;1,8;
2023-11-12;1900;0;914,7;1004,7;915,2;914,7;2025,6;37;35,1;9,7;36,3;34,8;10,9;8;13,2;23;19;21;57;5,2;1,8;
2023-11-12;2000;0;914,9;1005,2;915;914,7;1365,4;37;34,1;9,6;35,3;34,1;10,4;9;13;23;20;22;40;4,6;2,1;
2023-11-12;2100;0;915,5;1006,9;915,5;914,9;370,6;35;31;11,3;34,2;30,9;12,4;9,4;12,9;31;22;30;146;3,4;,8;
2023-11-12;2200;0;916,2;1009,1;916,2;915,5;12,1;31;26,4;13,8;31;25,9;13,8;10,8;12,8;46;30;46;139;2,9;1,7;
2023-11-12;2300;0;916,9;1010,7;916,9;916,2;-3,5;28;23,9;14,3;26,5;23,9;14,3;13,7;12,8;55;46;55;150;2,9;1,7;
2023-11-13;0000;0;917,6;1011,9;917,6;916,9;-3,5;25;22,6;14,8;24;22,5;14,8;14,3;12,8;61;55;61;152;2,7;2;
2023-11-13;0100;0;918;1012,9;918;917,6;-3,5;24;20,9;14,4;22,6;20,9;14,9;14,3;12,8;66;61;66;150;2,7;1,8;
2023-11-13;0200;0;918;1013,1;918,2;917,9;-3,5;22;20,3;13,8;21;20,1;14,5;13,8;12,7;69;66;66;151;2,9;1,8;
2023-11-13;0300;0;917,4;1012,7;918;917,4;-3,5;21;19,6;13,3;20,3;19,6;13,9;13,3;12,7;68;64;67;150;3,6;2,1;
2023-11-13;0400;0;916,7;1011,8;917,4;916,7;-3,5;21;20;12,4;20,5;19,5;13,3;12,4;12,7;67;61;62;165;3,3;1;
2023-11-13;0500;0;915,8;1011,4;916,7;915,8;-3,5;20;18,2;12,8;20;18,1;12,8;12,4;12,7;71;62;71;153;1,8;1,1;
2023-11-13;0600;0;915,7;1011,4;915,8;915,7;-3,5;19;18;12,7;18,3;17,7;12,8;12,6;12,7;73;70;71;153;2,5;1,6;
2023-11-13;0700;0;915,8;1011,6;915,9;915,7;-3,5;18;17,8;12,5;18,1;16,8;12,9;12,5;12,6;77;70;71;181;2,1;,8;
2023-11-13;0800;0;915,8;1011,7;915,9;915,7;-3,5;18;17,5;12,8;17,8;16,8;13;12,4;12,6;78;71;74;140;3;1,9;
2023-11-13;0900;0;916,6;1011,2;916,6;915,8;78,6;19;21,4;11,9;21,6;17,5;12,8;11,5;12,6;74;53;55;141;3;1,6;
2023-11-13;1000;0;917,1;1010,8;917,1;916,6;730,2;22;24,2;13,9;24,2;21,3;13,9;11,6;13,2;58;51;53;139;4;1,9;
2023-11-13;1100;0;917,8;1010,4;917,8;917,1;1598,2;26;28;13,3;28,2;24,2;14;12,9;13,6;53;40;40;125;4,2;1,5;
2023-11-13;1200;0;918,6;1010,2;918,7;917,8;2380,4;29;31,2;14,3;31,2;27,9;14,9;12,8;13,5;43;34;36;81;4,5;1,6;
2023-11-13;1300;0;918,4;1009,6;918,6;918,3;2955,3;32;32,6;13,2;33,4;31,2;15,4;12,1;13,5;37;28;31;72;4,8;2;
2023-11-13;1400;0;918,1;1008,4;918,4;918,1;3495,6;34;35,3;11;35,3;32,5;14,5;9,8;13,4;33;21;23;350;6,4;3,2;
2023-11-13;1500;0;917,7;1008;918,1;917,7;3639;36;35,2;10,5;36,1;34,5;12,2;9,3;13,4;25;19;22;80;6,4;2,1;
2023-11-13;1600;0;917,1;1007,2;917,7;917,1;3088,4;37;35,5;9;36,7;34,5;11,3;7,9;13,4;24;18;20;332;4,7;2,3;
2023-11-13;1700;0;916,2;1005,9;917,1;916,2;3214,7;38;36,7;9,1;37,1;35,5;10,4;4,8;13,4;22;14;19;41;5;1,6;
2023-11-13;1800;0;915,4;1005,1;916,2;915,4;2811,3;38;36,4;8,5;37,3;35,7;10,3;5,3;13,3;22;14;18;289;4,7;1,6;
2023-11-13;1900;0;914,8;1004,4;915,4;914,8;2178,8;38;36,6;6,2;37,2;35,8;10,5;5,8;13,2;21;15;15;14;4,2;1,5;
2023-11-13;2000;0;914,4;1004,4;914,8;914,3;1343,3;38;35,2;12,3;36,6;35,1;12,3;6,2;13;25;15;25;79;3,9;1,2;
2023-11-13;2100;0;915;1006,1;915;914,4;441,8;36;31,8;12,5;35,2;31,4;15;9,5;12,9;37;21;31;146;3;1;
2023-11-13;2200;0;915,7;1008,2;915,7;915;10,2;32;27,6;15;31,8;27,6;15;11,9;12,8;46;31;46;139;2,8;2,2;
2023-11-13;2300;0;916,6;1010,2;916,6;915,7;-3,5;28;24,5;15,2;27,6;24,5;15,7;15,1;12,8;56;46;56;139;2,8;1,8;
2023-11-14;0000;0;917,5;1011,6;917,5;916,6;-3,5;26;23,3;15,1;24,7;23,1;15,3;15;12,8;61;55;60;147;3,3;2,2;
2023-11-14;0100;0;917,9;1012,1;917,9;917,5;-3;25;23;14,7;23,3;22,9;15,2;14,7;12,8;61;59;60;144;2,8;2,1;
2023-11-14;0200;0;918;1012,5;918,1;917,9;-2,7;24;22,2;15;23,1;22,2;15,3;14,8;12,7;64;60;64;153;2,6;1,3;
2023-11-14;0300;0;917,3;1011,7;918;917,3;-3,4;23;22,2;14,8;22,5;21,6;15,2;14,7;12,7;66;62;63;150;3;1,5;
2023-11-14;0400;0;916,7;1011,6;917,3;916,7;-3,5;23;20,7;14,8;22,2;20,3;15,1;14,6;12,7;71;63;69;147;2,4;1,6;
2023-11-14;0500;0;916,2;1010,7;916,7;916,2;-3,3;22;21,7;15,2;23,2;20,6;15,2;14,1;12,7;71;58;66;216;9,4;2,8;
2023-11-14;0600;0;915,9;1010,5;916,3;915,9;-3,5;22;21,3;14,3;21,6;19,7;15,6;14,2;12,7;75;63;65;149;3,9;1,5;
2023-11-14;0700;0;915,7;1010,9;915,9;915,7;-3,2;21;19,4;14,5;21,3;19,4;15;13,9;12,6;73;63;73;130;2,4;1,3;
2023-11-14;0800;0;915,8;1011,1;915,8;915,5;-3,5;21;19,1;14,3;19,8;18,9;14,7;14,2;12,6;76;70;73;145;2,8;1,9;
2023-11-14;0900;0;915,9;1011;915,9;915,7;83,3;20;19,7;14,4;19,8;18,2;14,6;14,3;12,7;78;71;72;158;2,7;2;
2023-11-14;1000;0;916,7;1010,7;916,7;915,9;594,5;22;23,2;15,7;23,2;19,7;15,9;14,3;13,2;73;63;63;153;2,4;,8;
2023-11-14;1100;0;917,2;1009,9;917,2;916,7;1378;25;27,5;16,8;27,7;23,2;17,1;15,4;13,4;63;49;52;140;2,3;1,1;
2023-11-14;1200;0;917,3;1008,8;917,4;917,2;2183;29;31,2;14;31,3;27,5;17,7;13,3;13,5;53;33;35;121;3,5;1,9;
2023-11-14;1300;0;916,8;1007,1;917,3;916,8;3000,2;32;34,7;12,1;34,7;31,2;15;10,9;13,4;37;24;25;29;7,4;3,9;
2023-11-14;1400;0;916,4;1006,4;916,8;916,4;3418,8;35;35,8;11,6;36,3;34,5;12,4;10,5;13,4;26;22;23;20;9,7;4,5;
2023-11-14;1500;0;915,9;1005,9;916,4;915,8;3711,2;36;35,5;11,7;37,1;35;12,8;11;13,3;25;22;24;27;9;4,1;
2023-11-14;1600;0;915,3;1005;915,9;915,2;3175,8;37;36,2;10,5;37,4;34,8;13;10,1;13,2;26;20;21;4;9;4,1;
2023-11-14;1700;0;914,4;1004,2;915,3;914,4;3122,3;38;35,8;8,5;37,7;35,6;11;8,2;13,3;22;17;19;19;8,1;3,5;
2023-11-14;1800;0;913,7;1002,9;914,4;913,7;2686,7;39;37,3;8,5;37,8;35,8;9,6;6,6;13,3;19;15;17;317;8,1;3,1;
2023-11-14;1900;0;913,1;1002,3;913,7;913,1;2302,7;39;37,2;9,2;37,7;36,8;9,7;7,2;13,2;19;16;18;303;7,5;3,2;
2023-11-14;2000;0;913,1;1003;913,1;912,9;1116,4;38;35;9,2;37,3;35;9,8;6,8;12,9;21;16;21;302;7,1;2,1;
2023-11-14;2100;0;913,6;1004,5;913,6;913,1;333,5;36;31,9;13,5;35;31,9;13,6;8,6;12,9;33;20;33;250;7,8;3,2;
2023-11-14;2200;0;914,5;1006,8;914,5;913,6;14,8;32;27,9;15,3;31,9;27,9;15,3;13,6;12,8;46;33;46;129;4,9;,6;
2023-11-14;2300;0;915,6;1009;915,6;914,5;-3,5;29;24,6;16,7;28,3;24,6;16,9;14,5;12,8;62;43;62;43;2,3;1,1;
2023-11-15;0000;0;916,3;1010;916,3;915,6;-3,5;26;23,9;16,1;25,4;23,5;17;16,1;12,8;66;58;62;149;2,7;1,2;
2023-11-15;0100;0;916,8;1011;916,8;916,3;-3,5;25;22,8;16;24;22,8;16,4;15,8;12,8;66;60;65;151;2;,4;
2023-11-15;0200;0;916,8;1011,2;916,9;916,8;-3,5;24;22;16,1;22,8;21,9;16,4;15,8;12,7;71;65;69;109;1,5;,5;
2023-11-15;0300;0;916,2;1011;916,8;916,2;-3,5;23;20,8;16;22,4;20,8;16,4;15,6;12,7;74;67;74;132;1,9;,7;
2023-11-15;0400;0;916,3;1011;916,3;916,1;-3,5;22;20,9;15,9;21,6;20,4;16,4;15,8;12,7;77;71;73;164;3,2;,7;
2023-11-15;0500;0;915,9;1010,1;916,3;915,8;-3,1;22;22,5;17,1;22,7;20,7;17,1;15,8;12,7;74;68;72;111;2,2;1,1;
2023-11-15;0600;0;915,9;1010,2;916,1;915,8;-3,2;23;22;17,7;23,1;22;18,3;16,9;12,7;77;71;77;93;3,3;,9;
2023-11-15;0700;0;917,5;1012,1;917,6;915,6;-3,2;22;21,6;17,9;22,5;20,4;18,3;16,9;12,6;84;75;80;309;11;4,7;
2023-11-15;0800;,4;917,4;1012,2;917,5;916,6;-1,7;22;21,2;16,8;22,1;20,6;18,9;16,4;12,6;86;74;76;239;11;3,8;
2023-11-15;0900;0;917,4;1012,5;917,4;917;79,5;22;20,2;16,5;21,2;19,8;17,9;16,4;12,7;87;76;79;151;6,3;1,3;
2023-11-15;1000;0;917,7;1012;917,7;917,3;713,5;23;22,6;18;22,6;20,1;18;16,5;13,1;81;72;76;142;2,9;1,5;
2023-11-15;1100;0;917,8;1010,6;917,9;917,7;1568,1;26;27,1;18,2;27,2;22,6;19,1;17,6;13,6;76;57;59;117;4,8;2,1;
2023-11-15;1200;0;917,7;1009,4;917,8;917,6;2359,8;29;30,6;17,5;30,6;27,1;18,9;16,9;13,5;60;44;46;89;7,3;2;
2023-11-15;1300;0;917,7;1009,2;917,9;917,7;2994,2;31;31,4;16,8;32,4;30,4;18,2;16,2;13,5;47;39;42;71;6;2,4;
2023-11-15;1400;0;917,3;1008,1;917,7;917,3;3426,1;33;33,4;14,6;33,5;31,4;18,1;14,2;13,4;43;32;32;23;5;1,4;
2023-11-15;1500;0;916,7;1007,4;917,3;916,7;3650,9;35;33,5;14,2;34,7;33;16,5;14,2;13,4;36;30;31;157;4,7;1,5;
2023-11-15;1600;0;915,8;1005,6;916,7;915,8;3680,5;36;36;12,9;36,2;33,5;15,5;12,4;13,4;33;25;25;341;5,3;1,4;
2023-11-15;1700;0;914,7;1004,4;915,8;914,7;3295,2;37;36,2;14,4;36,2;34,5;15,3;12,9;13,3;31;25;27;229;5;2;
2023-11-15;1800;0;914,4;1006,3;914,9;914,1;987,9;35;28,9;14,9;36,4;27,1;16,2;12,8;13;50;26;43;360;8,7;4,3;
2023-11-15;1900;11,2;918;1012,9;918,3;914,2;73,1;25;21,1;14,3;28,9;16,3;16,6;11,9;12,8;86;40;65;252;23,6;2,6;
2023-11-15;2000;1,6;917,3;1012,4;918,6;917,3;28;22;20,2;17,1;21;18,6;17,1;14,2;12,8;88;65;83;245;7,7;4,7;
2023-11-15;2100;0;916,1;1010,1;917,4;916,1;63,1;22;23,2;14,6;23,9;20,2;17,4;14,1;12,8;83;54;58;248;9,3;5,7;
2023-11-15;2200;0;915,5;1010,1;916,2;915,5;2;23;21,2;16;23,4;20,1;17,5;13,7;12,8;80;55;72;248;7,1;2,1;
2023-11-15;2300;,2;918,1;1012,9;918,1;915,3;-3,5;22;21,2;16,6;21,5;19,6;17,2;16,1;12,7;85;72;75;280;12,7;2,3;
2023-11-16;0000;0;919,3;1014,4;919,3;918;-3,3;22;20,9;16,5;21,7;20,9;16,7;16;12,7;77;71;76;259;9;3,3;
2023-11-16;0100;0;919,6;1014,7;919,6;919,1;-3,3;22;21;16,8;21;20,2;17,4;16,4;12,7;84;76;77;240;4,9;1,9;
2023-11-16;0200;0;918,8;1014,3;919,6;918,7;-3,5;21;19,5;17,4;21;19,2;17,6;16,7;12,7;89;77;88;199;2,5;1;
2023-11-16;0300;0;918,3;1013,8;918,8;918,3;-3,5;20;19,2;16,9;20,5;18,8;17,5;16,6;12,7;90;78;87;147;3,2;1,1;
2023-11-16;0400;0;917,1;1012,6;918,3;917;-3,5;20;18,9;16,5;19,3;18,9;17,3;16,3;12,6;90;84;86;138;2,4;1,2;
2023-11-16;0500;0;916,9;1012,1;917,1;916,7;-3,5;20;19,7;16;20,4;18,6;16,9;16;12,6;89;76;80;116;6,4;1,8;
2023-11-16;0600;0;917,4;1012,4;917,5;916,9;-3,5;20;20,6;15,8;20,6;19,7;16,2;15,7;12,6;80;74;74;98;8,2;2,6;
2023-11-16;0700;0;917;1012;917,4;916,8;-3,5;21;20,5;15,6;21,2;20,3;15,8;15,2;12,6;74;70;73;144;8,2;1,9;
2023-11-16;0800;0;916,6;1011,2;917;916,6;-3,4;21;21,3;15,2;21,3;20,4;15,6;15,2;12,6;74;68;68;130;5,6;2,2;
2023-11-16;0900;0;916,7;1011,4;916,7;916,5;36,6;21;21,2;15,4;21,3;20,9;15,4;15,1;12,6;71;68;69;144;4,6;1,8;
2023-11-16;1000;0;916,7;1010,8;916,9;916,6;463,4;22;22,8;16;22,8;21,1;16,1;15,3;13,2;71;65;65;142;4,2;2;
2023-11-16;1100;0;916,2;1009,3;916,7;916,2;1419,9;24;25,8;16,5;26;22,6;17,5;15,8;13,5;67;56;57;132;3,9;1,9;
2023-11-16;1200;0;916,8;1009,3;916,8;916,2;2247,5;27;28;17,5;28;25,7;18,2;16,6;13,6;61;52;53;130;3,6;1,9;
2023-11-16;1300;0;916,7;1008,3;916,8;916,7;2645,8;29;30,8;17,3;31,1;27,2;18,6;16,5;13,5;58;43;44;51;4,2;1,7;
2023-11-16;1400;0;916;1006,9;916,7;916;3353,7;32;32,5;13,1;32,6;30,6;19,1;12;13,5;50;29;31;303;5,8;3,3;
2023-11-16;1500;0;915,8;1006,4;916;915,7;3749,9;34;33,5;11,6;34,1;32,2;14,7;11,2;13,4;33;25;26;300;5,8;2,2;
2023-11-16;1600;0;915,2;1005,5;915,8;915,2;3511,5;35;34,3;11,6;34,8;33,3;14,3;10,2;13,4;32;23;25;314;6,7;3;
2023-11-16;1700;0;914,7;1004,8;915,2;914,7;3291;36;34,9;12,2;35,1;33,9;13,8;10,9;13,4;28;24;25;239;6,7;2,6;
2023-11-16;1800;0;914,3;1004,2;914,7;914,3;2791,6;36;35,5;11,1;35,6;34,3;13,7;10,5;13,4;29;23;23;265;8,7;4,3;
2023-11-16;1900;0;913,9;1004,1;914,3;913,9;1924,5;36;34,3;12;35,6;34,2;12,4;10,3;13,2;27;22;26;263;7,9;3,4;
2023-11-16;2000;0;913,5;1004;913,9;913,5;791,7;35;33,1;13,4;34,4;33,1;13,5;11,5;13;30;25;30;250;5;1,7;
2023-11-16;2100;0;913,7;1005;913,7;913,4;459,9;34;30,6;16,6;33,3;30,6;18,6;12,8;12,9;48;29;43;206;3,3;2,2;
2023-11-16;2200;0;914,2;1006,9;914,2;913,7;17,9;31;26,4;19,1;30,6;26,4;19,4;15;12,8;65;41;64;47;3,6;1;
2023-11-16;2300;0;915,1;1008,4;915,1;914,2;-3,5;28;24,8;18,6;27,1;24,8;20,1;18,2;12,8;70;58;69;143;1,9;1,1;
2023-11-17;0000;0;915,7;1009,7;915,7;915,1;-3,5;26;22,8;18,3;24,8;22,8;18,9;17,9;12,8;76;69;75;151;2,4;,8;
2023-11-17;0100;0;915,9;1009,8;916;915,7;-3,5;25;23,3;18;23,3;22,2;18,6;17,7;12,8;77;72;72;191;2;1,5;
2023-11-17;0200;0;916;1010,5;916,1;915,9;-3,5;24;21,4;17,4;23,3;21,4;18,2;17,3;12,8;80;71;78;137;2,9;1,5;
2023-11-17;0300;0;915,7;1010,5;916;915,6;-3,5;23;20,5;17,2;21,4;20,5;17,8;17,2;12,7;82;78;82;151;2,4;1,5;
2023-11-17;0400;0;914,9;1009,7;915,7;914,9;-3,4;22;20,4;17,1;21,2;20,1;17,4;17,1;12,7;84;78;81;153;2,4;1,5;
2023-11-17;0500;0;914,5;1009,5;914,9;914,5;-3,5;22;19,7;17;20,4;19,7;17,4;17;12,7;86;81;84;153;2,9;1,4;
2023-11-17;0600;0;914,5;1009,5;914,5;914,2;-3,5;21;19,7;16,9;20,3;19,6;17,3;16,9;12,7;87;82;84;159;2,6;1;
2023-11-17;0700;0;914,7;1009,7;914,8;914,5;-3,5;21;19,7;16,7;20,2;19,4;17,1;16,6;12,7;86;81;83;146;2,9;2,2;
2023-11-17;0800;0;915;1010,2;915;914,6;-3,4;20;19,3;16,7;19,7;18,9;17,2;16,7;12,6;89;83;85;162;2,9;1,1;
2023-11-17;0900;0;915,4;1010,1;915,4;915;76;20;20,8;16,9;20,8;19;17,1;16,6;12,8;87;78;78;154;3;2;
2023-11-17;1000;0;916;1009,7;916;915,3;597,8;22;23,9;17,9;23,9;20,6;17,9;16,6;13,3;79;68;69;155;3,4;1,9;
2023-11-17;1100;0;916,2;1009,1;916,2;916;1017,6;25;26,5;18,6;26,5;23,9;18,9;17,5;13,5;69;61;62;143;3,2;1,5;
2023-11-17;1200;0;916,5;1008,6;916,5;916,2;1451,2;27;29;17,8;29;26,6;19,2;16,9;13,7;62;50;51;112;2,8;1,4;
2023-11-17;1300;0;916,5;1007,7;916,6;916,4;2824,3;31;32;17,3;32;29;18,8;16,5;13,5;54;42;42;60;4,4;1,7;
2023-11-17;1400;0;916,4;1007;916,6;916,4;3263,9;33;33,7;15,9;33,8;31,7;18,1;15,1;13,4;44;34;35;318;6,4;2,6;
2023-11-17;1500;0;915,7;1005,9;916,4;915,7;3318,7;35;34,7;15,1;34,8;33,2;16,7;14,7;13,3;36;31;31;298;5,8;3;
2023-11-17;1600;0;914,8;1004,7;915,8;914,8;3391,7;36;35,4;13,5;36;33,4;15,4;12,8;13,4;34;26;27;332;7,3;3,3;
2023-11-17;1700;0;914,2;1004;914,8;914,2;2603,1;37;35,5;12,9;35,7;34,5;13,9;11,9;13,4;28;24;26;328;6,5;3,1;
2023-11-17;1800;0;913,6;1003,3;914,2;913,6;2630,4;37;35,7;13,4;36,4;34,9;15,1;12,1;13,3;29;24;26;294;5,1;1,4;
2023-11-17;1900;0;913,1;1003,5;913,6;913,1;1785,8;37;33,3;16,7;35,8;32,9;16,7;12,7;13,2;37;25;37;135;5,2;1,5;
2023-11-17;2000;0;912,8;1003,6;913,1;912,7;680,5;36;32;16,7;33,6;32;16,8;15;13;40;33;40;108;3,2;1,3;
2023-11-17;2100;0;913,4;1005;913,4;912,8;205,5;33;29,6;17,4;32,1;29,6;17,8;15,3;13;48;38;48;268;5;1;
2023-11-17;2200;0;914;1005,9;914;913,4;34,6;31;28,7;17,8;29,7;28,5;18,5;16,6;12,8;54;46;52;100;2,5;,8;
2023-11-17;2300;0;915,2;1007,8;915,2;914;-3,5;29;26,9;19;28,7;25,4;19,5;17,3;12,8;70;51;62;281;3,9;2,3;
2023-11-18;0000;0;915,6;1008,4;915,7;915,2;-3,4;28;26,7;18,1;28,1;25,7;18,9;17,4;12,8;66;53;59;158;3,9;1,6;
2023-11-18;0100;0;915,8;1009,2;915,8;915,6;-3,5;27;24,7;19,2;26,9;24,7;19,3;17,8;12,8;72;58;71;136;2,7;,3;
2023-11-18;0200;0;915,7;1009,6;915,9;915,7;-3,5;26;23,2;18,9;24,7;23,2;19,9;18,6;12,8;79;69;77;150;1,3;,9;
2023-11-18;0300;0;915,5;1009,7;915,7;915,4;-3,5;25;22,2;18,5;23,3;22,2;18,9;18,4;12,7;80;76;80;142;2,8;1;
2023-11-18;0400;0;915,5;1009,7;915,7;915,5;-3,3;24;22,3;18,6;22,9;21,9;19,1;18,5;12,7;83;78;80;149;5,3;,5;
2023-11-18;0500;0;915,5;1010,1;915,6;915,4;-3,5;23;21,2;18,7;22,6;21;18,8;18,3;12,7;86;78;85;169;2,1;,6;
2023-11-18;0600;0;915,5;1010,2;915,6;915,4;-3,5;22;20,7;18,5;21,5;20,5;18,7;18,1;12,7;87;83;87;157;1,5;,5;
2023-11-18;0700;0;915,5;1010,5;915,5;915,3;-3,5;22;19,9;17,9;21,2;19,9;18,7;17,6;12,7;89;82;88;155;2;1,3;
2023-11-18;0800;0;915,9;1011,1;915,9;915,5;-3,5;21;19,5;17,9;20,1;19,5;18,1;17,8;12,6;90;88;90;156;2,3;1,3;
2023-11-18;0900;0;916;1011;916;915,7;105,7;21;20,1;18,1;20,1;19,5;18,1;17,8;12,8;90;87;88;164;2,4;1,6;
2023-11-18;1000;0;916,4;1010,3;916,4;916;672,8;23;23,5;18,3;23,5;20,1;18,8;17,6;13,2;88;72;73;155;3,3;,9;
2023-11-18;1100;0;916,7;1009,1;916,8;916,3;1495,9;26;28,1;16,9;28,3;23,5;18,6;16,4;13,6;73;50;51;315;3,7;2;
2023-11-18;1200;0;917,1;1008,8;917,1;916,7;2342;30;30,4;17,8;30,5;28,1;18,1;16,7;13,5;51;47;47;315;7,1;3,9;
2023-11-18;1300;0;917;1008,3;917,2;917;2856,9;32;31,8;18,5;31,8;30,1;18,8;17,6;13,5;48;45;45;292;10,4;5,4;
2023-11-18;1400;0;916,9;1008;917,1;916,9;3417,5;33;32,2;18,4;33,1;31,4;19;17,2;13,4;46;41;44;278;10,3;6,2;
2023-11-18;1500;0;916,8;1007,5;917,1;916,8;3531,7;34;33,6;18,2;34;31,8;18,8;17,5;13,4;44;39;40;275;10,3;5;
2023-11-18;1600;0;916;1006,7;916,8;916;2875,8;35;33,3;17,1;34,4;32,4;18,3;16,3;13,4;42;36;38;291;9,8;5,6;
2023-11-18;1700;0;915,1;1005,2;916;915,1;3346,1;36;35,1;16,7;35,4;33,4;17,7;15,9;13,4;38;33;34;292;9,8;4,4;
2023-11-18;1800;0;914,4;1004,4;915,1;914,4;3085,2;37;35,2;15,6;36;34,5;17,2;15,4;13,5;34;30;31;287;10;5,5;
2023-11-18;1900;0;914,1;1004,5;914,4;913,9;2306;37;33,8;16,3;35,3;33,8;16,7;15,4;13;35;31;35;289;10,2;5,7;
2023-11-18;2000;0;914,4;1005,7;914,4;913,9;722,4;33;30,9;18,1;33,8;29;18,1;15,8;13,1;51;35;46;20;11,5;2,2;
2023-11-18;2100;0;914,9;1006,5;914,9;914,2;528,8;33;30;15,7;31,4;30;17,5;15,4;12,9;46;39;42;318;5,1;1,4;
2023-11-18;2200;0;916,1;1008,3;916,1;914,9;33,4;31;28,5;17,4;30;28,1;17,6;15,9;12,8;53;42;51;121;3,8;1,1;
2023-11-18;2300;0;917,1;1010,2;917,1;916,1;-3,5;29;26,1;19,5;28,5;26,1;19,6;17,6;12,8;67;51;67;132;2,8;1,3;
2023-11-19;0000;0;917,2;1010,7;917,3;917,1;-3,5;27;24,8;19,7;26,1;24,8;19,8;19,5;12,8;73;67;73;145;3,5;1,6;
2023-11-19;0100;0;917,4;1011,1;917,4;917,2;-3,5;26;24,3;19,3;24,9;24,3;19,7;19,2;12,8;74;71;74;139;3,2;1,3;
2023-11-19;0200;0;917,3;1011,4;917,6;917,3;-3,5;25;23;19,5;24,3;22,9;19,7;19,3;12,7;81;74;81;158;2,5;1,1;
2023-11-19;0300;0;916,5;1010,8;917,4;916,5;-3,5;24;22,2;19,2;23,2;22,2;19,6;19,2;12,7;83;79;83;143;2,6;1,2;
2023-11-19;0400;0;916;1010,1;916,5;916;-3,5;24;22,7;18,9;23,2;22,1;19,5;18,9;12,7;84;78;79;144;3,1;1,4;
2023-11-19;0500;0;916;1010,3;916,1;915,9;-3,5;23;22,1;18,9;22,7;21,7;19;18,7;12,7;84;79;82;148;2,7;1,5;
2023-11-19;0600;0;916,3;1010,6;916,3;916;-2,9;23;22,1;18,8;22,7;21,7;18,9;18,5;12,7;83;78;82;150;2,7;1,6;
2023-11-19;0700;0;916,8;1011,5;916,8;916,3;-2,5;23;21,3;19;22,3;21,3;19,1;18,6;12,7;87;81;87;157;2,2;1,1;
2023-11-19;0800;0;917;1011,5;917,1;916,8;-1,5;23;21,9;19;21,9;21,3;19,2;18,9;12,6;87;83;83;168;1,9;,9;
2023-11-19;0900;0;918,3;1013;918,3;917;35,5;23;21,7;18,8;23,6;20,9;20,3;18,6;12,7;90;77;83;9;4,2;1,3;
2023-11-19;1000;0;918,9;1013;918,9;918,3;403,8;24;23,6;19,5;23,7;21,4;19,8;18,9;13,1;88;77;78;36;3;,7;
2023-11-19;1100;0;919,1;1012,3;919,2;918,9;1004,9;26;26,4;19,3;26,6;23,6;20,5;18,5;13,4;80;62;65;120;2,1;1,2;
2023-11-19;1200;0;918,5;1011,1;919,2;918,5;1854,7;29;28;18,4;28,6;26,3;19,9;18;13,6;66;53;56;40;4;2,4;
2023-11-19;1300;0;918,1;1009,9;918,5;918,1;1735,4;31;30,5;18;30,5;28;19,3;17,4;13,5;58;46;47;301;5,7;2,1;
2023-11-19;1400;0;917,3;1008,4;918,2;917,3;3530,2;33;32,5;17,3;32,7;30,1;18,8;16,7;13,4;48;40;40;313;7,8;3,5;
2023-11-19;1500;0;917,3;1008,1;917,4;917,2;3508,4;34;33,3;17,9;33,9;32;18,4;16,4;13,5;43;38;40;240;7,8;3,8;
2023-11-19;1600;0;916,2;1006,9;917,4;916,2;3645,2;35;33,5;18;34,9;32,8;18,6;17;13,3;42;35;40;259;6,9;3,5;
2023-11-19;1700;0;914,4;1004,8;916,2;914,4;2173,7;35;33,7;16,4;34,2;32,8;18,2;16,2;13,1;41;35;36;326;6,9;2,8;
2023-11-19;1800;0;914,4;1005,7;914,4;914,1;945,5;34;30,9;18,5;33,8;29,9;19;16,2;13,4;51;35;48;199;7;4,2;
2023-11-19;1900;1,4;915,8;1009,8;916;913,9;621,1;31;22,9;19,4;31,9;22,9;19,8;18;13;80;47;80;204;15,4;8,6;
2023-11-19;2000;27,2;916,7;1011,6;917,3;915,3;41,8;25;20,6;19,7;22,9;20,6;20,5;19,3;12,8;95;80;95;184;15,4;5,9;
2023-11-19;2100;2,4;917,7;1012,5;917,8;916,4;8,5;23;21,1;18,8;21,4;20,6;20,2;18,7;12,8;95;85;87;196;10,6;5,2;
2023-11-19;2200;3;918,8;1013,9;918,8;917,5;,4;22;20,6;18;21,1;20,6;19,1;17,8;12,8;91;83;85;185;12,8;7,1;
2023-11-19;2300;6;919,5;1014,8;919,5;918,4;-1,3;21;20,1;18,1;20,6;19,8;18,2;17,4;12,7;90;83;88;157;12,9;4,4;
2023-11-20;0000;1,2;921;1016,6;921;919,5;-1,6;21;19,8;18,4;20,3;19,8;18,5;17,8;12,7;92;86;92;113;9;1,4;
2023-11-20;0100;0;921,6;1017;921,6;920,8;-1,2;21;20,5;18,9;20,5;19,8;19;18,5;12,7;93;90;90;83;7,2;2,2;
2023-11-20;0200;0;921,3;1016,7;922;921,3;-,4;21;20,5;18,7;20,5;20,3;18,9;18,6;12,7;91;89;89;89;7;1,7;
2023-11-20;0300;,2;919,7;1015,1;921,3;919,7;-,8;21;19,9;18,1;20,5;19,9;18,7;17,9;12,7;90;87;90;112;6,6;2,1;
2023-11-20;0400;0;918;1013,4;919,7;918;0;21;19,6;17,8;19,9;19,6;18,2;17,8;12,7;91;89;89;115;7,6;2,3;
2023-11-20;0500;0;917,2;1012,6;918;917,2;-1,4;20;19,3;17,8;19,8;19,3;18;17,7;12,6;91;88;91;175;5,8;,9;
2023-11-20;0600;0;916,7;1012,2;917,2;916,7;-2,8;20;18,9;17,9;19,3;18,9;18;17,8;12,6;93;91;93;178;4,3;1,3;
2023-11-20;0700;0;916,1;1011,6;916,7;916,1;-3,4;20;18,7;17,9;19,1;18,6;18;17,7;12,6;95;93;95;99;2,4;1;
2023-11-20;0800;0;916,3;1011,7;916,4;915,8;-3,1;20;19;17,5;19,1;18,7;18;17,5;12,6;95;91;91;158;4,5;,8;
2023-11-20;0900;0;917,3;1012,7;917,3;916,3;24,1;20;19,4;17,3;19,4;18,6;17,7;17,2;12,6;93;87;88;125;3,5;1,2;
2023-11-20;1000;0;918,4;1013,6;918,4;917,3;305,7;20;20,3;17,3;20,3;19;17,8;17,2;13,2;90;83;83;132;4,1;1,8;
2023-11-20;1100;0;919,1;1013,4;919,1;918,4;1609,7;22;23,1;17,7;23,1;20,3;18,4;17,3;13,7;84;71;72;108;6,6;1,5;
2023-11-20;1200;0;919,4;1013,6;919,4;919,1;2363;25;23,6;18,5;24,5;23;19,1;17,3;13,9;76;67;73;51;6,7;2,6;
2023-11-20;1300;0;919,3;1012,9;919,4;919,2;3039;27;25,4;18,6;25,9;23,5;19,9;17,4;13,7;74;63;66;49;6,6;3,3;
2023-11-20;1400;0;918,8;1011,8;919,3;918,8;3406,6;28;27;18,3;27,3;25,4;20,3;17,6;13,6;70;58;59;38;6,5;2,3;
2023-11-20;1500;0;918,2;1010,9;918,8;918,2;2805,6;29;27,7;17,4;28,4;26,6;20,3;16,3;13,5;66;49;54;352;9;2,3;
2023-11-20;1600;0;917,8;1010,5;918,2;917,7;2191,5;30;27,4;18,3;28,4;27,3;19,2;16,6;13,6;61;49;58;42;7,7;2,3;
2023-11-20;1700;0;917,2;1009,7;917,8;917,2;2230,6;31;28;18,2;28,7;27,4;20;17,3;13,2;62;51;55;70;5,1;1,3;
2023-11-20;1800;0;917,1;1010,9;917,2;916,7;543,1;30;24;18,2;28;24;19;17,1;13;70;52;70;279;8,7;4,2;
2023-11-20;1900;,6;916,9;1010,6;917,2;916,7;567,9;26;24,1;19,3;24,5;22,6;19,9;18,1;13,1;80;68;74;46;10,9;1,6;
2023-11-20;2000;0;916,5;1010,3;916,9;916,5;672,4;26;23,7;19,9;24,7;23,7;20;18,5;13;79;69;79;154;4,3;,9;
2023-11-20;2100;0;916,9;1011;916,9;916,5;215,3;26;23,1;20,6;23,8;23,1;21;19,6;13;87;79;86;171;2;1;
2023-11-20;2200;0;917,6;1011,8;917,6;916,9;15;24;22,8;19,7;23,4;22,7;20,6;19,6;12,8;87;82;83;179;4,8;,6;
2023-11-20;2300;0;918,4;1012,9;918,4;917,6;-3,2;24;22,2;20,2;22,9;21,9;20,4;19,5;12,8;91;82;88;141;2,8;1,1;
2023-11-21;0000;0;918,4;1013;918,6;918,4;-3,4;23;21,9;20,4;22,2;21,5;20,4;20;12,8;92;88;91;117;3,6;1,2;
2023-11-21;0100;0;917,9;1012,5;918,4;917,7;-3,5;23;21,7;19;21,9;21,5;20,3;18,9;12,8;92;84;84;58;5,2;1,3;
2023-11-21;0200;0;918,2;1013,1;918,3;917,9;-3,5;22;20,9;19;21,7;20,9;19,2;18,8;12,8;89;84;89;143;4;1,1;
2023-11-21;0300;0;918,5;1013,5;918,5;918,2;-3,5;22;20,8;19,6;20,9;20,7;19,6;19,1;12,7;93;89;93;124;4;1,5;
2023-11-21;0400;0;918,4;1013,5;918,5;918,1;-3,5;22;20,4;19,4;20,8;20,4;19,6;19,4;12,7;94;93;94;137;2,8;1,2;
2023-11-21;0500;0;918;1013,1;918,4;918;-3,4;21;20,3;19,3;20,5;20,3;19,6;19,3;12,7;94;94;94;151;2,4;1,1;
2023-11-21;0600;0;917,9;1012,9;918;917,8;-3,5;21;20,6;19,4;20,7;20,3;19,6;19,2;12,7;94;92;93;142;3,6;1,2;
2023-11-21;0700;0;918,2;1013;918,2;917,9;-3,4;21;21,3;18,7;21,4;20,5;19,4;18,5;12,7;93;84;85;104;5,4;2;
2023-11-21;0800;0;918,4;1013,4;918,5;918,1;-2,8;22;20,9;18,9;21,3;20,8;18,9;18,3;12,6;89;83;88;150;5,4;1,4;
2023-11-21;0900;0;919;1014;919;918,4;26,3;22;21,1;18,7;21,1;20,8;18,9;18,5;12,7;89;85;86;95;4,4;1,7;
2023-11-21;1000;0;919,2;1014;919,2;919;236,7;22;21,5;19,1;21,5;21;19,5;18,5;13,1;89;85;86;96;4,5;1,5;
2023-11-21;1100;0;919,2;1013,4;919,4;919,1;915,5;23;23,4;19,5;23,4;21,5;19,5;18,5;13,5;87;75;79;32;4,9;2,6;
2023-11-21;1200;0;919,1;1012,6;919,2;919;1652,9;26;25,4;19,1;25,7;23,4;20,3;18,8;13,7;79;67;68;66;5,1;1,8;
2023-11-21;1300;0;918,9;1012,1;919,1;918,9;1892,3;28;26,2;19,7;26,4;25,4;20,3;19;13,7;72;64;67;72;7;1,7;
2023-11-21;1400;0;918,3;1011;918,9;918,3;2874,2;30;27,8;18,8;28,8;26,2;21,2;18,8;13,5;70;56;58;106;4,6;1,3;
2023-11-21;1500;0;917,7;1011,3;918,3;917,7;2938,1;31;24,8;19,1;29,7;24,8;20,9;18,2;13,3;71;51;71;283;7,3;4,1;
2023-11-21;1600;0;917,2;1011;917,8;917,2;1064,7;27;24;19,2;25;22,9;20,1;18,9;13,2;80;70;75;208;9,2;4,6;
2023-11-21;1700;,2;915,9;1007,8;917,2;915,9;3420,3;29;29,5;19;29,5;23,9;21,2;17,6;13,6;78;50;53;175;6,2;1,4;
2023-11-21;1800;0;915,4;1007,2;916;915,3;2904,4;32;29,5;17,5;30,8;29,1;20;17;13,2;55;46;48;63;4,2;1;
2023-11-21;1900;0;915,1;1008;915,5;915;1051,9;30;26,2;18,3;29,5;25,7;19,6;17,4;13,2;65;48;62;305;10,3;2,6;
2023-11-21;2000;0;915,2;1008;915,5;915,1;836,9;29;26,3;19,4;26,3;25,4;20;18,1;13,1;69;61;66;116;6,4;1,6;
2023-11-21;2100;0;915,2;1008,8;915,7;915,1;376,1;27;24,1;19,1;26,3;24;19,5;18,7;13;75;66;73;125;5,7;1,4;
2023-11-21;2200;0;915,5;1009,4;915,5;915,2;31,2;26;23,2;18,8;24,1;23,1;19,5;18,5;12,8;77;72;76;139;3,5;1,7;
2023-11-21;2300;0;916,2;1010,5;916,2;915,5;-3,5;24;22,3;19;23,3;22,3;19;18,7;12,8;82;76;82;148;3,2;1,6;
2023-11-22;0000;0;916,8;1011,1;916,8;916,2;-3,5;24;22,3;18,5;22,3;22;19,1;18,5;12,8;83;79;79;143;3,5;1,8;
2023-11-22;0100;0;916,8;1011,3;916,9;916,7;-3,5;23;21,8;18,4;22,3;21,8;18,5;18,2;12,8;81;78;81;137;3,9;,8;
2023-11-22;0200;0;916,6;1011,2;916,8;916,6;-3,5;23;21,5;18,4;21,8;21,2;18,5;18,2;12,8;84;81;83;188;2,5;,8;
2023-11-22;0300;0;916;1011;916,6;916;-3,5;22;20,1;18,7;21,5;20;18,7;18,1;12,7;91;82;91;148;2,5;1,2;
2023-11-22;0400;0;915,6;1010,4;916;915,6;-3;21;20,5;18,9;20,5;19,9;18,9;18,5;12,7;92;91;91;149;3;1,2;
2023-11-22;0500;0;915,6;1010,4;915,7;915,6;-1,9;21;20,4;19,2;20,7;20,1;19,2;18,6;12,7;92;89;92;161;2,6;1,1;
2023-11-22;0600;0;915,6;1010,2;915,7;915,6;-1,9;21;21,2;19,6;21,3;20,4;19,7;19;12,7;93;90;90;168;2,2;,8;
2023-11-22;0700;0;915,9;1010,7;915,9;915,4;-1,2;22;20,7;19,5;21,4;20,6;19,7;19,2;12,7;93;89;93;156;1,6;,9;
2023-11-22;0800;0;916,5;1011,2;916,5;915,9;-1,9;22;21;19,6;21;20,6;19,7;19,5;12,6;93;92;92;152;1,8;,9;
2023-11-22;0900;4,6;917,6;1012,5;917,6;916,4;14,5;22;20,7;19,8;21;20,7;19,8;19,6;12,6;95;92;95;163;2;1,1;
2023-11-22;1000;15,4;918,1;1013,1;918,1;917,6;86,8;22;20,8;20,1;20,9;20,5;20,1;19,6;12,8;96;95;96;116;2,7;1,3;
2023-11-22;1100;0;918,4;1012,1;918,4;918,1;1321,9;23;24,7;20,4;24,7;20,8;21,5;20,1;13,7;96;76;77;115;2,7;1,2;
2023-11-22;1200;0;918,8;1011,9;918,8;918,4;1900,5;26;26,7;20,1;27;24,7;21,1;20,1;13,8;79;67;67;44;3,3;1,1;
2023-11-22;1300;0;918,7;1011,8;919;918,7;1466,7;28;26,6;20,7;27;25,7;21,5;19,1;13,5;75;64;70;66;5,8;1,4;
2023-11-22;1400;0;918,3;1011;918,8;918,3;2700,5;30;27,6;20,6;28,3;26,6;22,1;19,8;13,5;73;63;66;52;4,6;2;
2023-11-22;1500;0;917,4;1009,9;918,3;917,3;2725,9;31;27,9;19,5;29;27,6;21,9;19,5;13,2;71;58;60;290;4,9;1,4;
2023-11-22;1600;8,4;917,3;1012,2;917,9;917;1103,6;28;20,7;19,3;29,7;20,6;21,6;18,7;13,1;92;58;92;113;11,6;1,5;
2023-11-22;1700;1,8;916,5;1011,2;917,4;916,5;226,6;24;21,2;19,7;21,2;20,6;19,9;19,3;13,1;94;91;91;156;4;,7;
2023-11-22;1800;0;916,2;1010,8;916,7;916,2;180,6;23;21,3;20,2;21,5;21,1;20,3;19,7;13;94;91;93;140;4,7;1,3;
2023-11-22;1900;,4;915,9;1010,2;916,2;915,7;272,6;23;22,1;20,6;22,1;21,2;20,6;20,2;13,1;94;90;92;101;3,6;1,2;
2023-11-22;2000;,2;916,6;1011,1;916,7;915,9;228,6;23;21,8;20,4;22,1;21,7;20,6;20,2;13,1;92;90;91;116;3,5;1,1;
2023-11-22;2100;0;916,3;1010,9;916,6;916,1;178,8;23;21,4;20,2;21,9;21,4;20,6;19,9;13;93;91;93;135;2,8;1,5;
2023-11-22;2200;0;916,2;1010,9;916,3;916;21,2;22;20,9;19,7;21,4;20,9;20,3;19,7;12,8;93;92;93;145;3;1,2;
2023-11-22;2300;0;917,5;1012,5;917,5;916,2;-2,4;22;20,4;19,5;21,2;20,4;19,8;19,4;12,8;94;91;94;144;2,3;,9;
2023-11-23;0000;0;918,3;1013,4;918,3;917,5;-2;22;20,4;19,6;20,5;20,2;19,7;19,4;12,8;95;94;95;111;2,5;1;
2023-11-23;0100;0;918,6;1013,6;918,7;918,3;-2,2;22;20,9;19,8;20,9;20,4;19,9;19,6;12,7;95;93;93;153;2,3;1,2;
2023-11-23;0200;0;918,8;1013,8;918,8;918,5;-1,1;22;20,9;19,5;21,1;20,8;19,8;19,5;12,7;93;91;92;155;2,7;1;
2023-11-23;0300;0;918,7;1013,6;918,9;918,6;-1,7;22;21,3;19,7;21,7;20,8;20,1;19,4;12,7;94;88;91;319;4,2;,6;
2023-11-23;0400;0;918,2;1013,2;918,7;918,2;-1,6;22;20,6;19,8;21,3;20,4;19,9;19,6;12,7;95;91;95;181;2,7;,9;
2023-11-23;0500;0;917,6;1012,5;918,2;917,6;-1,8;22;20,7;20;20,8;20,5;20;19,6;12,7;95;95;95;225;1,3;,3;
2023-11-23;0600;0;917,2;1012,2;917,6;917,2;-2,5;21;20,5;19,8;20,8;20,4;20;19,6;12,7;96;95;96;120;,8;,3;
2023-11-23;0700;0;917,4;1012,5;917,4;917,1;-2;21;20,2;19,6;20,6;20,2;19,9;19,5;12,6;96;96;96;188;1,3;,4;
2023-11-23;0800;0;918,4;1013,4;918,4;917,4;-2,4;21;20,9;20,2;20,9;20,2;20,2;19,6;12,6;96;96;96;251;2,1;1,4;
2023-11-23;0900;0;918,9;1014,1;918,9;918,4;19,3;21;20,4;19,7;21;20,2;20,3;19,4;12,6;96;95;96;128;2,1;,5;
2023-11-23;1000;0;919,4;1014,3;919,4;918,9;226;22;21,4;20,5;21,4;20,4;20,6;19,7;13;96;95;95;34;1,1;,5;
2023-11-23;1100;0;919,8;1014,3;919,8;919,4;839;23;22,8;20,8;22,8;21,4;21;19,7;13,3;95;84;89;158;2,1;1,2;
2023-11-23;1200;0;920,4;1014,4;920,4;919,8;1044,8;25;24,4;19;24,6;22,7;21,3;18,9;13,6;89;72;72;110;2,1;,8;
2023-11-23;1300;0;920,5;1014,1;920,6;920,4;2070,1;27;25,6;19,4;26,2;24,3;20,6;18,9;13,5;76;66;68;144;2,5;1,2;
2023-11-23;1400;0;920,1;1013,2;920,5;920,1;3207,2;29;27,1;20;27,6;25,5;21,7;19;13,6;72;63;65;301;3,2;1,5;
2023-11-23;1500;0;919,9;1012,8;920,1;919,8;2704,6;31;27,7;19,2;28,2;27;20,8;18,6;13,4;67;57;60;251;3,6;2,1;
2023-11-23;1600;0;919;1011,6;919,9;919;1594,3;31;28,3;18,4;28,3;27,5;19,6;18,2;13,4;62;55;55;338;3,6;1,4;
2023-11-23;1700;0;918,1;1010,6;919;918,1;1975,1;31;28,3;18,6;29,3;28;20,3;18,4;13,3;61;54;56;191;3,9;1,8;
2023-11-23;1800;0;917;1009,2;918,1;917;2178,8;32;28,9;19,6;29,5;28,3;20,9;18,6;13,2;64;55;57;27;4,6;1,8;
2023-11-23;1900;3;917;1010,9;917,1;916,9;782,8;29;23,6;20,5;28,9;23,6;21;19,1;13,4;84;56;83;92;5,8;2,3;
2023-11-23;2000;0;917,1;1010,4;917,1;916,8;1393,5;28;25,6;22,1;26,1;23,5;22,9;20;13,1;86;76;81;152;5,8;1,3;
2023-11-23;2100;0;917,5;1011,1;917,5;917;189,3;27;24,8;21,7;25,8;24,8;22,4;20,5;12,9;85;75;83;158;2,3;,7;
2023-11-23;2200;0;918,8;1012,6;918,8;917,5;4,7;26;24,6;22,9;24,8;24,2;23;21,2;12,8;92;82;90;298;1,7;,6;
2023-11-23;2300;0;919,8;1013,6;919,8;918,8;-2;26;24,7;19,7;24,9;23,9;22,9;19,7;12,8;92;74;74;217;4,8;3,3;
2023-11-24;0000;7;920,9;1015,4;920,9;919,7;-1,7;25;22,9;20;24,7;22;20,9;19,6;12,8;92;74;84;208;5,7;3,4;
2023-11-24;0100;0;921,5;1016,4;921,5;920,9;1,1;24;22;20,2;23,1;22;20,3;19,6;12,8;90;81;90;158;6,3;1,8;
2023-11-24;0200;0;921,1;1015,9;921,5;921,1;,3;23;22,1;19,5;22,2;21,8;20,2;19,5;12,7;90;85;85;220;5;2,5;
2023-11-24;0300;0;920,7;1015,7;921,1;920,7;-1,7;23;21,6;20,1;22,1;21,4;20,1;19,6;12,7;92;85;91;111;5;1,1;
2023-11-24;0400;0;920,2;1015,2;920,7;920,1;-2,2;22;21,3;19,7;21,6;21,2;20,2;19,7;12,7;93;91;91;184;2,9;1,4;
2023-11-24;0500;0;919,9;1015,1;920,2;919,9;-3,3;22;20,8;19,8;21,4;20,7;20;19,7;12,7;94;91;94;101;2,7;,8;
2023-11-24;0600;0;919,2;1014,3;919,9;919,2;-2,9;22;20,7;19,7;20,9;20,4;19,8;19,4;12,7;95;94;94;224;2,3;1,8;
2023-11-24;0700;0;919,8;1015,2;919,8;919,2;-3;21;20;19,3;20,8;20;19,7;19,2;12,6;95;93;95;144;2,9;,6;
2023-11-24;0800;0;920;1015,6;920,1;919,8;-3,1;21;19,5;18,8;20,1;19,5;19,3;18,8;12,6;96;95;96;143;1,6;1;
2023-11-24;0900;0;920,5;1016,1;920,5;919,8;94,4;21;19,8;19,1;19,8;19,3;19,1;18,6;12,7;96;96;96;129;2,5;1,1;
2023-11-24;1000;0;921,3;1016,3;921,4;920,5;579,3;22;21,8;20,2;21,8;19,8;20,5;19,2;13,3;96;91;91;148;2,9;1,5;
2023-11-24;1100;0;922;1016,6;922;921,3;650,5;23;23;20,2;23,1;21,8;21;19,8;13,3;92;83;84;118;3;1,4;
2023-11-24;1200;0;922,2;1016,4;922,2;922;921,2;25;24,4;20;24,4;23;20,6;19,9;13,6;86;77;77;119;3,7;1,3;
2023-11-24;1300;0;922,2;1015,6;922,5;922,2;2296,8;27;26,8;20,4;27;24,4;21,6;19,7;13,7;78;67;68;101;4,4;1,5;
2023-11-24;1400;0;921,7;1014,7;922,3;921,7;3443,4;29;27,9;19,9;28,1;26,6;22;19,7;13,6;72;61;62;182;4,1;1,5;
2023-11-24;1500;0;921,2;1013,9;921,7;921,2;2900,5;31;28,6;18,2;29,3;27,9;20,8;17,1;13,7;64;49;53;87;3,7;1,2;
2023-11-24;1600;0;919,9;1012;921,2;919,9;2935,3;32;30;17,8;30,6;28,4;20,7;17,6;13,5;60;47;48;344;3,8;1,1;
2023-11-24;1700;0;919,9;1013,7;919,9;919,4;1442,9;31;24,8;18,8;30,8;24,8;20,2;17,5;13,2;69;48;69;265;16,4;7,4;
2023-11-24;1800;0;919,5;1012,5;919,9;919,4;2225,9;29;27,3;20,7;28,6;24,3;20,7;16,7;13,7;69;54;67;187;13;3,5;
2023-11-24;1900;0;919,4;1012;919,6;919,3;1293,8;29;28,4;20;28,8;26,7;20,8;19,3;13,4;68;58;60;241;6,3;1,8;
2023-11-24;2000;0;921,7;1017,1;921,7;919,4;320,1;29;20,6;17,9;28,4;20,6;20,5;17,1;12,9;84;60;84;280;14;8,8;
2023-11-24;2100;11;920,8;1016,2;921,7;920;16,6;23;20,4;19,5;21,1;19,7;19,7;17,7;12,8;95;85;94;118;14;1;
2023-11-24;2200;1;920,8;1016;921;920,2;3,8;22;21;19,7;21;20,3;19,8;19,3;12,8;95;91;92;28;3,4;,9;
2023-11-24;2300;0;922,1;1017,5;922,1;920,8;-1,3;22;20,8;19,6;21,1;20,5;19,7;19,3;12,8;94;90;93;20;3,5;,9;
2023-11-25;0000;,6;922,2;1017,5;922,2;921,5;-,5;22;21,2;19,9;21,3;20,7;20,1;19,5;12,8;93;91;93;350;5,9;1,5;
2023-11-25;0100;0;922,4;1017,7;922,4;922,1;-1,6;22;21,2;19,4;21,7;20,9;20,2;19,4;12,7;93;89;90;200;4,1;1,9;
2023-11-25;0200;0;922,6;1018;922,7;922,3;-1,2;22;20,9;19,7;21,2;20,8;19,7;19,4;12,7;93;90;93;276;3,3;,9;
2023-11-25;0300;0;921,8;1017,4;922,6;921,8;-1,7;22;20,1;19,3;20,9;20,1;19,7;19,2;12,7;95;92;95;137;2,9;,9;
2023-11-25;0400;0;920,8;1016,4;921,8;920,8;-2,7;21;19,9;19,1;20,2;19,8;19,3;19;12,7;95;95;95;193;2,3;,6;
2023-11-25;0500;0;920,1;1015,5;920,7;920,1;-2,4;21;20;19,2;20;19,5;19,2;18,8;12,7;96;95;96;142;2,7;,9;
2023-11-25;0600;0;919,8;1015,4;920,1;919,7;-3,1;21;19,4;18,6;20;19,4;19,2;18,6;12,6;96;94;95;132;1,9;,8;
2023-11-25;0700;0;919,9;1015,2;920;919,8;-2,4;20;20,3;19,4;20,3;19;19,5;18,3;12,6;96;95;95;126;4,9;1,9;
2023-11-25;0800;0;920;1015,5;920;919,9;-2,8;20;19,8;18,3;20,3;19,7;19,3;18,3;12,6;95;91;91;134;4,9;1,9;
2023-11-25;0900;,2;920,8;1016,5;920,8;920;56,2;20;19,6;18,5;19,8;19,4;18,5;18,1;12,6;93;91;93;143;4;1,2;
2023-11-25;1000;0;921,8;1017;921,8;920,8;700,9;22;21,2;17,7;22;19,6;18,8;17,6;13,2;93;79;80;116;4,4;2,1;
2023-11-25;1100;0;922;1016,9;922;921,7;1032,4;23;22,2;17,3;22,2;21,1;18,5;17,1;13,7;83;74;74;109;5,6;1,9;
2023-11-25;1200;0;922,2;1016,7;922,2;921,9;1821,6;24;23,3;17,4;23,6;22;18,5;16,6;13,9;77;68;70;91;6,4;2,2;
2023-11-25;1300;0;922;1016,1;922,3;922;2750,3;26;24,5;18,1;24,6;23,3;19;17,3;13,8;73;66;67;77;6,2;1,9;
2023-11-25;1400;0;921,5;1015,2;922;921,5;3588,5;27;25,6;17,5;26,3;24,4;19,8;17,5;13,7;72;60;61;13;5,8;1,8;
2023-11-25;1500;0;921;1014,5;921,5;921;2592,4;29;26,2;19,3;27,5;25,5;20,2;17,5;13,4;69;58;65;76;4,2;2,2;
2023-11-25;1600;0;920,1;1012,7;921;920,1;2947,8;29;28,6;20,7;28,6;25,7;20,7;17,8;13,6;70;54;62;293;4,4;,8;
2023-11-25;1700;0;919,2;1011,7;920,1;919,2;2206,9;30;28,5;18;29,1;27;20,9;17,3;13,6;63;52;53;265;3,8;1,1;
2023-11-25;1800;0;918,3;1010,6;919,2;918,3;2990,7;31;29,1;18,4;29,5;28,3;19,2;17,3;13,3;55;48;52;211;5,4;3;
2023-11-25;1900;0;918,1;1010,6;918,3;918,1;1593,3;31;28,2;18,6;29,2;28,1;18,9;17,6;13,3;57;50;56;204;5,7;3,7;
2023-11-25;2000;0;917,9;1010,3;918,2;917,8;1352,6;31;28,4;18,1;29,5;27,7;19,6;17,7;13,1;58;52;54;185;6,5;3,1;
2023-11-25;2100;0;918,7;1012;918,7;917,9;652,6;30;25,9;18,9;28,5;25,8;19,2;18,1;13;67;53;65;141;6,8;1,1;
2023-11-25;2200;0;919,4;1013,5;919,4;918,7;53,7;27;23,9;18,7;26;23,9;19,3;18,6;12,8;73;64;72;137;3;1,2;
2023-11-25;2300;0;920;1014,6;920,1;919,4;-3,5;25;22,5;18,9;24;22,5;19,1;18,6;12,8;80;72;80;154;3,4;1;
2023-11-26;0000;0;920,4;1015,3;920,4;920;-3,5;24;21,8;18,6;22,8;21,8;19;18,5;12,8;83;77;82;143;2,7;1,3;
2023-11-26;0100;0;920,9;1016;920,9;920,4;-3,5;23;21,4;18,7;21,9;21,2;18,9;18,3;12,8;87;81;84;206;2,5;1,3;
2023-11-26;0200;0;920,2;1015,6;921;920,2;-3,5;22;20,2;18,7;21,6;20,2;18,8;18,3;12,8;91;83;91;143;2,6;1;
2023-11-26;0300;0;919,6;1014,7;920,2;919,6;-3,5;22;20,8;17,7;21,3;20,2;18,7;17,6;12,7;91;81;82;135;4,7;1,4;
2023-11-26;0400;0;919;1014,5;919,6;919;-3,5;21;19,6;17,6;20,8;19,5;17,6;17,3;12,7;89;82;89;153;3,4;1,4;
2023-11-26;0500;0;918,9;1014,5;919,1;918,8;-3,5;21;19,3;17;20;19,3;17,7;16,8;12,7;89;83;87;156;3,4;1,1;
2023-11-26;0600;0;918,9;1014,7;919;918,8;-3,5;20;18,6;17,1;19,3;18,6;17,3;17,1;12,7;91;87;91;153;2,5;1,3;
2023-11-26;0700;0;919,3;1015;919,3;918,9;-3,5;20;18,9;16,7;19;18,4;17,3;16,7;12,7;92;87;87;106;4;1,5;
2023-11-26;0800;0;919,7;1015,7;919,7;919,3;-3,5;19;18,2;16,7;18,9;18;16,8;16,5;12,6;92;86;91;142;4;1,2;
2023-11-26;0900;0;920,3;1016,1;920,3;919,7;81,7;19;18,9;16,4;18,9;17,7;16,8;16,4;12,7;93;86;86;122;3,2;1,5;
2023-11-26;1000;0;920,6;1015,8;920,6;920,2;755,7;21;21;17;21;18,9;17,3;16,3;13,1;86;78;78;122;4,9;2;
2023-11-26;1100;0;920,6;1015,2;920,7;920,5;1623,1;23;22,5;17,4;22,6;21;17,8;16,7;13,6;78;72;73;117;6,3;2,7;
2023-11-26;1200;0;921,2;1015,1;921,2;920,6;2403,1;25;24,9;18,5;25,2;22,6;19;17,4;13,7;73;65;68;79;5,6;1,8;
2023-11-26;1300;0;921;1014,2;921,2;920,9;3072,3;27;27,1;18,2;27,3;24,9;20,2;17,9;13,6;69;58;58;116;4,4;1,8;
2023-11-26;1400;0;920,8;1013,4;921;920,8;3660,8;29;28,9;19,5;28,9;26,6;20,4;17,6;13,6;63;54;57;35;4,9;1,8;
2023-11-26;1500;0;920,1;1012,6;920,8;920,1;3935,8;31;29;18,6;29,5;27,8;19,6;17,5;13,6;59;50;54;48;5,9;2,2;
2023-11-26;1600;0;919;1011;920,1;918,9;3991,6;32;30;17,4;30,6;28,8;19,7;16,4;13,6;55;44;47;105;5,6;1,9;
2023-11-26;1700;0;918,3;1010,4;919;918,3;1792,4;32;29,7;17,4;30,9;28,9;19,1;16,6;13,2;52;44;48;145;5,6;1;
2023-11-26;1800;0;917,8;1010,4;918,3;917,7;1918,8;33;27,9;18,4;31,4;27,9;18,5;16,1;13,1;57;41;57;128;5,9;2,3;
2023-11-26;1900;0;917,5;1011,3;917,8;917,3;873,1;31;24,2;18,5;28,3;24,2;19,6;18;13;71;55;71;116;6,4;2,3;
2023-11-26;2000;33,8;918,4;1013,7;918,5;917,5;68,3;24;19,8;18,7;24,2;18,9;19,4;17,1;12,8;94;71;93;263;13,2;4,4;
2023-11-26;2100;9;918,7;1013,7;918,7;918,2;119,6;22;21;19,8;21;19,6;19,8;18,3;12,9;96;92;93;204;11,8;2,9;
2023-11-26;2200;0;919,6;1014,8;919,6;918,7;22,4;22;20,5;19,4;21,2;20,4;19,8;19,3;12,8;94;90;94;114;5,7;1;
2023-11-26;2300;,4;920,3;1015,6;920,3;919,6;-1,1;22;20,4;19,4;21,2;20,4;19,7;19,3;12,8;95;91;94;129;2,9;1,1;
2023-11-27;0000;0;920,6;1016;920,8;920,3;-2,3;22;20,2;19,5;20,8;20,2;19,8;19,3;12,8;95;94;95;133;2,9;1,3;
2023-11-27;0100;0;921,2;1016,7;921,4;920,6;-2,2;21;20,3;18,7;20,4;20,1;19,6;18,6;12,7;95;90;90;154;3,6;1,8;
2023-11-27;0200;0;920,8;1016,5;921,2;920,8;-3;21;19,4;18,3;20,4;19,4;18,7;18,2;12,7;93;89;93;137;3,6;1,2;
2023-11-27;0300;0;920,4;1016,3;920,9;920,4;-2,8;20;18,9;18;19,8;18,9;18,5;18;12,7;95;92;94;138;2,3;1,2;
2023-11-27;0400;0;919,9;1015,7;920,4;919,9;-2,6;20;19;17,9;19,1;18,6;18,2;17,7;12,7;96;93;93;153;3;1,5;
2023-11-27;0500;0;919,4;1015,2;919,9;919,4;-2,5;20;18,8;17,8;19,2;18,8;18;17,7;12,7;94;92;93;170;3;1,2;
2023-11-27;0600;0;919,4;1015,1;919,5;919,4;-2,7;20;18,9;17,8;19,2;18,5;18,1;17,5;12,6;94;92;93;127;3,8;1,6;
2023-11-27;0700;0;919,6;1015,2;919,6;919,3;-2,9;20;19,5;17,9;19,7;18,9;17,9;17,7;12,6;93;89;90;119;5,5;2,2;
2023-11-27;0800;0;920,4;1016;920,4;919,6;-3;20;19,7;18,3;19,7;19,3;18,3;17,8;12,6;93;90;92;123;4,5;1,9;
2023-11-27;0900;0;921,1;1016,4;921,1;920,4;150,8;20;20,6;18,6;20,6;19,6;18,6;18,1;12,9;92;87;88;110;5;1,7;
2023-11-27;1000;0;922;1017,2;922;921;377,6;21;21,2;18,5;21,2;20,6;18,7;18;13,2;88;84;84;111;4,5;1,6;
2023-11-27;1100;0;922,3;1017,4;922,3;922;642,3;22;21,8;18,5;21,9;21,2;19,1;18,4;13,3;86;81;81;119;4,5;1,3;
2023-11-27;1200;0;923;1017,9;923;922,3;761,6;23;22,6;18,8;22,6;21,8;19,1;18,1;13,5;83;77;79;84;4;1,3;
2023-11-27;1300;0;923,3;1017,8;923,4;923;1653,9;25;23,8;18,5;24,5;22,5;20,1;18;13,6;80;69;72;71;5;2,1;
2023-11-27;1400;0;923,3;1017,4;923,7;923,3;1952,3;27;24,9;18;25,4;23,7;20,3;17,3;13,8;78;63;65;21;5,5;3;
2023-11-27;1500;0;922,6;1016;923,3;922,6;2573;28;27;19,4;27;24,9;19,4;17,7;13,7;69;58;63;3;6;3;
2023-11-27;1600;0;921,9;1015,2;922,6;921,9;1812;28;27;18,5;27,2;26,2;19,3;17,2;13,8;65;57;60;356;8,4;3,7;
2023-11-27;1700;0;920,9;1014,2;921,9;920,9;2312,8;29;26,7;18,4;27,7;26,6;19,5;17,9;13,7;62;56;61;329;8,2;2,5;
2023-11-27;1800;0;920,2;1013,2;920,9;920,1;2299,5;30;27,4;18,5;28,4;26,6;20,4;17,5;13,2;62;54;59;272;5;2,6;
2023-11-27;1900;0;919,8;1013,4;920,2;919,7;1029,5;29;25,4;20,7;28,1;25,4;20,8;18,5;13,2;75;58;75;271;6,1;4,1;
2023-11-27;2000;0;920,1;1014,8;920,5;919,8;632;27;22,2;17,9;25,9;22,2;21,3;16,7;13;78;65;77;109;9,1;1,1;
2023-11-27;2100;0;920,6;1015,5;920,6;920,1;126,1;25;21,7;18,9;22,5;21,7;19,4;17,7;12,9;85;75;84;30;2,4;1;
2023-11-27;2200;0;920,9;1016,2;921;920,5;4;23;20,8;19,3;21,7;20,8;19,3;18,2;12,8;92;83;92;129;2,1;1,1;
2023-11-27;2300;0;921,2;1016,6;921,2;920,9;-3,4;22;20,5;19,5;20,9;20,4;19,6;19,3;12,8;94;92;94;144;3,7;1,4;
2023-11-28;0000;0;921,8;1017,1;921,9;921,2;-2,6;22;20,9;19,3;21,2;20,5;19,6;19;12,8;94;87;91;143;4,3;1,6;
2023-11-28;0100;0;922;1017,4;922;921,9;-1,4;22;20,6;19,3;20,9;20,6;19,6;19,3;12,8;93;91;92;153;3,1;1,4;
2023-11-28;0200;0;922;1017,5;922;921,9;-3,4;22;20,3;19;20,7;20,2;19,4;19;12,7;93;92;93;142;3,2;1,3;
2023-11-28;0300;0;921,1;1016,6;922,1;921,1;-3,4;21;20,1;18,7;20,3;19,9;19;18,6;12,7;93;92;92;122;3,2;1,4;
2023-11-28;0400;0;920,4;1015,7;921,1;920,4;-3,5;21;20,6;18,2;20,8;20;18,8;18,2;12,7;92;85;86;138;4;1,6;
2023-11-28;0500;0;920,2;1015,5;920,4;920,1;-3,5;21;20,4;18,6;20,8;20,4;18,8;18,3;12,7;90;86;89;135;3,9;1,8;
2023-11-28;0600;0;919,9;1015,3;920,2;919,9;-3,5;21;20,1;18,5;20,6;20;18,8;18,3;12,7;91;88;91;137;3,4;1,2;
2023-11-28;0700;0;919,9;1015,3;919,9;919,7;-3,4;21;20;18,5;20,4;20;18,6;18,5;12,6;91;89;91;159;2,3;1,3;
2023-11-28;0800;0;920,1;1015,5;920,2;919,8;-3,4;21;20,2;18,6;20,4;20;18,7;18,5;12,6;91;90;90;147;2,7;1,1;
2023-11-28;0900;0;920,6;1015,8;920,6;920,1;79,4;21;20,8;18,7;20,8;19,9;18,8;18,5;12,7;92;88;88;130;3;1,1;
2023-11-28;1000;0;920,9;1015,7;920,9;920,6;505,4;22;22;18,9;22;20,8;19,1;18,4;13,3;88;83;83;119;4,4;1,9;
2023-11-28;1100;0;921,2;1015,4;921,2;920,9;1302,3;24;24;19,6;24;22;19,8;19;13,5;84;75;76;104;4,7;1,7;
2023-11-28;1200;0;921,4;1015;921,5;921,2;2186,2;26;25,9;19;26,2;24;20,4;19;13,7;77;65;66;111;4,7;1,6;
2023-11-28;1300;0;921,2;1014,1;921,5;921,2;2927,7;29;28,1;19,9;28,4;25,9;21;19,1;13,6;68;59;61;82;5,8;1,8;
2023-11-28;1400;0;920,7;1013,5;921,2;920,7;2496,6;30;28,1;20,3;29,2;27,7;22,1;19,1;13,5;66;56;63;51;6,2;2,3;
2023-11-28;1500;0;920;1012,2;920,7;920;2915,1;31;29,8;19,8;30,3;27,9;21,1;18,9;13,5;64;54;55;41;5,7;2,4;
2023-11-28;1600;0;918,9;1010,8;920;918,9;3142,6;32;30,4;19,8;30,4;28,9;20,5;18;13,6;59;49;53;341;7,5;2,7;
2023-11-28;1700;0;917,9;1010,1;918,9;917,9;957,1;32;29,2;19,4;30,4;28,9;19,9;17,6;13,2;58;48;55;50;5,8;1,3;
2023-11-28;1800;0;917,2;1010,1;917,9;917,2;751,8;30;26,6;17,4;29,3;26,1;19,9;16,1;13,7;61;53;57;167;6,4;2,8;
2023-11-28;1900;0;916,2;1008,4;917,3;916,2;2078,6;30;28,5;19;29;26,6;19,3;17,2;13,5;60;53;57;68;5;1,7;
2023-11-28;2000;3,8;916,4;1010,9;916,6;916;357,3;27;21,7;18,2;28,5;21,2;19;15,9;13;82;55;80;90;12;2;
2023-11-28;2100;3,6;917,5;1012,1;917,6;916,4;47,2;24;21,6;19,9;22,5;21,5;19,9;18,1;12,8;90;79;90;347;3,8;1,5;
2023-11-28;2200;,8;918,1;1012,9;918,1;917,5;,3;23;21,2;19,7;22;21,1;20;18,9;12,8;92;84;91;137;4,6;1,4;
2023-11-28;2300;,4;918,8;1013,8;918,8;918,1;-2,9;22;21;19,3;21,2;20,7;20;19,3;12,8;94;90;91;118;5,5;2,2;
2023-11-29;0000;0;918,9;1014;919;918,7;-1,5;22;20,5;19,3;21;20,4;19,4;19;12,8;93;88;93;129;5,5;1,4;
2023-11-29;0100;0;920,7;1015,9;920,7;918,8;,1;22;20,8;19,2;21,1;20,5;19,5;19,1;12,7;93;88;91;36;3;1,1;
2023-11-29;0200;4,2;921,2;1016,7;921,3;920,7;-,2;22;20,2;18,6;21,2;19,9;19,1;18,4;12,7;93;84;91;356;7;1,1;
2023-11-29;0300;6,4;919,5;1015;921,2;919,5;-2,1;21;19,6;18,3;20,3;19,5;19,2;18,2;12,7;94;90;93;78;4,5;1,1;
2023-11-29;0400;,2;919,9;1015,3;919,9;918,6;-1,7;20;20,1;17,7;20,3;19,2;18,6;17,6;12,7;95;84;86;255;11,6;7;
2023-11-29;0500;3,2;919,5;1015,2;920,1;919,5;,4;20;19,2;18,2;20,1;19,2;18,3;17,8;12,7;94;86;94;234;11,6;1,6;
2023-11-29;0600;2;919,5;1015,2;919,5;919,2;-1,1;20;19,2;18,4;19,3;19;18,4;18,1;12,7;95;94;95;350;3,5;,7;
2023-11-29;0700;7,6;919,1;1014,8;919,5;919,1;-,3;20;18,9;18,2;19,2;18,8;18,4;18,2;12,6;96;95;96;139;2,7;,9;
2023-11-29;0800;,8;919,4;1015,1;919,4;919;-1,1;20;19;18,4;19,1;18,9;18,5;18,3;12,6;96;96;96;80;2,6;,8;
2023-11-29;0900;,4;919,5;1015,2;919,6;919,2;32,3;20;19,1;18,5;19,1;19;18,5;18,4;12,6;96;96;96;123;3,2;1,3;
2023-11-29;1000;,2;920;1015,6;920;919,5;238,8;20;19,6;18,8;19,6;19,1;18,8;18,5;13,1;96;95;95;97;4,2;1,3;
2023-11-29;1100;0;920;1014,9;920,2;920;870,1;21;21,5;19,5;21,5;19,5;19,9;18,5;13,5;95;85;88;73;3,6;1,3;
2023-11-29;1200;0;920,3;1015,6;920,4;920;722,2;22;20,5;18,7;21,6;20,4;19,1;18;13,5;90;83;90;78;5,2;1,8;
2023-11-29;1300;0;920,8;1015,9;920,8;920,3;573,3;22;21,1;18,6;21,1;20,4;19;18,1;13,5;90;84;86;68;5,4;1,7;
2023-11-29;1400;0;920,3;1014,6;920,8;920,3;1156,2;23;23,4;19,2;23,5;21,1;19,6;18,3;13,9;88;74;77;88;4,2;1,4;
2023-11-29;1500;0;919,8;1014;920,3;919,8;1294,6;25;23,6;17,6;24,5;23,4;19,8;17,1;13,4;77;65;69;15;5;2,7;
2023-11-29;1600;0;919,4;1013,1;919,8;919,4;1296,7;26;25,1;18,7;25,2;23,5;19;17,6;13,7;73;65;68;57;4,8;1;
2023-11-29;1700;0;918,5;1011,9;919,4;918,5;1338,4;27;25,5;18,3;25,6;25;19,3;17,8;13,4;70;62;65;348;3,3;2,1;
2023-11-29;1800;0;917,7;1011;918,5;917,7;1393,5;27;25,7;19,1;25,9;24,9;19,6;17,3;13,8;71;60;67;13;4,9;1,8;
2023-11-29;1900;0;916,7;1009,9;917,7;916,7;1318;28;25,7;18,2;26;25,2;19,4;17,5;13,2;68;61;63;51;5,8;1,7;
2023-11-29;2000;0;916,5;1009,4;916,7;916,3;1558,2;29;26,6;19,3;26,9;25,6;19,9;17,4;13;68;57;64;70;3,7;1,1;
2023-11-29;2100;0;917,6;1011,3;917,6;916,5;300,1;28;24,3;20;26,5;24,3;20,4;19,2;13;78;64;77;158;3,6;,6;
2023-11-29;2200;0;918;1012,1;918;917,6;9,8;26;23,2;20;24,3;23,2;20,4;19,4;12,8;82;75;82;125;1,9;,4;
2023-11-29;2300;0;919,1;1013,4;919,1;918;-3,4;25;23;19,8;23,2;22,6;20,4;19,6;12,8;87;80;82;136;1,8;,8;
2023-11-30;0000;0;919,6;1014,1;919,6;919;-3,2;24;22,5;19,8;23;22,4;20,4;19,6;12,8;88;81;84;87;1,7;,8;
2023-11-30;0100;0;920,1;1014,8;920,1;919,6;-3,5;23;22,3;18,8;23,1;22,3;20,2;18,3;12,8;88;76;80;319;4,1;1,3;
2023-11-30;0200;0;920,9;1016,3;921,1;920,1;-2,4;23;20,5;17,5;22,5;20,5;19,3;17,3;12,8;85;78;83;201;10,2;4,4;
2023-11-30;0300;0;920,6;1016,2;921;920,5;-2,9;22;19,7;18;20,5;19,6;18,1;17,2;12,7;91;82;90;113;7,4;,6;
2023-11-30;0400;0;919,5;1015,3;920,6;919,5;-3,5;21;18,8;17,9;19,7;18,7;18,1;17,8;12,7;95;90;95;263;1,5;,3;
2023-11-30;0500;0;918,3;1014;919,5;918,3;-3,5;20;18,7;17,9;19;18,5;18,1;17,7;12,7;95;94;95;220;2;1,1;
2023-11-30;0600;0;917,9;1013,8;918,4;917,9;-3,4;20;18,1;17,4;18,9;18,1;18;17,4;12,7;96;95;96;49;2,2;1;
2023-11-30;0700;0;918;1013,9;918;917,6;-2,9;19;17,9;17,2;18,3;17,9;17,6;17,2;12,7;96;96;96;155;2,7;1,3;
2023-11-30;0800;0;918,1;1014;918,3;918;-2,9;19;18,2;17,5;18,7;17,9;18,1;17,2;12,6;96;96;96;145;2,4;1,4;
2023-11-30;0900;0;918,8;1014,6;918,8;918,1;56,3;19;18,7;18;18,7;18,1;18;17,4;12,7;96;96;96;193;2,1;,9;
2023-11-30;1000;0;919,3;1014,8;919,3;918,8;302,3;20;19,7;18,7;19,7;18,7;18,7;17,9;13,1;96;94;94;168;2,2;,6;
2023-11-30;1100;0;919,4;1013,5;919,5;919,3;1651,2;22;23,9;18,8;23,9;19,8;19;17,4;13,6;94;73;73;102;2,6;,8;
2023-11-30;1200;0;919,8;1013,6;919,9;919,3;2389,3;26;24,8;17,9;25;23,4;19,2;17,6;13,7;74;65;66;279;3,9;1,5;
2023-11-30;1300;0;919,5;1012,6;919,8;919,5;3095,5;27;26,7;18,1;27;24,6;19,2;16,8;13,6;68;56;59;260;4,2;2,2;
2023-11-30;1400;0;919,1;1011,6;919,5;919,1;3597,9;29;28,6;17,1;28,6;26,5;19,6;16,7;13,7;64;48;50;270;6,1;3,5;
2023-11-30;1500;0;918,6;1010,7;919,1;918,6;3152,2;30;29,6;18,6;29,6;27,8;20,3;16,2;13,5;59;47;51;266;6;2,1;
2023-11-30;1600;0;917,9;1009,8;918,6;917,9;2764,1;31;30;18,7;30;28,4;19,2;17;13,5;57;45;51;232;7,2;1,8;
2023-11-30;1700;0;917,3;1009,9;917,9;917,3;1605,8;31;27,7;18,6;30,3;27,6;19,2;17;13,1;60;46;58;330;5,2;2;
2023-11-30;1800;6,4;916,4;1010,4;917,3;916,4;699,7;28;23,2;20,1;27,7;22;21,5;18;13;87;55;83;162;5,3;1,2;
2023-11-30;1900;0;915,9;1008,8;916,4;915,8;1120,6;27;26,2;21,8;26,2;23,2;22,1;20,1;13,7;88;76;76;128;3,4;1,3;
2023-11-30;2000;0;915,7;1007,7;915,9;915,5;799,3;28;29,1;19,6;29,1;25,8;22,4;19,1;13,1;82;55;56;251;6;3,7;
2023-11-30;2100;0;916,7;1010,1;916,7;915,7;330,6;28;25,1;19,1;29,3;25,1;19,7;18,5;13;69;54;69;289;9,6;4;
2023-11-30;2200;0;917,1;1011,1;917,1;916,6;52,7;26;23,5;19,2;25,2;23,5;19,4;18,8;12,8;77;68;77;290;6,8;1,3;
2023-11-30;2300;0;918;1012,3;918;917,1;-2,3;25;22,8;20,6;23,5;22,8;20,6;19,2;12,8;87;77;87;226;2,7;,7;
2023-12-01;0000;0;918,6;1013,1;918,7;918;-3,1;24;22,4;20,5;23,3;22,1;20,7;19,7;12,8;90;81;89;259;4,1;,6;
2023-12-01;0100;0;919,5;1014,1;919,5;918,6;-3,1;23;22,4;20;22,4;21,8;20,8;20;12,8;93;86;86;200;7,5;3,4;
2023-12-01;0200;5,4;920,3;1015,9;920,6;919,5;-1,1;23;19,7;18,8;23,1;19,7;19,8;17,9;12,8;94;78;94;128;7,6;3,1;
2023-12-01;0300;3,8;920,7;1016,2;920,7;919,8;-1,9;22;20,1;19,4;20,1;19,5;19,4;18,7;12,7;96;94;96;31;6,9;2,2;
2023-12-01;0400;2;919,2;1014,4;920,7;919,2;-2,6;21;20,5;19,5;20,5;20,1;19,5;19;12,7;96;92;94;329;4,1;1,7;
2023-12-01;0500;2,2;918,4;1013,5;919,3;918,4;-2,1;21;20,5;19,3;20,6;20,1;19,5;19,2;12,7;96;92;93;239;6,5;3,3;
2023-12-01;0600;,2;918,1;1013,5;918,7;918,1;-2,2;21;19,6;18,9;20,6;19,6;19,2;18,2;12,7;96;86;96;35;7,1;1;
2023-12-01;0700;0;918;1013,5;918,1;917,8;-3,1;21;19,3;18,6;19,6;19,3;18,8;18,6;12,7;96;96;96;63;1,6;,3;
2023-12-01;0800;0;918,4;1014,1;918,4;918;-3,5;20;18,8;18,2;19,4;18,6;18,7;18,1;12,6;96;96;96;206;1,6;,9;
2023-12-01;0900;0;918,5;1014,3;918,7;918,4;78,1;20;18,6;18,1;18,8;18,2;18,2;17,7;12,8;96;96;96;155;1,8;1;
2023-12-01;1000;0;919,2;1014,1;919,2;918,4;724;21;21,2;19,9;21,2;18,7;20,3;18,1;13,3;96;92;92;131;2,3;,7;
2023-12-01;1100;0;919,4;1013,7;919,6;919,2;1208,6;23;23,1;19,5;23,2;21;20;18,8;13,6;92;79;81;134;3,1;1,6;
2023-12-01;1200;0;919,8;1013,2;919,8;919,4;2190,9;26;26;21,1;26;23,1;21,1;19,1;13,8;81;69;74;90;3,3;,7;
2023-12-01;1300;0;919,7;1012,5;919,9;919,7;3070,8;28;27,7;19;28;26;21,5;19;13,8;76;59;59;73;4,5;1,6;
2023-12-01;1400;0;919,3;1011,7;919,7;919,2;3431;30;28,8;17,6;29;27,3;21,3;17,5;13,5;66;50;51;95;4,9;1,4;
2023-12-01;1500;0;918,6;1010,6;919,3;918,6;3722,7;31;30;15,8;30,1;28,6;20,1;15,2;13,5;58;41;42;67;3,9;1,4;
2023-12-01;1600;0;917,8;1009,4;918,6;917,8;3786,1;32;30,9;15,6;31;29,8;17,9;13,4;13,5;49;35;40;56;4;1,4;
2023-12-01;1700;0;916,9;1008,1;917,8;916,9;3570;33;31,9;16,8;32,3;30,9;18;13,8;13,4;46;34;41;130;3,3;1;
2023-12-01;1800;0;916,3;1007,6;916,9;916,3;3217,8;34;31,6;14,3;32,4;31,2;17;14;13,5;42;34;35;310;4,9;2,5;
2023-12-01;1900;0;915,8;1007,1;916,3;915,7;2244,7;34;31,4;17;33;30,9;17,1;14,4;13,5;44;33;42;221;6,7;2,6;
2023-12-01;2000;0;915,7;1007,2;915,9;915,7;1625,2;34;30,7;17,9;31,9;30,2;19;16;13;50;38;46;188;6;3,2;
2023-12-01;2100;0;916,2;1008,2;916,2;915,7;573,2;32;29,2;18,5;30,8;29,2;18,7;16,8;12,9;53;44;52;181;6,2;1,2;
2023-12-01;2200;0;916,7;1009,4;916,7;916,2;86,8;30;27,3;19,8;29,2;26,6;20,3;18,2;12,8;67;52;64;50;3,6;1,2;
2023-12-01;2300;0;917,3;1011;917,3;916,7;-3,5;28;24,3;20,4;27,3;24,3;21,3;19;12,8;80;63;79;160;2,4;,8;
2023-12-02;0000;0;917,7;1011,9;917,7;917,2;-3,5;26;23;21,4;24,3;22,9;21,4;19,9;12,8;91;78;91;1;1,7;,4;
2023-12-02;0100;0;918;1012,7;918;917,7;-3,5;24;21,7;20,4;23;21,7;21,4;19,7;12,8;92;85;92;139;2,7;1,2;
2023-12-02;0200;0;917,9;1012,5;918,2;917,9;-3,5;23;21,8;20,3;22,1;21,4;20,8;20,3;12,8;94;91;92;320;4;1,2;
2023-12-02;0300;0;917,8;1012,8;917,9;917,7;-3,4;23;20,6;19,8;21,8;20,6;20,5;19,8;12,7;96;92;95;176;2,3;,6;
2023-12-02;0400;0;917;1012,2;917,8;917;-3,5;22;19,7;19,1;20,6;19,7;19,7;19;12,7;96;95;96;153;1,7;,8;
2023-12-02;0500;0;916,8;1012,1;917;916,8;-3,5;21;19,3;18,7;19,8;19,3;19,1;18,7;12,7;96;96;96;177;1,4;,5;
2023-12-02;0600;0;916,9;1012,4;916,9;916,7;-3,4;20;18,9;18,3;19,3;18,9;18,7;18,3;12,7;96;96;96;154;2,3;1,7;
2023-12-02;0700;0;917,2;1012,7;917,2;916,9;-3,4;20;19,1;18,5;19,3;18,8;18,7;18,2;12,6;96;96;96;175;2,3;,6;
2023-12-02;0800;0;917,6;1013,2;917,6;917,2;-3,1;20;18,9;18,3;19,1;18,5;18,5;17,9;12,6;96;96;96;167;1,5;,6;
2023-12-02;0900;0;918,3;1013,7;918,3;917,6;79,9;20;19,7;19;19,7;18,7;19;18,1;12,7;96;96;96;17;1,3;,5;
2023-12-02;1000;0;918,8;1013,1;918,8;918,3;736,7;22;23,1;19,4;23,1;19,7;19,8;18,8;13,1;96;80;80;132;1,6;,7;
2023-12-02;1100;0;918,9;1012,2;919;918,8;1526,5;25;26,1;19,7;26,1;23,1;20,2;19;13,5;80;66;68;150;1,7;,8;
2023-12-02;1200;0;918,9;1011,5;919;918,9;2386,6;28;28,3;16,7;28,6;26,1;20,7;16,4;13,7;69;48;49;339;3,1;1,1;
2023-12-02;1300;0;918,8;1010,8;919;918,8;3035,6;30;30,1;17,6;30,1;27,8;18,9;15,9;13,5;58;45;47;229;3,3;,6;
2023-12-02;1400;0;918,2;1010;918,8;918,2;3583,5;32;30,4;18,8;31,1;29,7;19,3;16,7;13,5;52;44;50;45;4;1,5;
2023-12-02;1500;0;917,5;1009,1;918,2;917,4;3566,8;33;31;16,8;31,8;30,4;19,5;15,9;13,4;51;39;43;312;4,7;1,8;
2023-12-02;1600;0;916,6;1007,4;917,5;916,6;3607,3;33;33,2;15,7;33,2;30,7;16,8;13;13,4;44;31;35;286;7;2,5;
2023-12-02;1700;0;915,6;1006,6;916,6;915,6;3464,4;34;32,3;15,7;33,4;32;16,8;13,6;13,5;40;32;37;238;6,1;3,4;
2023-12-02;1800;0;915;1005,6;915,6;915;3015,7;35;33,3;15,7;33,6;32,2;16,6;13,8;13,5;39;31;35;317;6,8;1,7;
2023-12-02;1900;0;914,1;1004,8;915,1;914,1;2394,6;35;32,8;15;33,4;32,2;15,6;13,2;13,5;36;31;34;188;5,6;2,2;
2023-12-02;2000;0;913,8;1004,6;914,2;913,6;1549,1;35;32,3;12,9;33;32,1;15;11,8;13;34;29;31;224;6,3;3,7;
2023-12-02;2100;0;914,5;1006;914,6;913,8;664,5;34;30,4;16,3;32,3;30,4;16,3;12,1;12,9;43;29;43;210;5,3;2;
2023-12-02;2200;0;915,6;1008,4;915,6;914,5;57,4;30;26,6;16,9;30,4;26,1;19,5;15,7;12,8;66;43;55;142;2,6;1,1;
2023-12-02;2300;0;916;1009,6;916;915,6;-3,5;27;24,2;18,3;26,6;23,8;20,1;16,4;12,8;79;54;69;175;2,2;,5;
2023-12-03;0000;0;916,9;1010,4;916,9;916;-3,5;25;24,8;17,8;24,8;22,2;19,2;17,2;12,8;81;64;65;312;3,4;2;
2023-12-03;0100;0;918,1;1013;918,1;916,9;-3,5;24;20,9;18,1;24,9;20,9;19,4;17,6;12,8;85;64;84;159;2,9;1;
2023-12-03;0200;0;918,1;1013,2;918,4;918,1;-3,5;23;20,4;18,7;21,8;20,2;19,1;18,1;12,7;91;82;90;164;2,2;1,4;
2023-12-03;0300;0;917,6;1012;918,1;917,6;-3,5;22;22,2;18,7;22,2;19,9;19,5;17,9;12,7;93;80;80;325;3,4;1,6;
2023-12-03;0400;0;917,1;1011,7;917,6;917,1;-3,5;22;21,5;18,2;22,4;20,2;19,1;17,8;12,7;91;78;82;304;3,4;1,7;
2023-12-03;0500;0;916,6;1011,7;917,1;916,6;-3,5;21;19,9;18,6;21,7;19,7;18,8;17,6;12,7;93;80;92;149;3,1;,8;
2023-12-03;0600;0;916,9;1012,5;916,9;916,6;-3,5;21;18,7;17,9;20,1;18,7;18,9;17,9;12,7;95;92;95;146;1,8;1,1;
2023-12-03;0700;0;917;1012,6;917,1;916,9;-3,5;20;18,5;17,8;19,3;18,5;18,6;17,7;12,6;96;95;96;174;1,9;1;
2023-12-03;0800;0;917,2;1012,8;917,2;917;-3,5;20;18,8;18,1;19,3;18,5;18,5;17,8;12,6;96;95;96;300;1,7;,6;
2023-12-03;0900;0;917,6;1013;917,6;917;89,4;19;19,3;18,7;19,3;18;18,7;17,3;12,7;96;95;96;320;2;1;
2023-12-03;1000;0;917,7;1012,2;917,8;917,6;753,2;21;22;17,9;22,8;19,4;18,9;17,9;13,1;96;77;78;121;1,6;,5;
2023-12-03;1100;0;917,7;1011,5;917,8;917,6;1623,3;25;24,3;19;24,3;22;19,2;17,6;13,5;80;70;72;327;3;1,3;
2023-12-03;1200;0;917,3;1010,4;917,7;917,3;2438,2;27;26,1;19,7;26,1;24;19,9;18,3;13,7;73;66;68;332;4,9;2,1;
2023-12-03;1300;0;917,3;1009,7;917,6;917,3;3106,3;29;28,4;20;28,4;25,9;20,5;18,9;13,7;68;60;60;291;5,3;2,6;
2023-12-03;1400;0;916,7;1008,7;917,4;916,7;3586,4;30;29,3;20,2;29,9;27,6;20,7;18,8;13,5;64;53;58;275;5,2;1,5;
2023-12-03;1500;0;916,3;1007,8;916,7;916,3;3868,4;32;30,7;18,3;31;29,4;20,5;16,4;13,5;58;43;48;343;4,8;1,9;
2023-12-03;1600;0;915,6;1006,8;916,3;915,6;3868,1;33;31,6;15,2;32,7;30,8;17,8;13,9;13,5;48;34;37;229;4,8;2,6;
2023-12-03;1700;0;914,7;1005,3;915,6;914,7;3721;34;33,1;14;33,6;31,6;17,5;13,2;13,5;42;29;32;245;5,4;2,5;
2023-12-03;1800;0;913,7;1004;914,7;913,7;3273,1;35;33,8;12,5;34,4;32,9;14,8;11,5;13,5;33;26;27;252;5,1;1,6;
2023-12-03;1900;0;913;1003,2;913,6;913;2338;36;34,1;14,2;34,1;32,7;14,2;11,8;13,4;32;27;30;41;5,1;1,1;
2023-12-03;2000;0;913,3;1005;913,3;912,9;1143,9;36;29,2;16,3;34,4;29,2;16,4;11,4;12,9;46;26;46;160;5,5;2,7;
2023-12-03;2100;0;913,8;1006;913,8;913,3;298,1;32;27,8;17,6;29,4;27,8;17,7;16,1;12,9;54;45;54;138;5,5;1,3;
2023-12-03;2200;0;914,8;1007,6;914,8;913,8;33,2;29;26,3;19;28,2;26,3;19,6;16,7;12,8;64;50;64;39;4,2;,8;
2023-12-03;2300;0;915,8;1009,2;915,8;914,8;-3,5;28;24,8;18,4;26,5;24,8;19,8;17,5;12,8;69;58;67;271;3,8;,5;
2023-12-04;0000;0;916,5;1010,1;916,5;915,8;-3,4;26;24,5;20,1;25,2;24;20,1;18,2;12,8;77;66;77;262;4,2;,7;
2023-12-04;0100;0;917,3;1011,3;917,3;916,5;-3,4;25;23,4;19,8;24,5;22,7;20,1;18,7;12,8;84;73;80;228;1,8;,6;
2023-12-04;0200;0;917,6;1011,9;917,6;917,3;-2,3;24;22,5;19,7;23,4;22,4;20,1;19,5;12,8;84;80;84;171;2,5;1;
2023-12-04;0300;0;917,6;1012;917,6;917,3;-2,7;24;22,4;19,5;23;22,2;19,9;19,3;12,7;86;80;84;100;2,7;1,3;
2023-12-04;0400;0;916,8;1010,9;917,6;916,8;-1,4;24;22,9;17,5;24,8;22,2;19,6;16,1;12,7;84;59;72;244;12,3;7,3;
2023-12-04;0500;2;916,3;1010,9;916,9;916,3;-2,8;24;21,4;18,4;23;20,9;19,4;17,3;12,7;90;70;83;311;12,3;1,8;
2023-12-04;0600;0;916,4;1011,1;916,4;916,1;-,8;23;21;19,3;21,7;21;19,3;18;12,7;90;81;90;236;3,6;2;
2023-12-04;0700;0;917,2;1012,1;917,3;916,4;-2,2;22;20,6;19,7;21,2;20,5;20;18,6;12,6;95;85;95;115;2,7;,9;
2023-12-04;0800;0;917,8;1012,7;917,8;917,2;-2,8;22;20,8;19,6;21,1;20,6;19,9;19,5;12,6;95;92;93;312;1,8;,9;
2023-12-04;0900;0;918,6;1013,7;918,7;917,8;49,1;22;20,6;19,6;20,9;20,1;19,7;19,3;12,7;95;93;94;175;2,7;,9;
2023-12-04;1000;0;919,6;1014,5;919,6;918,6;257,4;22;21,5;19,5;21,6;20,5;19,8;18,9;13;94;85;88;84;2,4;,9;
2023-12-04;1100;0;919,6;1013,9;919,7;919,5;711,4;24;23,3;19,7;23,6;21,6;19,9;19,2;13,4;89;79;80;287;5,7;3,1;
2023-12-04;1200;0;919,7;1013,3;919,8;919,6;1603,3;26;25,5;19,5;25,5;23,3;20,6;19,1;13,7;82;68;70;345;4,5;1,3;
2023-12-04;1300;0;919,6;1012,4;919,8;919,6;3262,7;28;27,9;20,4;28,1;25,3;21,4;19,2;13,5;72;63;64;294;4,5;2,3;
2023-12-04;1400;0;919,3;1011,7;919,6;919,3;3484,2;30;28,9;19,6;29,2;27,1;21,2;19;13,5;67;56;57;35;4,3;1,7;
2023-12-04;1500;0;918,1;1009,9;919,3;918,1;3043,6;31;30,3;19,3;30,6;28,2;20,5;18,2;13,6;60;49;52;353;5,6;2,7;
2023-12-04;1600;0;917,3;1008,8;918,1;917,2;2401,5;32;31;19,1;31,3;29,5;20,3;18,2;13,5;55;49;49;252;6,2;3,3;
2023-12-04;1700;11,4;917,7;1012,3;918;917,1;573,2;28;21,7;20,5;31;21,4;20,7;18,6;13,1;93;49;93;94;7,7;2,5;
2023-12-04;1800;1,2;917,7;1012,2;917,8;917,3;407,1;24;22,1;18,8;22,8;21,1;20,7;17,5;13,1;93;76;82;233;10,6;,8;
2023-12-04;1900;2,2;917,2;1011,5;917,8;917,2;518,3;24;22,4;19,1;23,2;21,8;20,3;18,6;13,2;90;76;82;255;7,4;1;
2023-12-04;2000;0;916,9;1010,7;917,3;916,7;995,5;25;23,8;20,3;23,8;22,4;20,4;19,3;13,1;87;80;81;128;2,7;1,4;
2023-12-04;2100;0;917,1;1010,7;917,2;916,9;480,8;26;24,5;20,6;24,6;23,8;21,4;20,3;13;84;77;79;177;2,4;,6;
2023-12-04;2200;0;918,2;1012,3;918,2;917;54;25;23,4;21,8;24,5;23;21,9;20,5;12,8;91;78;91;146;2,5;1,1;
2023-12-04;2300;0;919,4;1013,8;919,5;918,2;-1,6;24;23;20,3;23,7;23;21,9;20,3;12,8;92;85;85;264;5;2,7;
2023-12-05;0000;0;920,3;1015,3;920,3;919,4;-3;23;21,4;19,8;23,1;21,4;20,2;19,4;12,8;91;81;90;326;5;1,3;
2023-12-05;0100;0;920,8;1015,9;920,9;920,3;-3,1;23;21,2;20,1;21,7;21,1;20,1;19,6;12,8;93;88;93;245;3,1;1,3;
2023-12-05;0200;0;920,7;1015,9;920,8;920,5;-3,4;22;20,9;20;21,5;20,8;20,4;19,8;12,7;95;93;95;19;2,8;,6;
2023-12-05;0300;0;920,7;1015,9;920,9;920,7;-3,2;22;20,8;19,8;20,9;20,5;20;19,6;12,7;95;94;95;200;2,6;,9;
2023-12-05;0400;0;920,1;1015,3;920,7;920,1;-2,6;22;20,7;19,9;20,8;20,3;19,9;19,6;12,7;96;94;96;121;2;,9;
2023-12-05;0500;0;920,1;1015,3;920,3;920,1;-2,7;22;20,7;19,9;20,9;20,7;20,2;19,9;12,7;96;95;95;217;2,9;,4;
2023-12-05;0600;0;920,3;1015,6;920,4;920,1;-3,1;22;20,5;19,7;21,1;20,5;20,2;19,5;12,7;96;93;95;182;2,7;,7;
2023-12-05;0700;0;920,3;1015,7;920,4;920,2;-3,2;21;20,2;19,6;20,5;20,2;19,8;19,6;12,6;96;95;96;104;2;1,1;
2023-12-05;0800;0;920,4;1015,9;920,5;920,4;-3,5;21;19,8;19,2;20,3;19,8;19,6;19,2;12,6;96;96;96;132;2;1,1;
2023-12-05;0900;0;921;1016,4;921,1;920,4;65,3;21;20,3;19,7;20,3;19,7;19,7;19,1;12,7;96;96;96;152;2;,8;
2023-12-05;1000;0;921,3;1016,2;921,3;921;521,3;22;21,9;20,5;22,1;20,3;21,2;19,8;13,2;96;88;91;142;1,8;1;
2023-12-05;1100;0;921,5;1015,2;921,5;921,3;1439,9;25;25,7;19,9;25,8;21,8;21,1;19,4;13,5;92;70;70;58;3,8;1,5;
2023-12-05;1200;0;922;1015,3;922;921,5;2485,6;28;27;20,6;27;25,2;21;19,1;13,6;74;67;68;73;4,5;1,6;
2023-12-05;1300;0;921,8;1015;922;921,8;2456,7;29;27,4;19,8;27,8;26,6;21,3;19,5;13,8;70;63;63;17;4,5;1,5;
2023-12-05;1400;0;921,2;1013,9;921,8;921,2;3625,4;31;28,6;18,9;29,4;27,3;21,2;18,4;13,5;65;55;56;348;4,1;2;
2023-12-05;1500;0;920,7;1012,9;921,3;920,7;3728,9;32;29,9;18,2;30,9;28,6;20,6;17,4;13,6;59;46;50;351;3,7;1,3;
2023-12-05;1600;0;919,9;1011,6;920,7;919,9;3333,2;33;31,2;19,5;31,2;29,4;20,3;17,2;13,5;56;45;50;19;4,2;1,3;
2023-12-05;1700;0;919,1;1010,8;919,9;919,1;2751,4;34;31,1;18;31,6;30,5;19,7;17;13,5;52;44;46;325;4,2;1,1;
2023-12-05;1800;0;918,5;1010,5;919,1;918,4;1276,6;33;29,8;17,9;31,3;29,8;19,3;17,2;13,1;53;45;49;352;4,4;1,5;
2023-12-05;1900;0;918,2;1011,4;918,6;918,2;1463;31;26,2;18,1;31,6;25,5;19,2;17,2;13,2;65;44;61;207;10,6;4,8;
2023-12-05;2000;0;919,1;1013,3;919,3;918,1;247;28;23,5;19,5;26,2;23,5;20,2;17,5;12,9;79;60;78;165;7,8;1,2;
2023-12-05;2100;0;919,5;1014,1;919,5;919;56,3;25;22,2;19,5;23,5;22,1;19,8;19,2;12,8;85;77;85;116;4,8;2;
2023-12-05;2200;0;919,6;1014,5;919,8;919,5;12,4;24;21,5;18,7;22,2;21,5;20,3;18;12,8;90;79;84;107;6,3;1,4;
2023-12-05;2300;0;919,4;1014,3;919,8;919,1;-3,5;23;21,4;19,9;21,6;21;20;18,7;12,8;93;84;91;120;3,4;1;
2023-12-06;0000;0;920,7;1015,9;920,7;919,4;-3,5;22;20,9;19,9;21,4;20,8;20;19,5;12,8;94;90;94;200;2,7;,5;
2023-12-06;0100;0;921,6;1016,7;921,7;920,7;-2,9;22;21,4;20,2;21,6;20,7;20,6;19,8;12,7;95;90;93;280;5,8;2,8;
2023-12-06;0200;0;921,8;1017,1;922;921,6;-3,5;22;20,8;19,9;21,4;20,8;20,1;19,7;12,7;94;92;94;293;5,8;1,9;
2023-12-06;0300;0;921,3;1016,7;921,9;921,3;-3,4;22;20,5;19,7;20,9;20,5;19,9;19,7;12,7;95;94;95;290;3,2;2;
2023-12-06;0400;0;921;1016,3;921,3;921;-3;22;20,6;19,8;20,6;20,5;19,9;19,7;12,7;96;95;95;310;4,6;1,3;
2023-12-06;0500;0;921,4;1017;921,4;920,8;-2,1;22;20;18,9;20,8;20;20;18,7;12,7;96;91;93;281;11,7;6;
2023-12-06;0600;2;920,9;1016,5;921,5;920,9;-2,4;21;19,7;19;20;19,6;19;18,9;12,6;96;93;96;271;9,4;1,9;
2023-12-06;0700;,4;921,1;1016,8;921,3;920,9;-2,2;21;19,5;18,9;19,8;19,5;19,1;18,9;12,6;96;95;96;129;2,7;,7;
2023-12-06;0800;3,8;920,5;1016,2;921,1;920,3;-1,6;21;19,4;18,8;19,6;19,3;19;18,8;12,6;97;96;97;118;4,8;2,2;
2023-12-06;0900;0;920,7;1016,2;920,7;920,5;42,4;20;19,9;19;19,9;19,4;19;18,8;12,7;97;94;94;115;4,9;2;
2023-12-06;1000;0;921,6;1017;921,7;920,7;391,1;21;20,6;19,3;20,6;19,9;19,3;18,8;13,2;94;91;92;100;6,9;1,7;
2023-12-06;1100;0;921,8;1016,7;921,8;921,6;989,4;22;22,1;19;22,1;20,6;19,6;18,6;13,4;92;82;83;109;7,3;2,3;
2023-12-06;1200;0;921,7;1016,2;921,8;921,7;1144,5;24;23,2;19,6;23,2;22;19,6;18,5;13,7;83;77;80;83;5,7;1,4;
2023-12-06;1300;0;921,4;1015,2;921,7;921,4;2105,5;25;25,3;19,3;25,6;23;20,1;18,7;13,7;81;68;70;102;5,5;1,9;
2023-12-06;1400;0;920,9;1014,1;921,4;920,8;3294,5;28;27,1;18,6;27,4;25,1;20,3;18,6;13,7;71;59;60;71;5,1;1,8;
2023-12-06;1500;0;921;1014,5;921,1;920,8;2639,5;29;26,1;19,6;27,7;25,8;20,7;18,8;13,7;69;60;67;30;6,7;3,4;
2023-12-06;1600;0;920,2;1012,6;921;920,2;3823,9;30;29,3;19,3;29,3;26,1;20,8;18;13,5;69;51;55;123;5,4;1,4;
2023-12-06;1700;0;919,5;1011,9;920,2;919,5;3388,8;32;29;19,8;30,9;29;20,6;18;13,3;59;49;57;139;4,1;1,8;
2023-12-06;1800;0;919;1011,6;919,5;919;1516,4;32;28,2;19,6;29,1;28,2;20,9;19,2;13,1;64;56;60;125;4,1;1,4;
2023-12-06;1900;0;918,1;1009,9;919;918,1;2230,1;32;30,3;17,3;31,1;28,1;20,4;16,2;13;61;42;46;357;5,5;2,1;
2023-12-06;2000;0;917,8;1009,6;918,1;917,8;1296,7;33;30,5;19;30,9;29,6;19,3;16,8;13,1;51;44;50;40;6,8;1,3;
2023-12-06;2100;0;918;1010,9;918,1;917,8;311,9;31;26,9;19;30,6;26,9;19,7;17,7;12,9;64;47;62;150;4;1,2;
2023-12-06;2200;0;918,6;1012,2;918,6;918;32;28;25,1;18,5;27;24,9;19,8;17,8;12,8;69;58;67;134;1,9;1,2;
2023-12-06;2300;0;919;1013,2;919;918,5;-3,5;26;23,3;18,5;25,1;22,8;19,4;17,5;12,8;79;63;75;134;2,7;1,6;
2023-12-07;0000;0;920,1;1014,3;920,1;919;-3,4;24;23,6;18,1;23,6;22,2;19,2;18,1;12,8;83;71;71;321;6;1,4;
2023-12-07;0100;0;920,5;1015,4;920,5;920,1;-3,5;24;21,8;18,8;24;21,6;19,2;17,9;12,8;84;69;83;128;2,8;,7;
2023-12-07;0200;0;920,6;1016;920,6;920,4;-3,5;23;20,4;18,8;21,8;20,4;18,8;18,2;12,8;90;81;90;150;2,3;1,4;
2023-12-07;0300;0;919,7;1015;920,6;919,7;-3,5;22;20,2;18,9;20,8;20,2;19;18,8;12,7;92;89;92;159;2,5;1,5;
2023-12-07;0400;0;919,3;1014,6;919,7;919,3;-3,3;22;20,3;19,1;20,6;20,2;19,4;18,8;12,7;94;91;93;128;2,4;1;
2023-12-07;0500;0;918,8;1013,8;919,3;918,8;-3,1;21;21;19,7;21;19,9;19,7;18,8;12,7;94;92;92;237;2,5;,9;
2023-12-07;0600;0;918,6;1014;918,8;918,6;-3,3;21;19,6;18,8;21;19,6;19,7;18,7;12,7;95;92;95;148;3,1;1,8;
2023-12-07;0700;0;918,6;1013,8;918,6;918,4;-3,5;21;20,2;19,3;20,2;19,4;19,3;18,7;12,7;96;95;95;171;2,8;1,4;
2023-12-07;0800;0;919,1;1014,5;919,1;918,6;-3,4;21;19,7;19;20,5;19,6;19,3;18,7;12,6;96;91;96;115;2,2;,8;
2023-12-07;0900;0;919,8;1014,8;919,8;919,1;65,4;21;21,1;18,4;21,1;19,4;19,1;18,4;12,7;96;85;85;142;3,4;1,9;
2023-12-07;1000;0;920,3;1015,1;920,3;919,8;347,6;22;22,1;19,1;22,1;20,9;19,2;18,4;13,1;86;82;83;135;3,5;1,4;
2023-12-07;1100;0;920,7;1014,7;920,8;920,3;1015,4;24;24,4;19,4;24,4;22,1;19,7;18,8;13,4;83;73;73;125;4,1;1;
2023-12-07;1200;0;921,1;1014,4;921,1;920,7;1989,7;27;26,7;19,7;26,7;24,5;20,3;18,6;13,5;75;62;66;63;3,1;1,3;
2023-12-07;1300;0;920,7;1013,2;921,1;920,7;2694,3;29;29,2;19,1;29,3;26,5;21,4;18,7;13,5;67;54;55;101;4,1;1,3;
2023-12-07;1400;0;920;1012;920,7;920;3580,7;31;30,4;18,6;30,9;29,1;20,4;17,3;13,6;59;46;49;28;4,6;2,1;
2023-12-07;1500;0;919,5;1011,6;920;919,5;3457,1;33;30,1;18,5;31,4;29,9;19,8;17;13,5;52;44;50;339;5,8;3;
2023-12-07;1600;0;919,2;1012;919,5;919,2;2137,4;32;27,7;17,9;30,5;27,7;19,7;15,7;13,3;58;45;55;237;8;1,6;
2023-12-07;1700;0;918;1010,6;919,2;918;1516,9;31;28;18,7;28;26,9;19,8;17,4;13,4;63;54;57;150;3;1,3;
2023-12-07;1800;0;917;1009,4;918;917;1259;31;28,3;16,3;30,5;27,9;20,9;16,1;13,2;64;44;48;60;5,9;2,2;
2023-12-07;1900;0;917,2;1009,8;917,3;916,9;985,1;31;27,6;17,2;28,3;27,6;18,3;15,9;13;57;48;53;131;5;1;
2023-12-07;2000;0;917,4;1010,3;917,4;917;468;29;26,7;19,1;27,6;26;20,1;17;13;68;53;63;158;4,2;1,4;
2023-12-07;2100;0;917,1;1010,3;917,4;917,1;249,7;28;25,9;19,9;26,7;25,7;20,5;18,9;13;73;63;70;98;3,3;,5;
2023-12-07;2200;0;917,4;1011,2;917,4;917;35;27;24,2;20;25,9;24,2;20,6;19,7;12,8;80;70;78;111;2,8;,6;
2023-12-07;2300;0;918,5;1012,9;918,5;917,4;-3,5;25;22,7;20,6;24,3;22,5;20,8;19,7;12,8;88;76;88;147;1,8;1,1;
2023-12-08;0000;0;919,4;1014,1;919,4;918,5;-3,5;24;22;20,4;22,9;22;20,8;19,7;12,8;91;83;91;193;2,3;1,1;
2023-12-08;0100;0;919,8;1014,6;919,8;919,4;-3,3;23;21,9;20,5;22,3;21,6;20,5;20,3;12,8;93;89;92;169;1,9;1;
2023-12-08;0200;0;919,8;1014,6;920,1;919,8;-2,1;23;21,8;20,5;22,2;21,8;20,7;20,4;12,7;93;90;93;151;1,6;,8;
2023-12-08;0300;6;920,1;1015,3;920,2;919,7;-2,4;23;20,6;19,3;23;20,6;21;18,8;12,7;93;83;92;339;8,6;4,3;
2023-12-08;0400;19,4;919,9;1015,5;920,7;919,7;,7;21;19,6;18;20,6;18,8;19,5;17,9;12,7;96;90;90;166;12;2,5;
2023-12-08;0500;,2;919,5;1015,1;919,9;919,4;-1,6;20;19,4;18,3;19,7;18,9;18,3;17,7;12,7;95;89;94;36;5,8;1,2;
2023-12-08;0600;,2;919,6;1015,3;919,6;919,3;-1,5;20;19,2;18,2;19,7;19,1;18,6;18,1;12,7;95;90;94;92;2,1;,7;
2023-12-08;0700;0;919;1014,4;919,8;919;-1,9;20;19,7;18,1;19,7;19,1;18,9;18,1;12,6;96;91;91;208;4,4;2,3;
2023-12-08;0800;0;919,5;1015,3;919,5;919;-2,1;20;18,9;18;19,7;18,9;18,3;17,9;12,6;95;91;94;154;4,4;,9;
2023-12-08;0900;0;919,7;1015,4;919,7;919,4;50,4;20;19;18,3;19;18,6;18,3;17,9;12,7;95;94;95;110;1,8;,5;
2023-12-08;1000;0;920;1015,6;920;919,7;270,1;20;19,4;18,6;19,5;19;18,6;18,2;13,1;96;94;95;143;1,9;1;
2023-12-08;1100;0;920,5;1015,6;920,5;920;562,7;21;21,1;18,9;21,1;19,4;19,6;18,7;13,4;95;87;88;126;3,4;1,6;
2023-12-08;1200;0;920,3;1014,6;920,5;920,3;1313;23;23,5;19,6;23,5;21,1;19,7;18,7;13,7;91;78;79;114;4;1,7;
2023-12-08;1300;0;920,6;1014,1;920,6;920,3;2859,8;26;25,9;19,4;26,4;23,4;20,9;19,1;13,7;79;66;67;122;4;1,8;
2023-12-08;1400;0;920,1;1012,8;920,7;920,1;2901,2;29;28,3;20;28,4;25,8;20,8;19,2;13,6;70;60;61;37;3,8;1,7;
2023-12-08;1500;0;919,7;1012,4;920,1;919,7;1908,6;30;28,1;19,5;28,9;27,5;21,2;19;13,5;66;58;60;161;3,4;1;
2023-12-08;1600;0;918,9;1010,9;919,7;918,9;2559,7;31;30;17,8;31,4;27,7;21;17;13,6;68;45;48;279;2,6;1,3;
2023-12-08;1700;0;918,1;1009,9;918,9;918;3009,6;32;30,5;17,8;31,2;29,7;19,5;16,3;13,5;53;43;47;260;6,1;3,6;
2023-12-08;1800;0;917,5;1009;918,1;917,5;2641,1;32;31,1;17,7;31,7;29,5;19,4;16,4;13,5;54;41;45;270;6,3;2;
2023-12-08;1900;0;917,1;1009,6;917,7;917,1;2807,2;32;28,1;21,2;31,4;27,2;21,2;18,1;13,5;66;45;66;125;8;2,2;
2023-12-08;2000;0;917;1008,7;917,3;916,9;1519,8;32;30,3;19,2;30,7;28,2;21,1;18,3;13,1;66;49;52;265;5,9;3,1;
2023-12-08;2100;0;917,8;1010,2;917,8;917;696,9;32;28,6;19,5;30,4;28,6;20;18,1;13;59;48;58;300;5,1;1,6;
2023-12-08;2200;0;918,2;1011,5;918,2;917,7;90,3;30;25,7;20,9;28,6;25,6;21,2;19,5;12,8;77;58;75;99;2,5;1,1;
2023-12-08;2300;0;919,2;1013,2;919,2;918,2;-3,5;27;23,9;18,6;25,7;23,9;20,9;18,6;12,8;76;72;72;143;3,7;1,1;
2023-12-09;0000;0;919,8;1014,4;919,8;919,2;-3,4;25;22,4;19,4;24,1;22,4;19,4;18,1;12,8;83;70;83;241;3,7;,9;
2023-12-09;0100;0;919,4;1014,2;919,8;919,4;-3,5;24;21,7;19,9;22,4;21,5;20,5;19,4;12,8;91;83;90;125;2;,7;
2023-12-09;0200;0;919,2;1014,4;919,5;919,2;-3,5;23;20,5;19,6;21,6;20,4;19,9;19,5;12,8;95;89;95;155;2;1,4;
2023-12-09;0300;0;918,7;1013,9;919,2;918,7;-3,5;22;20,2;19,5;20,6;19,9;19,7;19,2;12,7;96;94;96;165;2;1;
2023-12-09;0400;0;917,9;1013,1;918,7;917,9;-3,5;21;20;19,4;20,3;19,9;19,6;19,3;12,7;96;96;96;140;1,6;,4;
2023-12-09;0500;0;917,9;1013,3;917,9;917,8;-3,2;21;19,6;19;20;19,4;19,4;18,8;12,7;97;96;97;170;2,1;1;
2023-12-09;0600;0;917,8;1013,2;918,2;917,8;-3,1;21;19,5;18,8;20;19,5;19,3;18,8;12,7;97;96;96;137;1,8;1;
2023-12-09;0700;0;917,5;1013;917,8;917,5;-3,2;20;19,1;18,6;19,5;18,9;18,8;18,3;12,6;97;96;97;160;2,1;1,2;
2023-12-09;0800;0;917,9;1013,5;917,9;917,5;-3,4;20;18,9;18,4;19,3;18,9;18,7;18,4;12,6;97;97;97;152;2,1;,7;
2023-12-09;0900;0;918,4;1013,8;918,4;917,9;58,9;20;19,6;18,8;19,8;18,7;19,2;18,1;12,7;97;95;95;151;2,9;1,6;
2023-12-09;1000;0;918,9;1013,1;918,9;918,4;737,5;22;23,2;19,4;23,2;19,5;19,6;18,7;13;95;78;79;121;3,2;1;
2023-12-09;1100;0;919,1;1012,8;919,1;918,8;1594,4;25;24,8;19,2;25;23,2;19,8;18,9;13,4;79;70;71;110;5,4;2,4;
2023-12-09;1200;0;919,4;1012,6;919,5;919,1;2393,2;27;26,4;19,6;26,5;24,8;20,4;18,9;13,7;73;65;66;122;5,4;2,2;
2023-12-09;1300;0;919,3;1012,3;919,5;919,3;2961,6;28;27,2;19,8;27,6;26;21,4;19,1;13,5;71;62;64;139;6,3;1,9;
2023-12-09;1400;0;919,3;1011,9;919,5;919,2;3156,8;30;28,2;20,3;28,4;27;21,5;19,4;13,7;68;61;62;48;5,3;2,1;
2023-12-09;1500;0;918,9;1011,1;919,2;918,9;3603,3;31;29,3;19,5;30,2;27,9;21,8;19,1;13,3;66;54;56;60;4,5;2,2;
2023-12-09;1600;0;918,1;1009,8;918,9;918,1;3388,7;32;30,8;20;30,9;28,8;21,3;19;13,5;61;53;53;42;4,1;1,3;
2023-12-09;1700;0;917,6;1009,6;918,1;917,5;2804,1;33;29,8;18,1;32,1;29,8;21,7;18,1;13,1;57;48;49;98;4,1;1,1;
2023-12-09;1800;0;916,9;1008,9;917,6;916,9;1237;32;29,6;19,3;30,8;28,8;21,3;18;13,1;62;48;54;144;3,7;1;
2023-12-09;1900;10,2;917,2;1011,5;917,5;916,8;341,5;28;22,6;19,3;29,6;21,8;20,6;18,6;13,1;89;53;82;219;9,4;3,7;
2023-12-09;2000;0;916,8;1010,2;917,4;916,7;1443,3;27;25,1;19,1;25,4;22,3;21,3;18,6;13,1;84;66;70;133;5,8;1,5;
2023-12-09;2100;0;916,9;1010;916,9;916,6;735;28;26,1;21,1;26,5;25,1;21,1;19;13;75;66;74;136;3;,9;
2023-12-09;2200;0;917,9;1011,3;917,9;916,9;97,1;28;25,3;20,3;26,1;24,9;21,8;19,6;12,8;83;70;74;122;4,1;1;
2023-12-09;2300;0;918,9;1013,2;918,9;917,9;-3,4;26;23,1;20,2;25,5;22,9;21,1;19,7;12,8;88;70;84;137;3,2;1,3;
2023-12-10;0000;0;919,7;1014,2;919,7;918,9;-3,4;24;22,7;19,6;23,2;22,7;20,5;19,3;12,8;87;79;83;129;3,6;1,3;
2023-12-10;0100;0;919,9;1014,9;919,9;919,5;-3,5;23;21,1;20,1;22,7;21,1;20,2;19,5;12,8;94;83;94;114;3,3;1,2;
2023-12-10;0200;0;919,4;1014,6;919,9;919,4;-3,5;22;20,4;19,3;21,5;20,4;20,2;19,3;12,7;94;91;93;165;2,9;1,5;
2023-12-10;0300;0;919,2;1014;919,5;919,2;-3,5;22;21,6;18,1;21,9;20,4;19,5;18;12,7;93;79;81;107;4,3;1,8;
2023-12-10;0400;0;919;1014;919,2;918,9;-3,5;22;20,9;18,2;21,6;20,9;18,2;18,1;12,7;85;81;85;124;5,4;1,9;
2023-12-10;0500;0;918,8;1014;919;918,8;-3,5;22;20,3;18,5;21;20,3;18,5;18,1;12,7;90;84;89;123;5,1;2;
2023-12-10;0600;0;918,6;1013,9;918,8;918,6;-3,5;21;20;18,3;20,4;19,8;18,5;18,2;12,7;92;88;90;125;4,7;2,2;
2023-12-10;0700;0;918,4;1013,6;918,6;918,3;-3,5;21;20,1;17,6;20,1;19,9;18,3;17,6;12,6;90;85;85;112;6,1;2,4;
2023-12-10;0800;0;918,2;1013,3;918,4;918,1;-3,5;21;20,3;17,4;20,4;20,1;17,6;17,3;12,6;85;83;83;113;8,1;3,1;
2023-12-10;0900;0;918;1013,1;918,2;917,9;67,6;21;20,3;17,3;20,4;20,2;17,4;17,3;12,7;84;82;83;122;9,2;2,9;
2023-12-10;1000;0;918,4;1013,1;918,5;918;730,4;22;21,8;17,8;21,8;20,3;17,8;17,3;13;83;77;78;121;8,3;3,4;
2023-12-10;1100;0;918,5;1012,4;918,7;918,4;1573,6;24;24,1;18,7;24,3;21,8;18,9;17,7;13,4;78;70;71;98;8,9;2,4;
2023-12-10;1200;0;918,6;1012;918,8;918,5;2387,9;26;25,7;19,1;25,7;24,1;19,8;18,1;13,7;72;66;67;102;8;2,5;
2023-12-10;1300;0;918,4;1011,5;918,7;918,4;3065,7;28;26,6;20,3;27;25,2;20,3;18,1;13,7;70;62;68;69;6,9;2,6;
2023-12-10;1400;0;918,3;1010,9;918,5;918,3;3539,1;29;28,1;21,3;28,1;26,6;21,3;18,4;13,5;68;59;67;76;6,9;1,8;
2023-12-10;1500;0;917,7;1009,8;918,3;917,7;3758,4;30;29,3;20,6;29,3;27,6;21,2;19;13,3;66;57;59;59;6,1;1,9;
2023-12-10;1600;0;917,2;1008,9;917,8;917,2;3693,6;31;30,5;21,9;30,5;28,8;21,9;19,3;13,6;62;53;60;86;5,5;1,8;
2023-12-10;1700;0;916,1;1008;917,2;916,1;3131,4;32;29,4;20,2;30,9;29,4;21,3;18,6;13,1;60;50;58;58;5,4;1,5;
2023-12-10;1800;0;915,4;1007,9;916,1;915,1;290,6;31;27,3;20;29,4;27,3;20,6;18,9;13;66;54;64;105;4;1,3;
2023-12-10;1900;0;915,7;1009,9;916,4;915,4;48,2;28;22,2;16,7;27,4;22,2;20,8;16;12,8;71;63;71;252;12,4;5,4;
2023-12-10;2000;0;914,9;1009,1;915,7;914,9;45,9;24;22,1;16,5;22,2;21,3;17,8;16,4;12,8;81;70;70;115;10,2;1,2;
2023-12-10;2100;0;915,2;1009,5;915,2;914,5;51,3;24;22;17,6;22,5;21,6;18,1;16,1;12,8;81;67;76;169;3,7;1,1;
2023-12-10;2200;0;915,8;1010,4;915,9;915,2;3,6;23;21,3;18,6;22,5;21,3;18,7;17,5;12,8;85;74;85;313;4,3;3,1;
2023-12-10;2300;0;915,2;1009,7;916,5;915,2;-3,2;23;21,2;18,1;21,8;21,2;18,7;17,6;12,8;85;79;83;105;7,6;1,7;
2023-12-11;0000;0;916,2;1010,8;916,4;915,2;-3,5;22;21,2;17,9;21,3;20,8;18,3;17,8;12,7;85;81;82;136;3,8;2;
2023-12-11;0100;3,8;918,2;1013,3;918,2;916,2;-3,2;22;20,3;18,7;21,6;20,3;18,8;17,8;12,7;91;80;91;351;10,7;1,5;
2023-12-11;0200;7,2;919;1014,4;919;918,2;-1,1;21;19,8;18,5;21,5;19,5;18,7;17,8;12,7;92;80;92;249;10;1,3;
2023-12-11;0300;4,4;918,6;1014,3;920,4;918,6;-1,2;21;18,9;18,2;19,8;18,9;18,5;18,1;12,7;96;92;96;167;9,1;1,7;
2023-12-11;0400;1,2;916,8;1012,3;918,6;916,3;-1,5;20;18,8;18;19;18,8;18,3;18;12,7;96;95;95;112;4,5;1;
2023-12-11;0500;0;917,7;1013,2;917,7;916,3;-1,3;20;19,2;18;19,2;18,8;18,1;17,8;12,6;95;92;93;47;5,6;2,2;
2023-12-11;0600;0;917;1012,5;917,8;916,7;,5;20;18,9;17,6;19,4;18,9;18;17;12,6;93;88;92;178;6,9;1,4;
2023-12-11;0700;0;916;1011,5;917;915,9;-1,7;20;18,6;17,8;19;18,6;17,9;17,6;12,6;95;92;95;124;5,3;1,6;
2023-12-11;0800;0;916,5;1011,9;916,5;916;-2,2;19;19;17,7;19;18,5;18;17,7;12,6;96;92;92;68;5,5;1,3;
2023-12-11;0900;0;917,3;1012,8;917,3;916,5;26,8;20;18,9;17,9;19;18,9;17,9;17,7;12,6;94;92;94;175;4,8;,7;
2023-12-11;1000;0;917,5;1012,9;917,5;917;179,8;20;19,2;18,3;19,2;18,9;18,3;17,9;13;95;94;95;140;3,2;1,4;
2023-12-11;1100;0;917,8;1012,8;917,8;917,4;611,8;21;20,5;18,1;20,5;19,2;18,7;17,8;13,2;95;85;86;125;3,5;1;
2023-12-11;1200;0;918,4;1013,3;918,4;917,7;610,1;22;21,2;18;21,3;20,5;19,1;17,8;13,3;90;82;82;132;3,9;1,4;
2023-12-11;1300;0;918,4;1012,2;918,7;918,4;1206,9;23;24,3;19,1;24,4;21,2;20,2;17,9;13,8;84;73;73;66;3,1;1,1;
2023-12-11;1400;0;918,1;1011,6;918,5;918,1;3000,6;26;25,3;17,9;26,5;24;20,2;17,7;13,7;77;62;64;25;7,8;4;
2023-12-11;1500;0;918;1011;918,2;918;3236,2;28;26,8;19,5;26,9;25,3;20,3;17,7;13,7;70;60;64;18;7,8;3,4;
2023-12-11;1600;0;917,4;1009,8;918;917,4;2896,9;29;28,2;19;28,2;26,6;20,5;18,2;13,7;66;54;58;357;7,2;2,9;
2023-12-11;1700;0;916,9;1009,4;917,4;916,9;3898,6;31;27,8;17,9;29;27,7;19,4;17,3;13,3;58;51;55;345;10,1;4,4;
2023-12-11;1800;0;916,2;1008,7;916,9;916,2;2348,6;31;27,8;17,6;28,7;27,6;19,5;17,6;13,1;60;52;54;334;9,1;3,8;
2023-12-11;1900;0;915,6;1007,9;916,2;915,6;1374,9;30;28,2;17,2;29,3;27,5;19,1;17;13,1;57;50;51;294;9;5;
2023-12-11;2000;0;915,8;1007,9;916;915,6;1530,8;31;28,7;17,9;29,2;28,2;18,3;16,3;13,2;53;47;52;293;10,4;3,9;
2023-12-11;2100;0;916,7;1009,6;916,7;915,5;495,5;30;26,6;18,5;28,9;26,6;18,5;17,3;12,9;61;50;61;284;6,9;2,8;
2023-12-11;2200;0;917,8;1012,4;917,8;916,3;15,8;27;21,9;17,7;26,6;21,9;18,8;17,3;12,8;77;60;77;198;12,4;6,6;
2023-12-11;2300;0;918,1;1012,8;918,1;917,5;-2,9;24;21,7;17,1;21,9;21;17,8;17,1;12,8;80;75;75;184;11,9;2,4;
2023-12-12;0000;0;919;1014,1;919,2;918,1;-3,3;23;20,7;18;22,4;20,7;18,4;16,6;12,8;86;71;85;119;8,3;1,4;
2023-12-12;0100;0;919,7;1015;919,8;919;-3;22;20,4;18,9;20,8;20,1;19,2;18;12,8;93;84;91;133;4,5;1,3;
2023-12-12;0200;0;919,3;1014,5;919,7;919,3;-2,8;22;20,4;18,6;20,7;20,3;19;18,1;12,8;92;85;89;143;2,5;1,3;
2023-12-12;0300;0;919,5;1014,7;919,5;919,3;-2,6;22;20,6;17,9;20,7;20,2;18,8;17,9;12,7;91;84;84;129;3,2;1,5;
2023-12-12;0400;0;919;1014,5;919,5;919;-3,4;21;19,6;18,1;20,6;19,6;18,2;17,7;12,7;91;84;91;149;3,6;1,6;
2023-12-12;0500;0;918,9;1014,5;919;918,9;-3,5;21;19,3;18,3;19,7;19,3;18,4;18,1;12,7;94;91;94;139;3,8;1,6;
2023-12-12;0600;0;918,2;1013,9;918,9;918,2;-3,5;20;18,7;17,9;19,3;18,6;18,3;17,7;12,7;95;93;95;152;3,5;1,2;
2023-12-12;0700;0;918,4;1014,4;918,4;918;-3,5;20;18;17,3;18,7;18;17,9;17,3;12,7;96;95;96;73;2,5;,9;
2023-12-12;0800;0;919,1;1015,1;919,1;918,4;-3,5;19;18,1;17,6;18,1;17,7;17,6;17,1;12,6;97;96;97;136;3,1;1,6;
2023-12-12;0900;0;919,7;1015,5;919,7;919,1;53,9;19;18,7;18,1;18,7;18,1;18,1;17,6;12,7;97;97;97;121;3,6;1,5;
2023-12-12;1000;0;920,3;1015,4;920,3;919,7;707,8;21;21,1;17,9;21,2;18,7;18,9;17,8;13,1;97;81;82;102;3,9;1,4;
2023-12-12;1100;0;921;1015,3;921;920,3;1588,5;23;23,8;18,3;23,8;21,1;18,9;17,7;13,4;84;70;71;65;4,4;1,7;
2023-12-12;1200;0;921,4;1015,2;921,4;921;2396,1;26;25,2;18,9;25,3;23,2;19,8;17,3;13,6;73;66;68;54;5,6;1,9;
2023-12-12;1300;0;921,3;1014,6;921,4;921,3;3169;28;26,8;19,2;26,8;24,6;19,8;18;13,6;71;60;63;28;4,6;2,1;
2023-12-12;1400;0;921,1;1014,1;921,3;921;2944,4;29;27,7;19;28,3;26,7;20,1;18;13,7;65;54;59;292;4,1;1,7;
2023-12-12;1500;0;920,8;1013,7;921,1;920,8;2442,2;31;28;17,4;29,2;27,4;19,6;16,9;13,3;60;50;52;196;3,9;1,3;
2023-12-12;1600;0;920,1;1012,2;920,8;920,1;3592;31;30,1;17,7;30,6;27,7;19,5;16,9;13,5;57;45;47;223;4,4;1,7;
2023-12-12;1700;0;919,4;1011,4;920,1;919,4;3756,7;32;30,1;16,3;30,6;29,7;18,4;15,5;13,6;50;41;43;186;6,9;3,4;
2023-12-12;1800;0;918,6;1010,6;919,4;918,6;2636,4;32;30;18,2;30,3;29;19;15;13,5;52;41;49;195;7,2;3,1;
2023-12-12;1900;0;918,2;1010,4;918,6;918,2;2490;32;29,3;17;30,7;28,6;18,9;15,4;13,5;51;43;48;188;6,9;3,3;
2023-12-12;2000;0;917,8;1009,9;918,2;917,8;1748,3;32;29,4;13,9;30,1;29,3;17,4;13,9;13,1;48;39;39;188;7,3;4,4;
2023-12-12;2100;0;918,1;1010,7;918,1;917,8;827,2;31;27,8;16,4;29,6;27,8;16,6;14;12,9;51;38;50;160;7,5;2,6;
2023-12-12;2200;0;918,6;1012;918,6;918,1;107;29;25,7;16,4;27,8;25,7;16,7;16,3;12,8;57;50;57;183;5,8;2,6;
2023-12-12;2300;0;919;1013,1;919;918,6;-3,5;26;23,7;16,8;25,7;23,7;16,8;16,3;12,8;65;57;65;150;5,2;1,7;
2023-12-13;0000;0;919,5;1014,7;919,5;919;-3,5;24;20,4;17,9;23,7;20,4;17,9;16,8;12,8;86;65;86;93;3,3;,8;
2023-12-13;0100;0;920,3;1015,4;920,3;919,5;-3,5;22;21;16,4;21,7;20,1;17,9;16,4;12,8;86;74;75;122;2,6;1;
2023-12-13;0200;0;920,1;1015,5;920,4;920,1;-3,5;21;20,1;15,5;21;19,6;16,7;15,5;12,7;82;72;75;171;2,9;1,7;
2023-12-13;0300;0;919,7;1015,5;920,2;919,7;-3,5;21;18,8;15,8;20,7;18,7;16,2;15,6;12,7;83;73;82;142;2,9;1,1;
2023-12-13;0400;0;919,5;1015;919,7;919,3;-3,5;20;19,6;16;19,9;18,5;16,1;15,6;12,7;84;78;80;129;2,3;,9;
2023-12-13;0500;0;918,8;1014;919,5;918,8;-3,5;20;20,4;16,4;20,8;19,6;16,4;15,9;12,7;80;74;78;127;3;1,3;
2023-12-13;0600;0;918,6;1013,9;918,8;918,6;-3,5;20;19,9;17;20,4;19,7;17,1;16,3;12,7;84;78;83;131;3,8;1,1;
2023-12-13;0700;0;918,5;1013,8;918,6;918,4;-3,5;20;20;17,4;20,3;19,8;17,6;17;12,6;86;83;85;120;4,4;1,3;
2023-12-13;0800;0;918,8;1014,3;918,9;918,5;-3,5;20;19,5;17,8;20,2;19,4;17,8;17,3;12,6;90;84;90;100;3,5;1,1;
2023-12-13;0900;0;919,2;1014,8;919,2;918,8;57;20;19,4;18;19,5;18,6;18;17,4;12,7;94;90;92;118;3,1;1;
2023-12-13;1000;0;919,6;1014,4;919,6;919,2;730,1;21;21,7;17,4;21,7;19,4;18,1;17,3;13;92;77;77;119;6,7;2,2;
2023-12-13;1100;0;919,6;1013,7;919,7;919,5;1619,1;24;23,8;18,3;23,9;21,7;18,7;17,6;13,4;78;70;71;123;6,1;2,3;
2023-12-13;1200;0;919,8;1013,2;919,8;919,6;2435,6;26;26;18,5;26,1;23,8;19,2;18;13,7;73;63;64;59;6;2,3;
2023-12-13;1300;0;919,9;1012,7;920;919,8;3117,1;28;27,8;18,8;27,8;25,8;19,6;17,7;13,7;66;58;58;103;6;1,7;
2023-12-13;1400;0;919,4;1011,8;919,9;919,4;3613,9;29;29;18;29,2;27,2;19,7;17,3;13,5;62;51;52;127;4,5;1,6;
2023-12-13;1500;0;918,9;1011;919,4;918,9;3899;31;29,9;16,8;29,9;28,6;19,4;16,6;13,2;57;44;45;360;4,9;1,8;
2023-12-13;1600;0;918,1;1009,8;918,9;918,1;3940,3;32;30,7;16,7;30,9;29,7;19;15,4;13,5;51;40;43;158;4,2;2;
2023-12-13;1700;0;917,2;1008,7;918,1;917,2;3148,8;33;31,2;15;31,7;30,4;16,8;13,6;13,7;43;34;38;305;5;1,8;
2023-12-13;1800;0;916,7;1007,9;917,2;916,7;2492,9;33;31,8;13,5;32,4;30,3;16,5;13;13,4;43;32;33;191;4,9;2,8;
2023-12-13;1900;0;916;1007,3;916,7;916;2517,5;34;31,3;13,2;32,3;31;15,4;12,9;13,1;36;30;33;215;5,3;2,4;
2023-12-13;2000;0;915,8;1007;916,1;915,8;1550,5;34;31,7;12,3;32,2;31,2;14,9;10,9;13,1;37;28;31;195;4,8;2,1;
2023-12-13;2100;0;916;1007,8;916;915,7;839,4;33;29,9;12,9;31,6;29,8;13,4;11;12,9;37;29;35;186;5,7;1,8;
2023-12-13;2200;0;916,5;1009,4;916,6;916;110,2;30;26,5;15,1;29,9;26,5;15,1;11,7;12,8;49;33;49;154;3,8;1,1;
2023-12-13;2300;0;917,2;1011,2;917,2;916,5;-3,5;27;23,5;17,2;26,5;22,6;18;14,8;12,8;72;50;68;141;2,2;1,6;
2023-12-14;0000;0;918,3;1013;918,3;917,2;-3,5;24;21,7;17,1;23,6;21,1;17,4;17,1;12,8;78;67;75;141;2,3;1,5;
2023-12-14;0100;0;918,7;1013,7;918,8;918,3;-3,5;23;20,9;16,3;21,8;20,6;17,5;16,3;12,8;78;72;75;142;3,2;1,5;
2023-12-14;0200;0;918,4;1013,3;918,7;918,3;-3,5;22;21;16,3;21;19,9;16,4;16,1;12,7;80;74;75;145;3,3;1,4;
2023-12-14;0300;0;918,3;1013,5;918,5;918,3;-3,5;21;20,2;16,8;21;20;17;16,1;12,7;81;75;81;137;2,4;1,2;
2023-12-14;0400;0;917,8;1013,2;918,4;917,8;-3,5;21;19,3;17,8;20,2;19,2;17,8;16,5;12,7;91;81;91;140;2,2;1,7;
2023-12-14;0500;0;917,5;1012,9;917,8;917,4;-3,5;20;19,2;17,7;19,6;19;18,1;17,5;12,7;92;90;91;134;2,4;1,2;
2023-12-14;0600;0;917,2;1012,8;917,5;917,2;-3,5;20;18,6;17,4;19,2;18,6;17,8;17,4;12,7;94;91;93;157;2,6;1,3;
2023-12-14;0700;0;917,2;1012,3;917,2;916,9;-3,5;20;20,2;16,6;20,2;18,5;17,7;16,5;12,6;94;80;80;141;3,8;1,7;
2023-12-14;0800;0;917,7;1012,9;917,7;917,2;-3,5;20;20,1;16,4;20,6;19,7;16,6;16,1;12,6;80;77;79;157;3,8;1,2;
2023-12-14;0900;0;918,4;1013,2;918,4;917,7;81,6;21;21,3;17,1;21,4;20,1;17,1;16,2;12,7;79;76;77;153;3,1;1,2;
2023-12-14;1000;0;918,5;1012,8;918,6;918,3;558,8;22;23;18,4;23,1;21,3;18,6;17,1;13,1;77;74;75;111;3,8;1,5;
2023-12-14;1100;0;918,9;1012,4;919;918,5;1418,6;25;25,4;18,9;25,4;23;19,3;18,4;13,4;76;66;67;92;5,5;2,1;
2023-12-14;1200;0;919,2;1012,2;919,3;918,9;2230,8;27;27,1;19;27,6;25,4;19,5;18,2;13,6;67;58;61;84;6,8;2;
2023-12-14;1300;0;919,2;1011,7;919,2;919;2986,8;29;28,6;19,5;29;27;20,5;18,4;13,5;63;55;58;72;5,4;2,2;
2023-12-14;1400;0;918,8;1011;919,2;918,8;3538,1;31;29,5;19,5;30;28,4;20,3;18,3;13,7;60;52;55;47;5,9;3;
2023-12-14;1500;0;918,1;1010;918,8;918,1;3935,9;32;30,1;18,7;31,1;29,5;20,7;18,2;13,3;57;49;50;38;6,3;2,2;
2023-12-14;1600;0;917,5;1009;918;917,5;2878,4;33;31,1;18,3;31,1;29,6;20,6;17,7;13,6;55;45;47;55;6,5;2,1;
2023-12-14;1700;0;917,2;1008,4;917,5;917,1;3207,7;33;32,1;15,4;32,2;30,7;20,2;15,4;13,4;51;37;37;355;5,4;1,5;
2023-12-14;1800;0;916,7;1007,6;917,2;916,7;2841,8;34;32,8;16,6;33,7;31,1;18,9;15,5;13,4;46;35;38;92;5;1,1;
2023-12-14;1900;0;916,2;1007,2;916,7;916,2;2387,4;35;32,5;17,3;32,9;31,3;18,6;15,6;13,5;44;36;40;157;4,9;1,3;
2023-12-14;2000;0;915,7;1007;916,2;915,7;1187,3;35;31,3;17,7;32,6;30,6;18,6;16,1;13,1;49;38;44;29;3,8;1,5;
2023-12-14;2100;0;916;1007,7;916;915,7;727,7;35;30,2;20,8;32,6;30,2;20,9;16,1;12,9;61;38;57;111;2,2;,5;
2023-12-14;2200;0;916,2;1008,4;916,2;916;60;32;28,7;17,7;30,2;28;20,4;17,2;12,8;62;50;52;105;4;1,6;
2023-12-14;2300;0;916,8;1010,2;916,8;916,2;-3,5;29;25,2;18,6;28,6;25,1;19,8;17,2;12,8;71;52;67;166;4;1,1;
2023-12-15;0000;0;917,5;1011,4;917,5;916,8;-2,1;27;23,9;19,5;25,5;23,8;20,2;18,1;12,8;77;64;76;177;2,2;,5;
2023-12-15;0100;0;917,9;1012,3;917,9;917,5;-3,5;25;22,3;19,1;23,8;22,3;19,7;18,8;12,8;82;74;82;152;3;1,4;
2023-12-15;0200;0;918,1;1012,6;918,2;917,9;-3,5;24;22,3;19,4;22,4;21,7;19,6;19,1;12,8;87;82;84;162;3;,6;
2023-12-15;0300;0;918;1012,8;918,2;917,9;-3,5;23;21,4;18,9;23;21,4;19,4;18,5;12,7;86;76;86;138;2,3;1,2;
2023-12-15;0400;0;917,2;1011,8;918;917,2;-3,5;23;21,5;18,2;22;21,1;19;18;12,7;87;79;82;156;2,4;1,4;
2023-12-15;0500;0;916,8;1011,2;917,2;916,8;-3,5;22;22,1;17,4;22,5;21,5;18,2;17,4;12,7;82;74;75;152;2,9;1,7;
2023-12-15;0600;0;916,8;1011,9;916,9;916,7;-3,5;22;20,1;17,2;22,1;20,1;17,4;17,2;12,7;83;75;83;150;2,8;1,7;
2023-12-15;0700;0;917;1011,6;917;916,8;-3,5;21;21,4;17,1;21,4;20;17,2;16,8;12,6;84;76;77;138;3,1;1,6;
2023-12-15;0800;0;918;1012,8;918,1;917;-3,5;22;21,4;17,2;21,9;21,2;17,3;17;12,6;78;74;77;147;3,6;1;
2023-12-15;0900;0;918,9;1013,7;918,9;918;59,9;21;21,4;17,3;21,6;20,4;17,4;17;12,7;81;77;78;140;3,5;1,2;
2023-12-15;1000;0;920;1014,1;920;918,9;698;23;24,1;18,2;24,2;21,3;18,3;17,3;13;78;69;69;120;3,6;1,4;
2023-12-15;1100;0;920,4;1013,6;920,4;919,9;1516;26;26,7;18,6;26,7;24,2;19;17,8;13,3;70;59;61;62;4,3;1,9;
2023-12-15;1200;0;920,4;1013,1;920,5;920,4;2357,5;29;28,5;18,5;28,5;26,7;19,3;17,3;13,6;63;52;55;78;5;1,5;
2023-12-15;1300;0;920,6;1013;920,6;920,4;3029;30;29,2;18,8;29,4;27,8;19;17;13,5;56;48;53;72;5,9;2,2;
2023-12-15;1400;0;919,9;1011,9;920,6;919,9;3524,6;31;30,5;17,3;30,8;29,1;19,2;17;13,5;54;43;45;101;6,2;1,8;
2023-12-15;1500;0;919,4;1011,2;919,9;919,3;3781,3;32;30,8;14,7;31,4;30,1;18,6;14,6;13,2;50;35;38;59;6,9;2,1;
2023-12-15;1600;0;918,7;1010,2;919,4;918,6;3778,4;33;31,6;15,3;31,7;30,8;16,2;13,2;13,5;40;33;37;56;5,5;2;
2023-12-15;1700;0;918;1009,2;918,7;918;3505,9;34;32,2;15,1;32,4;31,2;16,7;13,4;13,4;42;33;36;28;5,5;1,4;
2023-12-15;1800;0;917,7;1009;918;917,6;3037,6;35;31,8;15,7;33,2;31,7;17,1;13,7;13,5;41;33;38;126;5,5;1,8;
2023-12-15;1900;0;917,2;1008,4;917,7;917,2;2034,7;35;32,1;13,8;32,7;31,1;17,5;13,4;13,1;44;32;33;105;3,9;1;
2023-12-15;2000;0;917,2;1008,5;917,3;917,2;1535,5;35;31,9;14,2;32,7;31,4;16,7;13,7;13;41;32;34;60;3,1;1,1;
2023-12-15;2100;0;917,3;1009,6;917,3;917,2;634,2;34;28,6;18,2;32;28,6;19;14,5;12,9;56;34;53;71;3;,5;
2023-12-15;2200;0;918;1011,1;918;917,3;61,5;31;26,5;16,4;28,6;26,4;18,8;15,9;12,8;60;48;54;109;2,6;,8;
2023-12-15;2300;0;918,5;1012,6;918,5;918;-3,5;27;23,6;17,6;26,6;23,6;17,9;16,9;12,8;69;54;69;143;2,5;1,3;
2023-12-16;0000;0;918,9;1013,6;918,9;918,5;-3,5;25;21,9;17,4;23,9;21,4;17,9;17,2;12,8;78;67;75;149;3;2,1;
2023-12-16;0100;0;919,4;1014,3;919,4;918,9;-3,5;23;21,4;16,9;22,2;21,3;17,3;16,9;12,8;76;74;76;139;3;1,8;
2023-12-16;0200;0;919,4;1014,7;919,5;919,4;-3,5;22;20,2;16,6;21,5;20,2;17,1;16,5;12,7;80;75;80;147;2,3;1,3;
2023-12-16;0300;0;919;1014,5;919,4;919;-3,5;22;19,6;16,5;20,5;19,4;16,8;16,3;12,7;82;79;82;147;2,4;1,7;
2023-12-16;0400;0;918,8;1014,5;919;918,8;-3,5;21;19;16,1;20;18,8;16,6;16;12,7;84;80;83;136;2,3;1,1;
2023-12-16;0500;0;918,3;1014;918,8;918,3;-3,5;20;18,8;15,7;19;18,3;16,1;15,4;12,7;85;82;82;153;2,5;2;
2023-12-16;0600;0;918,3;1013,6;918,5;918,2;-3,5;19;19,8;15,8;19,8;17,7;15,9;15,4;12,7;88;78;78;151;3,4;1,7;
2023-12-16;0700;0;918,4;1013,4;918,5;918,3;-3,5;20;20,7;15,6;21;19,8;15,7;15,4;12,6;78;71;73;144;3,7;1,6;
2023-12-16;0800;0;919;1014,2;919;918,4;-3,5;21;20,5;15,7;21,1;20,5;15,7;15,5;12,6;74;71;74;140;4,7;1,3;
2023-12-16;0900;0;919,5;1014,4;919,6;919;45,2;21;21,5;15,9;21,6;20,3;16;15,6;12,6;75;70;71;132;5,8;1,4;
2023-12-16;1000;0;920;1014;920;919,5;697,7;23;24,2;16,6;24,2;21,5;17;15,9;13;71;61;63;104;4,8;2;
2023-12-16;1100;0;920,7;1014,2;920,7;920;1554,2;26;26;15,6;26,5;24,2;17,3;15,6;13,3;63;52;53;62;5,5;2;
2023-12-16;1200;0;921;1014;921;920,7;2362,9;28;27,6;16,5;27,8;25,9;16,8;15,5;13,6;55;47;51;56;7,5;2,2;
2023-12-16;1300;0;920,7;1013,2;921;920,6;3048,1;30;29,1;17,1;29,3;27,5;17,5;15,6;13,5;53;46;48;53;6,1;2,5;
2023-12-16;1400;0;920,4;1012,7;920,7;920,3;3560,3;31;29,5;16,3;29,7;28,5;17,4;15,3;13,5;49;43;45;41;8,6;3,7;
2023-12-16;1500;0;919,8;1011,7;920,4;919,8;3831,4;31;30,8;15,9;31,1;29,2;18;15,4;13,2;47;39;41;65;8,6;1,9;
2023-12-16;1600;0;919,1;1010,7;919,8;919,1;3868,4;32;31,5;15,5;31,6;30,6;17,1;14,6;13,5;45;36;38;68;6,1;1,8;
2023-12-16;1700;0;918,6;1009,8;919,1;918,6;3678,2;33;32,4;15,3;32,4;31,3;17,3;13,6;13,5;43;32;36;45;6,4;2,6;
2023-12-16;1800;0;918;1009,3;918,6;918;3227;34;31,9;15,1;32,8;31,6;16,2;13,5;13,5;38;32;36;43;7,7;2,6;
2023-12-16;1900;0;917,5;1008,9;918;917,5;2384,5;34;31,6;13,2;32,7;31,1;15,9;12,8;13,5;38;31;33;52;7,4;2,4;
2023-12-16;2000;0;917,2;1008,4;917,6;917,2;1724,6;35;32;13,2;32,5;31,3;14,7;10,9;13,1;35;27;32;61;7,4;1,7;
2023-12-16;2100;0;917,2;1009,2;917,2;917,1;828,5;34;29,4;13,5;32;29,4;13,7;11,4;12,9;38;29;38;51;5,3;1,4;
2023-12-16;2200;0;917,4;1011,1;917,4;917,1;82,3;31;24,5;16,9;29,4;24,5;17,1;13,4;12,8;63;37;63;135;3,9;,5;
2023-12-16;2300;0;918,1;1011,9;918,1;917,4;-3,5;27;24,2;15,5;24,7;23,7;17,1;15,4;12,8;65;57;58;159;2,1;1,2;
2023-12-17;0000;0;918,5;1013,3;918,5;918;-3,5;24;21,3;15,7;24,4;21,3;15,8;15,2;12,8;70;57;70;141;2,9;2,1;
2023-12-17;0100;0;918,8;1014,1;918,8;918,5;-3,5;23;20;15,8;21,3;19,9;15,9;15,7;12,8;77;70;77;152;2,6;1,9;
2023-12-17;0200;0;918,8;1014,3;919;918,8;-3,5;21;19,3;15,3;20,2;19,3;15,9;15,3;12,7;79;74;78;146;2,8;1,8;
2023-12-17;0300;0;918,3;1014;918,8;918,3;-3,5;21;18,8;15,2;19,6;18,4;15,4;15,1;12,7;81;77;79;153;2,8;2;
2023-12-17;0400;0;917,8;1013,6;918,3;917,8;-3,5;20;18,2;14,7;19,1;17,9;15,2;14,7;12,7;83;77;80;144;2,7;1,8;
2023-12-17;0500;0;917,4;1013,4;917,8;917,4;-3,5;19;17,7;14,9;18,5;17,7;15;14,8;12,7;84;80;84;154;3,4;1,4;
2023-12-17;0600;0;917,2;1012,4;917,4;917,2;-3,5;19;19,8;14,4;19,9;17,7;15,1;14,4;12,7;84;71;71;149;3,6;2;
2023-12-17;0700;0;917,1;1012,3;917,2;917,1;-3,5;20;19,8;14,9;19,8;19;14,9;14,4;12,6;75;71;74;147;3,5;1,6;
2023-12-17;0800;0;917,6;1012,8;917,6;917,1;-3,5;20;20,1;15,3;20,1;19,5;15,3;14,9;12,6;76;73;74;136;3,3;1,1;
2023-12-17;0900;0;918,3;1013,4;918,3;917,6;45,3;20;20,4;15,5;20,6;19,8;15,5;15,1;12,6;74;72;74;131;4,1;1,5;
2023-12-17;1000;0;918,6;1012,7;918,6;918,3;697,1;22;23,5;16,2;23,6;20,3;16,5;15,5;13;74;63;64;119;3,8;1,5;
2023-12-17;1100;0;918,9;1012,1;918,9;918,6;1570,7;26;26,4;15,6;26,6;23,5;17,1;14,8;13,3;65;49;52;80;4,6;1,9;
2023-12-17;1200;0;919,3;1012;919,3;918,9;2386,3;28;27,9;15,2;28;26,4;16,2;14;13,6;52;43;46;72;5,8;2;
2023-12-17;1300;0;919,6;1012;919,7;919,3;3086,8;30;29;15,7;29,7;27,9;17,3;14,6;13,5;48;41;44;86;7,3;2;
2023-12-17;1400;0;919,3;1011,3;919,6;919,3;3309,1;31;30,1;16,1;30,4;28,5;17,1;13,7;13,5;48;40;43;50;6,9;2,8;
2023-12-17;1500;0;918,7;1010;919,3;918,7;3840,9;32;32,1;13,5;32,1;29,7;16,7;12,6;13,2;45;31;32;38;6;1,8;
2023-12-17;1600;0;918,2;1009,4;918,7;918,2;3886,8;33;32,4;11,6;32,7;31,3;13,8;8,7;13,5;34;24;28;97;6,1;1,7;
2023-12-17;1700;0;917,7;1008,7;918,2;917,7;3738,1;34;32,8;10,2;33,1;32;13;8,7;13,4;30;23;25;129;5,7;1,6;
2023-12-17;1800;0;917,1;1008,1;917,7;917,1;3212,1;35;32,8;8,6;33,4;32,3;12;8,3;13,4;28;22;22;144;4,4;1,3;
2023-12-17;1900;0;916,2;1007,1;917,1;916,2;2529,6;35;32,8;10,3;34;32,4;12,2;8,2;13,6;28;21;25;174;3;,9;
2023-12-17;2000;0;915,6;1006,6;916,2;915,6;1717,4;35;32,3;10,2;33,5;32,1;12,8;9,3;13,1;29;23;26;116;3,2;1,3;
2023-12-17;2100;0;915,7;1007,8;915,8;915,5;608,5;34;28,7;17,5;32,4;28,7;18;9,9;12,9;51;25;51;190;2,1;,7;
2023-12-17;2200;0;916;1008,5;916;915,7;151,2;31;27,7;16;29,4;27,1;18,3;15,6;12,8;55;45;49;149;2,4;1,5;
2023-12-17;2300;0;916,3;1009,4;916,3;916;-3,5;29;26;15,7;27,7;25,9;17,3;15,7;12,8;58;49;53;128;4;1,5;
2023-12-18;0000;0;916,5;1009,9;916,5;916,3;-3,5;27;24,9;14,8;26,2;24,9;15,6;14,7;12,8;54;49;54;102;4,5;,5;
2023-12-18;0100;0;917,1;1010,9;917,2;916,5;-3,5;26;24;15,9;24,9;23,6;15,9;15,1;12,8;60;54;60;77;3,3;,9;
2023-12-18;0200;0;917,1;1010,8;917,2;917,1;-3,2;25;24,2;15,2;24,2;23,2;16,2;15;12,8;62;57;57;107;3,7;1;
2023-12-18;0300;0;916,7;1010,7;917,1;916,6;-2,7;25;23,3;14,9;24,2;23,2;15,6;14,7;12,7;62;56;59;124;2,4;1;
2023-12-18;0400;0;916,6;1010,6;917,1;916,6;-2,4;24;23,2;14,4;23,9;22,9;15,4;13,8;12,7;62;54;58;176;5,5;2,1;
2023-12-18;0500;0;916,1;1010,4;916,6;916,1;-3,3;24;22,1;15,6;23,2;22,1;15,6;14,3;12,7;67;58;67;128;3,4;1,3;
2023-12-18;0600;0;916,1;1010,3;916,1;915,8;-2,5;23;22,5;14,8;22,9;21,8;15,5;14,6;12,7;67;60;62;152;4,9;2,1;
2023-12-18;0700;0;916,3;1010,4;916,4;916;-2,5;23;22,7;15,3;22,7;21,8;15,5;14,8;12,7;68;61;63;126;4,4;1,5;
2023-12-18;0800;0;917,3;1011,5;917,3;916,3;-1,7;23;22,8;15,1;23,1;21,7;15,7;14,9;12,6;68;61;62;179;7;2,8;
2023-12-18;0900;3,6;917,5;1012,9;917,8;917,3;2,4;22;19,2;17,8;22,8;19;17,8;15,2;12,6;92;62;92;109;7,9;1,3;
2023-12-18;1000;1;916,8;1011,9;917,5;916,8;234,2;21;20;18,5;20;19,1;18,6;17;13,1;94;84;91;160;4,3;2,1;
2023-12-18;1100;0;916,7;1010,8;916,8;916,6;905,3;22;22,8;18,7;22,8;20;19;17,8;13,4;91;77;78;119;4,3;1,5;
2023-12-18;1200;0;916,7;1010,1;916,8;916,6;1672,1;25;25,2;18,6;25,2;22,8;19,7;18,2;13,8;79;67;67;121;3,5;1,5;
2023-12-18;1300;0;916,1;1008,7;916,7;916,1;2237,3;27;27,2;18,9;27,2;25,1;19,8;17,6;13,6;70;58;61;78;4,3;1,6;
2023-12-18;1400;0;915,6;1007,7;916,2;915,6;3499,8;29;28,6;18,7;28,6;27,2;19,7;16,8;13,6;62;50;55;71;4,6;1,7;
2023-12-18;1500;0;914,8;1006,4;915,6;914,8;3741,6;31;30;17,4;30,2;28,7;19,3;16,3;13,1;56;44;47;73;4,6;1,9;
2023-12-18;1600;0;914,2;1005,2;914,8;914,2;3442;32;31,6;17,2;31,8;30;19,1;15,8;13,2;50;39;42;333;3,8;,8;
2023-12-18;1700;0;913,8;1005;914,2;913,8;2365,4;33;31,1;16,3;32,1;30,2;18,4;14,9;13,1;48;38;41;300;4;1,6;
2023-12-18;1800;0;913,4;1005,8;913,8;913,4;2297,6;32;27,2;18,6;31,1;26,9;19,4;16,1;13,5;61;40;60;358;9,1;4,6;
2023-12-18;1900;0;913,7;1006,1;913,7;913,2;2520,3;31;27,2;16,6;28,1;26,5;18,9;16,6;13,1;61;52;52;17;9,1;2,6;
2023-12-18;2000;0;913,1;1005,5;913,8;913,1;883;30;27;18,5;27,2;26;18,9;16,7;13,8;64;52;60;328;5,4;2,4;
2023-12-18;2100;0;912,8;1005,5;913,2;912,6;1126,6;30;26,1;18,5;27,8;26,1;18,9;17;12,9;64;54;63;139;4,5;,8;
2023-12-18;2200;0;914,2;1007,5;914,2;912,8;56,9;28;24,7;17,6;26,1;24,6;19,5;17,6;12,8;73;61;65;216;8,5;5,2;
2023-12-18;2300;0;914,7;1008,3;914,7;914,1;-2,7;26;23,8;18,1;24,6;23,5;18,1;17,2;12,8;71;65;71;120;8,4;2,5;
2023-12-19;0000;0;914,3;1008,5;914,8;914,3;-3,1;25;21,9;19,1;23,8;21,9;19,1;18,2;12,8;84;71;84;113;6,8;1,1;
2023-12-19;0100;0;914,5;1009;914,5;914,2;-3,5;23;21,1;20,1;21,9;21;20,1;18,9;12,8;94;83;94;226;2,4;,8;
2023-12-19;0200;0;914,7;1009,4;914,8;914,5;-3,5;22;20,4;19,5;21;20,4;20;19,3;12,7;94;93;94;115;2,5;1,1;
2023-12-19;0300;0;914,2;1009,1;914,7;914,1;-3,5;21;19,7;19,1;20,4;19,7;19,5;19;12,7;96;94;96;126;1,9;1;
2023-12-19;0400;0;914,1;1009;914,2;913,8;-3,4;21;19,7;19;19,7;19,4;19,1;18,8;12,7;97;95;95;150;3,8;2,1;
2023-12-19;0500;0;913,8;1008,8;914,1;913,7;-3,5;21;19,5;18,1;20;19,4;19;18,1;12,7;95;91;91;154;3,9;1,6;
2023-12-19;0600;0;913,7;1009;913,8;913,6;-3,5;20;18,5;17,7;19,7;18,5;18,2;17,6;12,7;95;91;95;147;2,7;,9;
2023-12-19;0700;0;914,3;1009,7;914,3;913,7;-3,3;20;18,3;17,7;18,6;18,2;17,9;17,5;12,6;97;95;97;58;3,5;,7;
2023-12-19;0800;0;914,4;1009,9;914,5;914,3;-3,4;19;18;17,6;18,4;17,7;17,9;17,2;12,6;97;97;97;150;1,7;,4;
2023-12-19;0900;0;914,9;1010,6;914,9;914,4;44,7;19;17,7;17,2;18,3;17,5;17,8;17;12,6;97;97;97;143;2,9;1,3;
2023-12-19;1000;0;915,3;1009,6;915,4;914,8;642,1;20;22;17,9;22;17,7;18,8;17,2;13;97;78;78;6;3,1;,6;
2023-12-19;1100;0;915,2;1008,7;915,3;915;1460,3;24;24,4;18,8;24,4;22;19,3;17,9;13,4;80;70;71;115;3,1;1,3;
2023-12-19;1200;0;915,2;1008,1;915,4;915,2;2180,4;26;26;19;26,2;24,4;19,7;17,7;13,7;72;63;65;75;6;1,8;
2023-12-19;1300;0;915,2;1007,7;915,4;915,2;2966,4;28;27,3;19,5;27,7;25,2;19,8;18,2;13,7;68;59;62;63;5;1,5;
2023-12-19;1400;0;914,9;1007,2;915,2;914,9;3534,1;30;27,9;19,2;28,5;26,9;19,8;18,3;13,6;63;56;59;103;5,8;2;
2023-12-19;1500;0;914,4;1006,3;914,9;914,4;2941,7;31;29;18,1;29,6;27,8;20,6;18,1;13,3;61;52;52;357;5,2;1,1;
2023-12-19;1600;0;913,7;1005,2;914,4;913,7;3047,1;32;30,1;18,4;30,5;28,8;20,6;17,7;13,5;59;48;50;22;3,9;1,6;
2023-12-19;1700;0;912,7;1004;913,7;912,7;3296,5;33;30,4;18,9;31,2;29,6;19,8;17;13,5;53;45;50;172;5,5;1,1;
2023-12-19;1800;0;911,7;1002,4;912,7;911,7;3201,8;34;31,8;16,9;32,1;30,3;18,4;16;13,2;50;40;41;83;2,7;1,2;
2023-12-19;1900;0;911,2;1002,2;911,7;911,2;1588,5;33;30,8;18,8;31,8;30,1;18,8;16;13,6;50;40;49;185;4,8;2,6;
2023-12-19;2000;0;911,3;1003;911,4;911,1;1125,2;32;28,5;17,7;30,9;28,5;18,9;16,4;13,1;53;43;52;179;6;1,8;
2023-12-19;2100;0;911,3;1003;911,3;911,1;719,9;31;28,5;16,7;29,4;28,5;19;16,4;12,9;54;47;49;172;3,3;1,5;
2023-12-19;2200;0;911,7;1004,3;911,7;911,3;130,4;30;26;18;28,6;26;18,3;16,7;12,8;62;49;62;123;4,6;1;
2023-12-19;2300;0;912,4;1005,6;912,4;911,7;-3,5;27;24,4;18,1;26;24,1;18,9;17,7;12,8;71;61;68;141;2,5;1;
2023-12-20;0000;0;913,2;1007,1;913,2;912,4;-3,5;25;22,4;18,1;24,4;22,4;18,8;17,7;12,8;77;68;77;143;2,3;1,1;
2023-12-20;0100;0;914;1008,4;914;913,2;-3,5;23;21,3;18;22,4;21,3;18,3;17,7;12,8;83;77;82;153;2,5;1,4;
2023-12-20;0200;0;914,1;1008,7;914,2;914;-3,5;23;20,6;17,7;21,5;20,5;18;17,6;12,8;85;80;84;148;2,2;1,5;
2023-12-20;0300;0;913,9;1008,7;914,1;913,9;-3,5;22;19,9;17,4;20,7;19,5;17,8;17,3;12,7;90;82;85;162;2,5;1,1;
2023-12-20;0400;0;913,6;1007,9;913,9;913,6;-2,9;21;21,3;16,7;21,3;19,8;17,3;16,7;12,7;85;75;75;157;2,4;1,5;
2023-12-20;0500;0;913,2;1007,3;913,6;913;-1,9;22;21,9;16,9;22;21,1;17,1;16,6;12,7;78;73;73;140;3,7;1,4;
2023-12-20;0600;0;913,3;1007,3;913,3;913,1;-2,7;22;22,1;17,3;22,5;21,6;17,3;16,9;12,7;76;71;74;125;6,4;1,8;
2023-12-20;0700;0;913,8;1008,1;913,8;913,3;-3,5;22;21,6;16,9;22,1;21,5;17,2;16,9;12,6;76;74;75;127;6,4;1,6;
2023-12-20;0800;0;914,3;1008,8;914,3;913,8;-3,5;22;20,9;16,5;21,6;20,9;16,9;16,5;12,6;77;74;76;135;4,2;1,8;
2023-12-20;0900;0;914,9;1009,6;914,9;914,3;49,9;21;20,5;16,5;20,9;20,4;16,5;16,4;12,7;78;76;78;135;4,9;2,1;
2023-12-20;1000;0;915,3;1009,5;915,4;914,9;597,5;22;22,3;16,7;22,3;20,5;16,8;16,4;13,1;78;70;71;127;7,2;3,2;
2023-12-20;1100;0;916,1;1009,7;916,1;915,3;1455,6;24;24,2;16,8;24,3;22,3;17,2;16,6;13,4;71;63;63;106;8,1;2,6;
2023-12-20;1200;0;916,6;1009,9;916,6;916,1;2255,5;26;25,3;18,2;25,6;24,2;18,3;16,4;13,7;65;59;65;70;8,7;2,5;
2023-12-20;1300;0;916,5;1009,5;916,7;916,5;2738,3;28;26,2;17,5;26,6;25,1;18,6;16,7;13,7;65;58;59;92;8,1;2,9;
2023-12-20;1400;0;915,9;1008,2;916,5;915,9;3456,4;29;28,1;18,4;28,5;25,9;18,9;16,9;13,8;61;52;55;75;7,5;2,1;
2023-12-20;1500;0;915,4;1007,6;915,9;915,4;3623,5;30;28,5;18,2;28,8;27,5;19,1;16,9;13,2;58;51;54;54;6,5;2,9;
2023-12-20;1600;0;915;1006,9;915,4;915;3580;31;29,1;17,5;29,6;27,8;19;16,5;13,5;54;47;50;50;6,6;3;
2023-12-20;1700;0;914,7;1006,3;915,1;914,7;3451,6;32;30,1;16,8;30,6;28,2;18,9;15,9;13,5;54;43;45;76;6,5;2,1;
2023-12-20;1800;0;913,9;1005,2;914,7;913,9;3036,3;33;30,7;17,5;30,7;29,1;19;15,2;13,5;52;41;45;36;5,8;2;
2023-12-20;1900;0;913,5;1005;913,9;913,5;2099,2;33;30,1;17,4;31;29,5;18,5;15,1;13,5;48;41;47;70;5,5;2,2;
2023-12-20;2000;0;913,1;1004,6;913,5;913,1;1586,8;33;29,8;16,5;31;29,2;17,9;15,5;13,1;48;41;45;84;5,5;1,5;
2023-12-20;2100;0;913,4;1005,4;913,4;913;694,3;32;28,2;15,6;30,1;28,2;16,7;14,8;12,9;47;42;46;122;3,8;,9;
2023-12-20;2200;0;914,2;1007,2;914,2;913,4;110,5;29;25,6;16,9;28,2;25,4;17,3;15,6;12,8;60;46;59;175;3;,7;
2023-12-20;2300;0;915;1008,9;915;914,1;-3,5;26;22,9;17,7;25,6;22,9;17,9;16,6;12,8;72;58;72;159;2,2;,8;
2023-12-21;0000;0;915,8;1009,8;915,8;915;-3,5;25;22,9;16,6;23,7;22,7;17,5;16,4;12,8;73;65;68;155;3;1,1;
2023-12-21;0100;0;916,6;1010,9;916,6;915,8;-3,5;24;22,4;16,8;22,9;22;17,5;16,6;12,8;76;67;70;158;2,5;1,2;
2023-12-21;0200;0;916,7;1011,2;916,9;916,6;-3,5;23;21,8;16,8;22,4;21,7;16,9;16,7;12,8;74;70;73;143;2,6;1,3;
2023-12-21;0300;0;916,7;1011,1;916,9;916,7;-3,5;22;21,9;16,6;21,9;21;16,8;16,5;12,7;75;72;72;147;2,5;1,5;
2023-12-21;0400;0;916,5;1011,3;916,7;916,5;-3,3;22;20,7;16,5;21,9;20;16,8;16,4;12,7;81;72;77;153;2,6;1;
2023-12-21;0500;0;915,9;1011,4;916,5;915,9;-3,5;21;18,7;16,9;20,7;18,7;17;16,5;12,7;89;77;89;151;2;1;
2023-12-21;0600;0;916,1;1011,5;916,1;915,9;-3,5;20;19;17,3;19,1;18,3;17,5;16,9;12,7;93;88;90;144;2,6;1,2;
2023-12-21;0700;0;916,3;1011,4;916,3;916;-3,3;20;19,9;16,7;20;18,9;17,2;16,6;12,6;90;81;82;141;2,9;,7;
2023-12-21;0800;0;916,9;1012;916,9;916,2;-3,5;20;19,9;16,9;19,9;19,2;16,9;16,4;12,6;85;82;83;146;2,3;1,1;
2023-12-21;0900;0;917,7;1012,9;917,7;916,9;54,3;20;20,1;17,3;20,1;19,4;17,6;16,9;12,7;89;82;84;148;1,8;,9;
2023-12-21;1000;0;918,3;1012,5;918,3;917,7;662,9;22;23,2;18,7;23,5;20,1;19,2;17,3;13,3;84;75;76;46;2,6;1,4;
2023-12-21;1100;0;918,7;1012,4;918,8;918,3;1141,1;25;24,7;18,8;24,8;23,1;19,2;18,4;13,4;77;68;70;59;4,4;2,1;
2023-12-21;1200;0;919,3;1012,9;919,3;918,7;2056,5;27;25,4;18,5;26,7;24,3;19,9;17,9;13,7;73;62;66;37;6,6;3,3;
2023-12-21;1300;0;919,5;1012,6;919,5;919,3;2410,1;28;26,9;18,5;27,6;25,4;19,9;17,9;13,8;67;57;60;53;6,4;2,8;
2023-12-21;1400;0;919,1;1012,2;919,5;919,1;2650,5;30;26,7;17,6;28,4;26,7;19,9;17;13,3;64;54;57;40;6,6;3,3;
2023-12-21;1500;0;918,4;1010,9;919,1;918,4;2236;30;28,2;17,3;28,8;26,7;19,2;16,7;13,3;61;50;51;34;6,6;3,4;
2023-12-21;1600;0;917,5;1009,4;918,4;917,5;3787,7;31;30,1;18,5;30,8;27,9;18,9;16,6;13,5;57;45;50;74;6,6;1,7;
2023-12-21;1700;0;916,8;1008,7;917,5;916,8;2312,3;32;29,8;15,7;30,9;29,1;18,6;15,6;13,3;50;42;43;38;6,5;1,8;
2023-12-21;1800;0;916;1007,9;916,8;916;2191,9;33;29,5;16,4;31,9;29,3;17,9;14,9;13,6;48;39;45;27;4,5;2,1;
2023-12-21;1900;0;915,6;1007,8;916;915,5;1784,6;32;28,4;19;30,2;27,1;19,5;16,3;13,1;61;44;57;336;7,3;2,3;
2023-12-21;2000;0;915,2;1007,1;915,6;915,2;1544;33;29,3;17,4;30,2;28,4;19,2;16,5;13,1;58;44;49;5;4,5;2,7;
2023-12-21;2100;0;915,6;1007,6;915,6;915,1;731,4;32;29;17,3;29,6;28,8;18,1;16,6;12,9;51;46;49;313;4,5;1,1;
2023-12-21;2200;0;916,1;1009,2;916,1;915,6;132,3;31;25,8;18,8;29;25,6;21,1;17,4;12,8;67;50;65;125;2,5;1,1;
2023-12-21;2300;0;917,1;1010,8;917,1;916,1;-3,5;27;24,2;18,8;25,9;24,2;19;18,6;12,8;72;65;72;149;2,5;1;
2023-12-22;0000;0;917,9;1012,4;917,9;917,2;-3,5;25;22,2;18,8;24,2;22,2;19;18,6;12,8;81;72;81;155;2,8;1;
2023-12-22;0100;0;919,2;1013,4;919,2;918;-3,3;24;23,3;18,4;23,4;22;19,2;18,4;12,8;83;74;74;308;3,3;1,4;
2023-12-22;0200;0;919,2;1013,6;919,4;919,2;-3,5;24;22,7;18,9;23,9;22,7;19;18,3;12,8;79;71;79;309;6,1;2,1;
2023-12-22;0300;0;918,7;1013,4;919,2;918,7;-3,5;23;21,8;19,1;22,7;21,5;19,3;18,8;12,7;87;79;85;276;4,5;2,9;
2023-12-22;0400;0;918,5;1013,7;918,7;918,5;-3,5;23;20,3;19,1;22;20,3;19,2;18,7;12,7;92;82;92;209;4,2;,5;
2023-12-22;0500;0;918,1;1013,4;918,5;918;-3,4;22;19,8;19,1;20,6;19,8;19,5;19;12,7;96;92;96;128;1,6;,7;
2023-12-22;0600;0;918,1;1013,5;918,4;918,1;-3,2;21;19,4;18,8;19,9;19,4;19,3;18,8;12,7;96;96;96;204;2;1,1;
2023-12-22;0700;0;918,9;1014,3;918,9;918,1;-2,1;21;19,8;19,2;19,8;19,4;19,3;18,8;12,7;97;96;96;138;1,6;,4;
2023-12-22;0800;0;918,9;1014,2;919;918,8;-2;21;20,1;19,4;20,3;19,8;19,6;19,2;12,6;96;95;96;159;2;1,2;
2023-12-22;0900;0;919,6;1014,8;919,6;918,9;16,4;21;20,7;19,7;20,7;20,1;19,8;19,4;12,6;96;94;94;130;1,6;,6;
2023-12-22;1000;0;920,6;1015,6;920,6;919,6;187,1;22;21,5;20;21,5;20,3;20,1;19,4;13,1;95;91;91;161;1,5;,8;
2023-12-22;1100;0;920,9;1015,3;920,9;920,6;616;23;23,4;19,4;23,5;21,5;20,3;19,4;13,3;91;78;78;319;3,1;1,7;
2023-12-22;1200;0;921,1;1015,1;921,1;920,9;1100,1;25;24,5;19,1;24,5;23,4;19,8;18,7;13,7;80;72;72;328;4,8;2,3;
2023-12-22;1300;0;920,7;1014,5;921,1;920,7;1257,4;26;25,1;19,2;25,2;23,9;19,5;18,6;13,7;74;69;70;309;6,2;2,5;
2023-12-22;1400;0;920,4;1013,8;920,7;920,4;2126,1;28;26,2;19,3;27;25,1;20,2;18,2;13,8;71;63;66;279;6,3;3,7;
2023-12-22;1500;0;919,8;1012,5;920,4;919,8;2409,1;29;28,3;19,4;28,4;26,2;20,1;18;13,5;67;57;59;271;6,3;3,6;
2023-12-22;1600;0;919,2;1012,5;919,9;919,1;2151,1;30;26,1;18;28,4;26,1;20,7;17,9;13,2;67;57;61;314;6,4;3,2;
2023-12-22;1700;0;918,5;1011,5;919,2;918,4;2442,9;31;26,7;19,4;28,8;25,7;20,2;17,7;13,1;65;55;65;195;6,4;2;
2023-12-22;1800;0;917,8;1011;918,5;917,8;1120,3;28;25,9;20,6;26,8;25,2;20,9;19,6;13,1;77;65;73;199;7,4;2,1;
2023-12-22;1900;,6;917,3;1010,7;918,1;917,3;870,2;27;25,2;20,9;25,9;24;21,9;19,4;13;83;70;77;112;6;,8;
2023-12-22;2000;3,2;918,6;1013,6;918,6;917,1;419,5;26;20,8;19,9;26,2;20,8;21,4;18,8;12,9;94;69;94;280;10,1;4,5;
2023-12-22;2100;8;918,7;1013,7;918,8;918,3;165,4;23;20,8;20,2;21,2;20,8;20,6;19,9;13,1;97;94;96;125;8;1,7;
2023-12-22;2200;9,4;919,3;1014,5;919,3;918,7;38,4;22;20,4;19,9;20,8;20,4;20,1;19,8;12,8;97;95;97;153;5,2;2,1;
2023-12-22;2300;1,4;918,7;1013,8;919,3;918,7;-1;22;20,6;19,8;20,7;20,4;20,1;19,8;12,8;97;95;95;123;4,5;1,5;
2023-12-23;0000;0;918,5;1013,7;918,7;918,5;-2,1;22;20,3;19,6;20,7;20,3;19,8;19,6;12,8;96;94;96;137;3,4;1,4;
2023-12-23;0100;0;919,1;1014,4;919,1;918,5;-3,1;21;20;19,5;20,3;19,9;19,6;19,3;12,7;97;96;97;142;3,5;1,6;
2023-12-23;0200;0;919,6;1015;919,7;919,1;-2,9;21;19,9;19,4;20,1;19,9;19,5;19,4;12,7;97;96;97;130;3,9;1,5;
2023-12-23;0300;0;919;1014,4;919,6;919;-2,4;21;19,8;19,3;20;19,8;19,5;19,3;12,7;97;97;97;134;3;,8;
2023-12-23;0400;0;918,4;1013,8;919;918,4;-2,2;21;19,6;19,2;19,9;19,6;19,4;19,2;12,7;97;97;97;150;2,5;1,2;
2023-12-23;0500;,2;918,4;1013,7;918,6;918,3;-2;21;19,9;19,4;20;19,6;19,5;19,1;12,7;97;97;97;130;2,8;1,1;
2023-12-23;0600;0;918,4;1013,6;918,6;918,4;-,5;21;20,2;19,7;20,2;19,9;19,8;19,4;12,7;97;97;97;124;2,1;,9;
2023-12-23;0700;2,2;918,5;1013,7;918,5;918,3;-,4;21;20,2;19,7;20,2;20,1;19,7;19,6;12,6;97;97;97;150;3;1,4;
2023-12-23;0800;59,2;919,4;1014,8;919,5;918,5;-,3;21;19,8;19,4;20,2;19,8;19,7;19,4;12,6;97;97;97;151;5,8;2,2;
2023-12-23;0900;34,4;920,2;1015,7;920,2;919,3;,2;21;19,8;19,3;19,8;19,8;19,4;19,3;12,6;97;97;97;54;4,1;1;
2023-12-23;1000;6,4;920,7;1016,4;920,7;920;5,7;21;19,4;18,9;19,8;19,2;19,3;18,8;12,6;97;97;97;306;3,4;1;
2023-12-23;1100;2,6;921,5;1017,4;921,5;920,7;27,3;20;19;18,6;19,4;18,9;18,9;18,5;12,6;97;97;97;295;3,7;2,5;
2023-12-23;1200;1,6;921,5;1017,3;921,7;921,4;114,1;20;19,3;18,9;19,4;19;18,9;18,6;13;97;97;97;329;4,8;,7;
2023-12-23;1300;1;921,1;1016,8;921,5;920,9;402,1;21;19,5;19;19,8;19,3;19,4;18,9;13,1;97;97;97;319;4,9;2,5;
2023-12-23;1400;,2;921,1;1016,6;921,4;921;702,9;21;20;18,8;20,3;19,4;19,7;18,8;13,2;97;93;93;276;5;2,5;
2023-12-23;1500;,6;920;1015,2;921,1;920;474,7;21;20,6;19,6;20,7;19,8;20;18,8;13,5;96;93;94;200;4,2;1,4;
2023-12-23;1600;,2;919,8;1014,1;920;919,6;2176,1;23;23,4;19,7;23,4;20,6;20,8;19;13,8;94;79;80;110;3,7;1,5;
2023-12-23;1700;0;918,7;1012,2;919,8;918,7;2837,4;26;25,3;19,6;25,4;23,4;20,6;18,9;14;83;69;71;235;3,6;1,5;
2023-12-23;1800;0;917,4;1010,4;918,7;917,3;3041,1;28;26,4;18,8;26,9;25,2;20,6;18,2;13,8;73;60;63;347;4,8;2,1;
2023-12-23;1900;0;917,4;1010,8;917,7;917,1;1352,8;29;25,4;19,4;28,3;25,3;20,5;18,4;13,3;72;59;69;324;5,3;1,3;
2023-12-23;2000;0;917,6;1011,3;917,8;917,4;499,9;27;24,3;19,3;25,4;24,1;19,8;19,1;13,2;76;69;73;311;3,2;1,8;
2023-12-23;2100;0;917,4;1011,4;917,8;917,3;320,7;26;23,4;19,3;24,4;23,3;19,5;17,9;13;79;67;78;357;3,1;1;
2023-12-23;2200;0;918,6;1013,3;918,6;917,2;64,8;25;21,7;20,5;23,4;21,7;20,7;19,1;12,8;93;77;93;162;3,1;1;
2023-12-23;2300;0;919;1013,9;919,1;918,6;-3,5;23;21,3;20,3;22,2;21,2;20,4;19,1;12,8;95;84;94;32;3,1;,7;
2023-12-24;0000;0;919,5;1014,4;919,5;919;-1,9;23;21,4;20;21,7;21,2;20,6;20;12,8;94;91;92;304;3,5;1,4;
2023-12-24;0100;0;919,4;1014,6;919,7;919,4;-2,5;22;20,4;19,8;21,4;20,3;20,1;19,8;12,8;97;91;97;38;5,1;1,3;
2023-12-24;0200;0;919,4;1014,6;919,7;919,4;-3,4;22;20,5;19,8;20,6;20,3;19,9;19,8;12,8;97;95;95;154;2,3;1,1;
2023-12-24;0300;0;918,6;1013,8;919,4;918,6;-3,3;22;20,4;19,8;20,8;20,4;20;19,8;12,7;96;95;96;150;2,9;1,3;
2023-12-24;0400;0;918,2;1013,3;918,6;918;-2,5;22;20,3;19,7;20,7;20,3;20;19,6;12,7;97;96;97;350;4,3;1,7;
2023-12-24;0500;0;917,4;1012,6;918,2;917,4;-2,6;21;20;19,5;20,4;20;19,9;19,5;12,7;97;97;97;312;2,5;1,2;
2023-12-24;0600;0;917,3;1012,6;917,4;917;-3,2;21;19,6;19,1;20,1;19,6;19,6;19,1;12,7;97;97;97;258;1,9;,4;
2023-12-24;0700;0;917,7;1013,1;917,7;917,3;-3;21;19,5;19,1;19,6;19,4;19,1;18,9;12,7;97;97;97;11;2,6;,9;
2023-12-24;0800;0;918,7;1014,3;918,7;917,7;-3,1;20;19,2;18,8;19,6;19,1;19,1;18,7;12,6;97;97;97;123;1,8;1;
2023-12-24;0900;0;919,7;1015,2;919,7;918,7;36,7;20;19,7;19,3;19,7;19,2;19,3;18,8;12,7;97;97;97;146;2,4;,8;
2023-12-24;1000;0;919,8;1014,4;919,8;919,7;677,1;22;22,5;19,4;22,6;19,7;20,7;18,8;13,1;97;83;83;87;2,5;1;
2023-12-24;1100;0;920,2;1014,3;920,3;919,8;1480,5;24;24,1;19,7;24,1;22;19,8;18,5;13,4;84;72;77;88;3,4;1,2;
2023-12-24;1200;0;920,3;1014,1;920,4;920,2;2324;27;25,1;18,8;25,3;24;19,7;18,1;13,8;76;67;68;123;3;1,3;
2023-12-24;1300;0;920,5;1013,9;920,5;920,2;2864,5;29;26,3;19;26,3;24,9;20;17,9;13,8;71;63;64;326;3,6;1,7;
2023-12-24;1400;0;920,3;1013,4;920,6;920,3;2473,8;29;27,1;20;27,1;25,4;20,2;18;13,7;69;61;65;257;5,5;2,6;
2023-12-24;1500;0;919,6;1012,4;920,3;919,6;2832,2;30;27,7;18,3;27,8;26,1;20,4;17,3;13,4;67;54;56;263;5,6;3;
2023-12-24;1600;0;918,8;1011,4;919,7;918,8;3463,5;30;28,3;18,2;28,3;26,8;20;17,8;13,6;63;54;54;250;6,2;2,8;
2023-12-24;1700;0;918,2;1010,6;918,8;918,2;3807;31;28,5;16,9;29,2;28,2;19,3;16,9;13,1;57;49;49;268;6,3;3,3;
2023-12-24;1800;0;917,9;1010;918,2;917,8;3084,3;32;29,3;17,5;29,8;28,1;19,3;16,4;13,6;56;45;49;269;6,1;3,1;
2023-12-24;1900;0;917,4;1009,9;917,9;917,4;1871,5;31;28,1;18,4;29,3;28,1;18,7;16,3;13,1;56;46;56;267;6,6;3;
2023-12-24;2000;0;917,5;1010,2;917,7;917,4;1403,3;31;27,6;18;29,3;27,6;19,8;17,7;13,1;57;52;56;276;7,1;4,4;
2023-12-24;2100;0;917,5;1010,2;917,5;917,2;944,8;30;27,3;18,4;28,3;27,2;18,9;18;13;60;55;58;281;6,8;3,2;
2023-12-24;2200;0;918;1011,6;918,1;917,5;160,3;28;24,8;19,9;27,3;24,8;20,2;18,3;12,8;75;58;74;262;5,5;1,1;
2023-12-24;2300;0;918,9;1013,2;918,9;918;-3,5;26;22,9;19,9;24,8;22,8;20,5;19,5;12,8;86;73;83;342;2,5;,6;
2023-12-25;0000;0;919,5;1014,3;919,5;918,9;-3,5;24;21,7;19,3;23,6;21,7;20,6;19;12,8;89;77;86;254;1,5;,9;
2023-12-25;0100;0;919,9;1015,1;919,9;919,5;-3,5;23;20,6;19,8;21,8;20,6;20,2;19,3;12,8;96;86;95;176;1,7;,7;
2023-12-25;0200;0;920,4;1015,8;920,5;919,9;-3,5;22;20,1;19,4;20,8;20,1;20,3;19,4;12,8;97;95;96;141;2,1;1;
2023-12-25;0300;0;920,1;1015,6;920,5;920,1;-3,3;21;19,7;19,2;20,2;19,6;19,6;19,1;12,7;97;96;97;182;2,3;,8;
2023-12-25;0400;0;919,5;1015,1;920,1;919,5;-3,4;21;19,4;19;19,9;19,2;19,4;18,7;12,7;97;97;97;191;1,6;,9;
2023-12-25;0500;0;919;1014,7;919,6;919;-3,4;20;18,9;18,5;19,6;18,8;19,1;18,3;12,7;97;97;97;94;1,9;,5;
2023-12-25;0600;0;919;1014,9;919;918,8;-3,4;20;18,2;17,8;19,1;18,2;18,7;17,8;12,7;97;97;97;163;1,6;1;
2023-12-25;0700;0;919,5;1015,5;919,6;919;-3,3;19;18,1;17,7;18,5;17,9;18,1;17,5;12,7;98;97;98;145;2,1;1;
2023-12-25;0800;0;919,6;1015,6;919,6;919,4;-2,9;19;18,2;17,7;19;18,1;18,6;17,7;12,6;98;97;97;144;2,5;1,4;
2023-12-25;0900;0;919,6;1015,5;919,7;919,5;34;19;18,5;18;19,1;18,1;18,7;17,6;12,7;97;96;97;157;2,4;1,3;
2023-12-25;1000;0;919,5;1014,1;919,8;919,5;672,1;21;22,2;19,3;22,2;18,5;19,6;18,1;13;97;83;84;126;3,3;1,7;
2023-12-25;1100;0;919,6;1013,3;919,6;919,3;1554,8;24;25;20,1;25;22,2;20,5;19,3;13,4;84;73;74;118;5,2;1,8;
2023-12-25;1200;0;919,7;1012,9;919,7;919,5;2349,6;27;26,7;19,5;26,9;25;20,7;19;13,6;76;62;65;53;null;2;
2023-12-25;1300;0;919,4;1012,2;919,7;919,4;2972,3;30;27,8;19,7;29;26,7;21,4;19,3;13,4;66;58;61;49;4,6;2;
2023-12-25;1400;0;919,1;1011,4;919,4;919;3274,9;31;29,1;18,4;29,4;27,4;20,5;17,8;13,5;66;51;52;4;5,6;3;
2023-12-25;1500;0;919;1010,9;919,3;919;3043,6;32;30,3;19,7;30,4;28,5;20,6;17,6;13,6;60;48;53;null;null;null;
2023-12-25;1600;0;918,7;1010,5;919,1;918,7;3204,3;33;30,6;18,8;30,7;29,4;20,2;16,9;13,4;56;44;49;334;6,8;2,7;
2023-12-25;1700;0;917,7;1009,2;918,7;917,7;3085,8;33;31,4;19,4;31,4;29,4;20,8;17,4;13,4;55;46;49;282;null;3,2;
2023-12-25;1800;0;916,8;1008,2;917,7;916,8;2781,9;33;31,4;19,3;31,7;30,2;20,2;17,2;13,3;53;45;49;null;null;null;
2023-12-25;1900;0;917,3;1010,8;917,3;916,8;1111,2;31;25;18,5;31,8;24,4;20,3;16,5;13;67;46;67;275;12,1;2,6;
2023-12-25;2000;19,6;918,6;1013,8;919;916,7;154,6;25;20,3;19;24,9;20,3;20,7;18;12,9;95;67;93;52;11,8;2,3;
2023-12-25;2100;28,4;918,6;1013,9;919,2;918,4;18,4;22;20;18,5;20,5;19,6;19,6;18,4;12,8;97;88;91;210;8,4;3,2;
2023-12-25;2200;,2;918,7;1014,1;918,8;918,4;39,5;21;19,8;18,9;20,1;19,7;19,1;18,5;12,8;95;91;95;180;6,5;1,6;
2023-12-25;2300;0;919;1014,4;919,4;918,7;-1,3;21;19,9;19,3;20,2;19,8;19,4;18,9;12,8;97;94;97;101;6,3;1;
2023-12-26;0000;0;919,7;1015,2;919,7;919;-2,2;21;19,7;19;19,9;19,6;19,4;19;12,7;97;96;96;155;2,8;1,6;
2023-12-26;0100;0;920,3;1015,8;920,3;919,7;-3,2;21;20;19,2;20;19,6;19,3;19;12,7;96;95;95;150;4,4;1,7;
2023-12-26;0200;0;920,7;1016,3;920,7;920,3;-2,8;21;19,7;19;20,1;19,7;19,4;19;12,7;96;95;96;146;3,2;1,3;
2023-12-26;0300;,2;919,7;1015,4;920,7;919,7;-2,5;21;19,1;18,6;19,9;19,1;19,3;18,5;12,7;97;95;97;162;2,6;1,4;
2023-12-26;0400;0;918,9;1014,4;919,7;918,9;-3,1;20;19,6;18,9;19,6;19,1;19;18,7;12,7;97;96;96;151;3;1,8;
2023-12-26;0500;0;917,9;1013,5;918,9;917,9;-3,2;20;18,8;18,3;19,6;18,8;19;18,3;12,7;97;96;97;144;3;1,2;
2023-12-26;0600;0;917,8;1013,3;918;917,7;-2,9;20;19,2;18,5;19,3;18,7;18,8;18,2;12,6;97;96;96;154;3,2;1,4;
2023-12-26;0700;0;917,6;1013,4;917,8;917,5;-2,6;20;18,3;17,9;19,3;18,3;18,6;17,9;12,6;97;96;97;140;2,6;,9;
2023-12-26;0800;0;918;1013,8;918;917,5;-2,2;19;18,3;17,9;18,5;18,1;18,1;17,7;12,6;98;97;98;150;2,6;1,4;
2023-12-26;0900;0;919;1014,9;919;918;55;19;18,4;18;18,4;17,9;18;17,5;12,7;98;98;98;170;2;,7;
2023-12-26;1000;0;919,9;1015,1;919,9;919;590,2;20;20,8;19,8;20,8;18,4;19,8;18;13,3;98;93;94;157;2,1;1,4;
2023-12-26;1100;0;920,1;1014,5;920,2;919,9;1146,4;22;23,2;19,9;23,2;20,8;20,8;19,6;13,6;94;82;82;149;2,7;,9;
2023-12-26;1200;0;920,5;1014;920,5;920,1;1687,1;25;26;20,3;26,1;23,2;21,3;19,7;13,7;84;71;71;323;2,1;1,1;
2023-12-26;1300;0;920,7;1014;920,7;920,4;2245;28;26,5;21,1;26,7;25,6;21,6;19,9;13,7;75;70;72;null;null;null;
2023-12-26;1400;0;920,3;1013,1;920,7;920,3;2309;28;28;21,8;28,2;26;22,8;20,6;13,7;76;68;69;null;null;null;
2023-12-26;1500;0;919,5;1013,3;920,3;919,4;2534,5;30;24,8;20;29;24,8;22,1;19,4;13,1;75;62;75;246;null;5,5;
2023-12-26;1600;4,6;919,2;1013,5;919,9;919,2;674;26;23,2;19,4;24,8;21,9;20,2;18,2;13,4;86;75;79;128;10,8;1,3;
2023-12-26;1700;0;917,7;1010,3;919,2;917,7;3081,9;28;27,7;20,7;28,4;23,2;22,2;19,4;13,3;81;62;66;null;null;null;
2023-12-26;1800;0;917,2;1009,6;917,7;916,9;1065,7;30;28,3;21,3;28,6;27,5;22,1;20;13;70;62;66;285;2,7;,9;
2023-12-26;1900;0;916,9;1009,6;917,4;916,8;1059,3;29;27,3;21;28,3;26;23;21;13;82;65;68;248;5,8;1,6;
2023-12-26;2000;0;918,3;1013,1;918,9;916,9;66,4;25;21,3;19,8;27,3;21,2;21,2;18,2;12,8;91;68;91;301;12,7;2,7;
2023-12-26;2100;2,8;917,5;1012,7;918,4;917,3;9;23;19,9;19,3;21,4;19,8;19,9;18,9;12,8;96;91;96;110;8,1;,5;
2023-12-26;2200;2,4;917,8;1013;917,9;917,5;18,8;22;20;19,3;20;19,7;19,3;19,2;12,8;97;96;96;171;2,6;1;
2023-12-26;2300;0;918,4;1013,7;918,4;917,8;-2,2;21;19,8;19,4;20,2;19,8;19,6;19,2;12,8;97;96;97;78;1,6;,7;
2023-12-27;0000;0;918,9;1014,3;918,9;918,4;-2,3;21;19,7;19,2;19,9;19,7;19,5;19,2;12,8;97;97;97;158;3,2;1,6;
2023-12-27;0100;0;919,5;1014,9;919,5;918,9;-2,4;21;19,9;19,3;20;19,7;19,5;19,3;12,7;97;96;96;139;3,2;,9;
2023-12-27;0200;0;919,7;1015,1;919,8;919,5;-3;21;19,9;19,3;19,9;19,5;19,4;19;12,7;97;96;96;142;3;1,5;
2023-12-27;0300;0;919,3;1014,7;919,7;919,3;-2,7;21;19,9;19,2;20;19,8;19,3;19,1;12,7;96;95;95;159;3;1,4;
2023-12-27;0400;0;918,6;1014,2;919,3;918,6;-3,3;21;19,1;18,5;20;19,1;19,2;18,5;12,7;96;95;96;146;3,6;1,2;
2023-12-27;0500;0;918,5;1014,2;918,6;918,5;-3,3;20;18,7;18,3;19,2;18,7;18,6;18,3;12,7;98;96;97;148;2;1;
2023-12-27;0600;0;918,2;1014,1;918,5;918,2;-3,1;20;18,1;17,7;18,8;18,1;18,3;17,7;12,6;98;97;98;161;2,2;,9;
2023-12-27;0700;0;918,2;1014,2;918,2;918;-3,2;19;17,9;17,6;18,6;17,9;18,2;17,5;12,6;98;98;98;169;2,2;1,2;
2023-12-27;0800;0;918,7;1014,8;918,7;918,1;-3,3;19;17,8;17,4;18,1;17,5;17,7;17,1;12,6;98;98;98;161;2,3;,4;
2023-12-27;0900;0;919,3;1015,2;919,3;918,7;45,7;19;18,3;17,9;18,5;17,8;18,1;17,4;12,7;98;97;98;148;2,1;1,2;
2023-12-27;1000;0;919,8;1015;919,8;919,3;510,7;20;20,6;19,6;20,6;18,2;20,2;17,9;13,2;98;94;94;156;2,1;1;
2023-12-27;1100;0;920,2;1014,9;920,2;919,8;904,3;22;22,1;20,1;22,1;20,6;20,4;19,3;13,4;94;88;88;165;2,2;,9;
2023-12-27;1200;0;920,5;1014,4;920,5;920,1;2237,6;25;24,8;19,9;25,3;22,1;20,7;19;13,4;88;70;74;351;null;1;
2023-12-27;1300;0;920,6;1013,9;920,6;920,5;2749,4;28;26,7;19,9;26,7;24,8;21,1;19,1;13,6;75;67;67;null;null;null;
2023-12-27;1400;0;920;1013;920,6;920;3586,5;29;27,4;19,7;27,8;26,1;20,9;19,1;13,5;72;59;63;null;null;null;
2023-12-27;1500;0;919,7;1012,2;920;919,7;3560;31;28,7;18,5;29,1;27,3;20,6;18,3;13,4;66;52;54;282;null;1,9;
2023-12-27;1600;0;919,4;1011,7;919,7;919,4;3768,9;32;29,2;18,2;29,9;28,3;20,4;17,2;13,5;59;48;52;221;4,5;1,7;
2023-12-27;1700;0;918,8;1011;919,4;918,8;3263,6;33;29,4;19,6;30,7;29,2;20,2;17,6;13,4;56;48;56;null;null;null;
2023-12-27;1800;0;918,1;1009,9;918,8;918,1;3203,8;33;30,5;18,3;30,9;28,9;20,4;17,6;13,4;57;46;48;267;5,3;2,3;
2023-12-27;1900;0;917,3;1008,8;918,1;917,3;2448,8;33;31;18;31;28,9;19,6;17,1;13,5;54;45;46;null;7;null;
2023-12-27;2000;0;917,2;1009,1;917,4;917,1;1800,3;33;29,7;16,4;31;29,6;18,7;15,9;13,1;50;43;45;232;null;3,2;
2023-12-27;2100;0;917,3;1009,7;917,3;917,1;925,1;32;28,3;17,1;29,9;28,3;17,4;15,7;12,9;51;44;51;212;6,1;2,2;
2023-12-27;2200;0;917,8;1011,8;917,8;917,3;163,5;29;23,7;18,3;28,3;23,7;18,4;16,9;12,8;72;50;72;198;4,1;1,5;
2023-12-27;2300;0;918,4;1012,9;918,4;917,8;-3,5;25;22,3;17,4;23,7;22;18,4;17,2;12,8;78;72;74;204;2,2;1,2;
2023-12-28;0000;0;918,8;1014;918,9;918,4;-3,5;23;20,2;17,9;22,7;19,9;18,9;17,3;12,8;92;73;87;168;2;,4;
2023-12-28;0100;0;919,2;1014,9;919,3;918,8;-3,5;21;19,1;18,1;20,4;19;18,7;17,6;12,8;94;85;94;188;1,3;,9;
2023-12-28;0200;0;919,4;1015;919,5;919,2;-3,5;20;19,4;17,2;20;19;18,1;16,7;12,8;94;83;88;165;1,7;,8;
2023-12-28;0300;0;919,3;1015,3;919,4;919,3;-3,5;20;18,2;17,4;19,4;18,2;17,9;16,9;12,7;95;87;95;158;1,9;,7;
2023-12-28;0400;0;919;1015,1;919,3;918,9;-3,5;19;17,9;17,2;18,2;17,6;17,4;17;12,7;97;95;96;136;1,8;1;
2023-12-28;0500;0;918,5;1013,8;919;918,5;-3,5;19;19,9;18,4;20,1;17,6;18,6;16,9;12,7;96;90;91;129;4,3;1,9;
2023-12-28;0600;0;918,3;1013,6;918,5;918,3;-3,5;20;20;18,8;20,2;19,7;18,9;18,4;12,7;93;91;93;119;4,4;1,8;
2023-12-28;0700;0;918,1;1013,5;918,3;918,1;-3,5;20;19,5;18,6;20,1;19,5;18,9;18,5;12,7;94;92;94;136;3,7;1,1;
2023-12-28;0800;0;918,3;1013,7;918,3;918;-3,5;20;19,5;18,5;19,5;19,1;18,6;18,3;12,6;96;94;94;127;4;1,3;
2023-12-28;0900;0;918,8;1014,2;918,8;918,3;38,2;20;19,7;18,4;19,8;19,4;18,6;18,3;12,7;94;92;92;133;6;1,5;
2023-12-28;1000;0;919,5;1014,2;919,6;918,8;610,7;21;21,9;18,4;21,9;19,6;18,7;18;13;93;80;80;114;4,6;1,8;
2023-12-28;1100;0;920,2;1014,3;920,2;919,5;1486,5;24;24,1;19,3;24,1;21,9;19,5;18,3;13,3;81;74;75;111;4,8;2,2;
2023-12-28;1200;0;920,6;1014,2;920,6;920,2;2301,9;26;25,7;19,6;26;23,9;20,5;19;13,6;76;68;69;null;null;null;
2023-12-28;1300;0;920,6;1013,6;920,7;920,6;2966,3;29;27,4;20,9;28;25,7;21,4;19,4;13,7;71;61;68;null;null;null;
2023-12-28;1400;0;920,5;1013,3;920,7;920,5;3318,4;30;28,2;21;28,6;27;21,4;19;13,5;70;58;65;25;null;2,3;
2023-12-28;1500;0;920,1;1012,6;920,5;920;3919,5;31;28,9;20,5;29,4;27,8;21,8;19;13,4;65;56;61;59;null;2,2;
2023-12-28;1600;0;919,4;1011,5;920,1;919,4;4019,6;32;29,8;19,5;30,5;28,6;21,1;17,6;13,5;61;49;54;23;null;1,5;
2023-12-28;1700;0;918,6;1010,3;919,4;918,6;3665,7;34;30,9;18,6;31,2;29,7;20,9;16,8;13,4;58;43;48;null;3,7;null;
2023-12-28;1800;0;917,8;1009,9;918,6;917,8;2702;34;29,3;20,3;31,6;29,1;20,5;16,9;13,2;60;43;58;44;null;1,4;
2023-12-28;1900;0;917,2;1008,4;917,8;917,2;1609,3;34;32,1;17,6;32,1;29,3;21,6;17;13,4;62;42;42;null;3,3;null;
2023-12-28;2000;0;916,9;1009;917,2;916,9;753;33;29,2;21,4;32,9;28,9;21,7;17,3;13;63;40;63;128;2;,8;
2023-12-28;2100;0;916,9;1008,6;916,9;916,8;1097,7;34;30,3;19,9;31,5;29;21,2;17,6;12,9;63;43;54;210;2,2;1,3;
2023-12-28;2200;0;917,2;1010;917,2;916,9;185;32;27,2;18,2;30,4;26,4;20,4;17,9;12,8;69;51;58;151;2,2;1,2;
2023-12-28;2300;0;917,8;1011,1;917,9;917,2;-3,5;28;25,8;19,5;27,2;25,6;20;17,9;12,8;70;58;69;154;2,2;1,1;
2023-12-29;0000;0;918,5;1012,6;918,5;917,8;-3,5;26;23,5;19,8;25,8;23,5;19,9;19,1;12,8;80;68;80;150;2,4;1,4;
2023-12-29;0100;0;919,3;1013,8;919,3;918,5;-3,5;25;22,5;20;23,5;22,5;20,1;19,7;12,8;86;80;86;150;2,4;1,4;
2023-12-29;0200;0;919,4;1014;919,5;919,3;-3,5;24;22,3;20,5;23,1;21,9;20,5;19,7;12,8;91;83;90;144;2,6;1,8;
2023-12-29;0300;0;919;1013,7;919,4;919;-3,5;23;21,8;20;22,5;21,4;20,3;19,4;12,7;92;84;90;146;3;1,7;
2023-12-29;0400;0;918,3;1013,1;919;918,3;-3,5;23;21,3;19,8;21,8;21,2;20,1;19,5;12,7;92;88;91;149;3;1,8;
2023-12-29;0500;0;917,7;1012,8;918,3;917,7;-3,5;22;20,4;19,5;21,5;20,4;19,8;19,3;12,7;94;88;94;160;3,1;1,4;
2023-12-29;0600;0;917,4;1012,5;917,7;917,3;-3,5;22;20,3;19,3;20,9;20,3;19,7;19,3;12,7;94;92;94;180;2,8;,8;
2023-12-29;0700;0;917,2;1012,4;917,4;917,2;-3,5;21;19,7;19,1;20,4;19,7;19,5;19,1;12,7;96;94;96;155;2,6;1,7;
2023-12-29;0800;0;917;1012,2;917,2;917;-3,5;21;19,7;18,9;20,1;19,7;19,4;18,9;12,6;97;95;96;135;2,9;1;
2023-12-29;0900;0;917,1;1012,1;917,2;917;31,3;21;20,4;19,6;20,4;19,3;19,7;18,8;12,7;97;95;95;152;2,6;1,5;
2023-12-29;1000;0;917,3;1011,2;917,3;917;607,9;22;23,6;19,5;23,6;20,4;19,8;18,9;13;95;78;78;143;3,5;1,5;
2023-12-29;1100;0;918,2;1011,3;918,2;917,3;1457,4;26;26,4;20,8;26,8;23,5;20,8;19,5;13,3;79;67;71;137;3,8;1,5;
2023-12-29;1200;0;919,1;1011,7;919,1;918,2;2271;29;28,4;20,2;28,4;26,3;21,3;19,7;13,5;71;60;61;49;null;1,5;
2023-12-29;1300;0;919,3;1011,6;919,5;919,1;2443,5;31;29,2;20,1;30;28,1;21,6;19,9;13,6;65;56;58;null;null;null;
2023-12-29;1400;0;918,9;1010,5;919,3;918,9;3398,3;32;31,3;20,5;31,4;29,2;21,8;18,7;13,4;61;48;53;null;null;null;
2023-12-29;1500;0;918,5;1010,4;918,9;918,5;2903,2;33;30,4;20,3;32,1;30;21,7;18,7;13,5;57;48;55;315;null;1,6;
2023-12-29;1600;0;917,6;1009,1;918,5;917,6;3438,8;34;31,4;19,4;32,4;30,4;22;19,4;13,4;58;48;49;293;7,5;2,6;
2023-12-29;1700;0;916,9;1007,9;917,6;916,9;2688,5;34;32,6;19,2;33;30,8;21,3;18;13,5;55;44;45;null;8,6;null;
2023-12-29;1800;0;916,2;1007,3;916,9;916,2;2981,3;35;32,1;19,2;32,9;31,9;20,4;18,2;13,5;51;42;46;291;7,5;4;
2023-12-29;1900;0;915,6;1006,8;916,3;915,6;1586,2;34;31,7;19,4;32,6;31,2;20,3;18,6;13,5;52;44;48;250;7,6;2,7;
2023-12-29;2000;0;915,4;1006,6;915,6;915,3;1496,9;34;31,5;18;32,4;31,3;20,6;17,7;13,1;51;43;45;247;6,9;3,8;
2023-12-29;2100;0;915,8;1007,5;915,8;915,3;818,3;33;30;19;31,7;30;19,7;17,9;13;52;44;52;231;6,6;2,8;
2023-12-29;2200;0;916,4;1009,5;916,4;915,8;115,7;31;25,8;20,8;30;25,8;20,8;18,7;12,8;74;51;74;198;4,5;2;
2023-12-29;2300;0;917,5;1010,8;917,5;916,4;-3,5;28;25,7;19,9;26,4;25;21,2;19,8;12,8;79;67;70;214;2,8;2,1;
2023-12-30;0000;0;918,4;1012,6;918,4;917,5;-3,5;26;23,2;21,3;25,7;23,2;21,4;19,8;12,8;89;70;89;178;2,8;,3;
2023-12-30;0100;0;918,7;1013;918,8;918,4;-3,5;25;23,1;21,4;24;22,8;21,6;20,5;12,8;92;82;90;105;3,6;,6;
2023-12-30;0200;0;918,2;1012,8;918,7;918,2;-3,5;24;21,8;20,8;23,1;21,8;21,5;20,7;12,8;94;90;94;127;1,9;,7;
2023-12-30;0300;0;917,9;1012,8;918,2;917,9;-3,5;23;21;20,2;21,8;21;20,9;20,2;12,7;96;94;95;158;1,9;,8;
2023-12-30;0400;0;917;1012;918;917;-3,5;22;20,5;20;21,1;20,3;20,5;19,7;12,7;97;95;97;141;3,1;1,3;
2023-12-30;0500;0;916,7;1011,9;917;916,7;-3,5;22;19,7;19,2;20,7;19,7;20,2;19,2;12,7;97;96;97;186;2,6;1,2;
2023-12-30;0600;0;916,6;1011,9;916,7;916,5;-3,4;21;19,4;19;20;19,2;19,6;18,7;12,7;97;97;97;164;2,4;1,2;
2023-12-30;0700;0;917,4;1012,9;917,4;916,6;-3,5;20;19;18,7;19,6;18,9;19,2;18,5;12,6;98;97;98;167;2,5;,6;
2023-12-30;0800;0;918;1013,7;918;917,4;-3,5;20;18,7;18,4;19,2;18,7;18,8;18,4;12,6;98;98;98;207;1,4;,5;
2023-12-30;0900;0;918,5;1013,9;918,5;918;40;20;19,7;19,3;19,7;18,6;19,3;18,2;12,7;98;98;98;222;2;,4;
2023-12-30;1000;0;919,1;1013,7;919,1;918,5;565,5;21;22,1;20,7;22,3;19,4;21,8;19;13,1;98;91;92;46;1,6;,5;
2023-12-30;1100;0;919,3;1013,1;919,3;919,1;1374,1;24;24,7;19,9;25;22,1;21,5;19,9;13,4;92;74;75;324;2,9;1,5;
2023-12-30;1200;0;919,7;1013,1;919,7;919,3;2049,5;27;26,1;20,7;26,1;24,7;21,1;20,1;13,7;79;71;72;294;null;4,2;
2023-12-30;1300;0;919,6;1012,6;919,9;919,6;2618,7;29;27,1;21,3;27,4;26;21,6;20,3;13,7;73;69;71;287;7,8;3,8;
2023-12-30;1400;0;919,6;1012,3;919,8;919,5;2783,9;30;28,2;21,5;28,5;27;22;20,7;13,5;72;65;67;282;7;3,4;
2023-12-30;1500;0;919,3;1012,1;919,7;919,3;2086,5;30;27,7;20,7;28,8;27,7;21,8;20,3;13,5;67;61;66;239;7,6;4,8;
2023-12-30;1600;0;918,6;1011,4;919,3;918,6;2488,6;30;27,4;20,5;28,8;27,4;21,5;20,2;13,3;68;62;66;217;8;4,7;
2023-12-30;1700;0;918,3;1011,4;918,6;918,3;1578,9;29;26,4;20,9;27,4;26,1;21,2;20,2;13,7;74;66;72;202;9,9;5,2;
2023-12-30;1800;0;917,5;1010,1;918,3;917,5;1526,8;29;27,9;21,3;27,9;25,8;21,3;20,5;13,8;75;66;67;202;9,3;2,8;
2023-12-30;1900;0;917;1009,7;917,5;917;1618,1;29;27,3;20,4;28;27;21,2;19,7;13,2;69;62;66;217;6,9;2,6;
2023-12-30;2000;0;916,7;1009,7;917;916,7;1375,8;30;26,4;20,2;28,1;26,4;20,6;19,5;13;69;61;69;217;7,5;3,5;
2023-12-30;2100;0;916,8;1009,9;916,9;916,5;444,8;28;26,1;20,3;26,7;25,8;20,7;19,8;13;72;66;71;225;5,1;,9;
2023-12-30;2200;0;917,5;1011,1;917,5;916,8;100,6;27;24,6;20,1;26,2;24,3;21,5;20;12,8;81;71;76;185;2,6;1,4;
2023-12-30;2300;0;918,1;1012,3;918,2;917,5;-3,5;25;23,1;19,1;24,6;22,7;20,2;19;12,8;81;74;78;84;3,2;,9;
2023-12-31;0000;0;918,5;1013,2;918,5;918,1;-3,5;24;21,8;19,4;23,1;21,8;19,4;18,9;12,8;87;78;87;172;2;,8;
2023-12-31;0100;0;918,8;1013,6;918,9;918,5;-3,5;23;21,4;20,2;21,9;21;20,3;19,6;12,8;93;87;93;161;1,6;,9;
2023-12-31;0200;0;919;1013,9;919;918,8;-3,3;22;21,2;20;21,9;21,2;20,5;19,8;12,7;94;89;93;63;2,2;1;
2023-12-31;0300;0;918,8;1013,6;919,1;918,8;-2,8;22;21,6;19,9;21,6;21,1;20,3;19,9;12,7;94;90;90;342;2;,6;
2023-12-31;0400;0;918;1013,2;918,8;917,9;-3,5;22;20,2;19,4;21,7;20,1;20;19,3;12,7;95;87;95;70;1,8;,7;
2023-12-31;0500;0;917,6;1013;918,1;917,5;-3,5;21;19,5;18,9;20,3;19,4;19,6;18,8;12,7;97;94;97;50;1,9;1,2;
2023-12-31;0600;0;917,1;1012,5;917,6;917;-3,2;21;19,3;18,9;19,6;19,2;19,1;18,8;12,7;97;97;97;162;1,9;,9;
2023-12-31;0700;0;917,1;1012,6;917,2;917;-3,5;20;18,9;18,5;19,5;18,9;19,1;18,5;12,7;98;97;98;152;2;1;
2023-12-31;0800;0;917,2;1012,8;917,2;917;-3,5;20;18,8;18,4;19,1;18,7;18,7;18,3;12,6;98;98;98;140;2,1;,5;
2023-12-31;0900;0;917,5;1012,8;917,5;917,2;30,9;20;19,7;19,3;19,8;18,7;19,4;18,4;12,6;98;98;98;139;2,3;,8;
2023-12-31;1000;0;918;1012,4;918;917,5;546,4;21;22,5;19,3;22,5;19,7;20,2;19;13,1;98;82;82;116;3,9;1,6;
2023-12-31;1100;0;918,8;1012,9;918,8;918;1036,5;23;23,7;19,8;23,7;22,5;19,8;18,9;13,5;82;78;79;116;6,2;1,9;
2023-12-31;1200;0;919,5;1013,3;919,6;918,8;1413,4;25;24,8;19,8;24,9;23,5;20,2;18,9;13,7;79;73;74;87;7,5;1,9;
2023-12-31;1300;0;920,1;1013,8;920,1;919,5;1905,2;27;25,1;20;26,2;24,4;20,5;19;13,6;74;68;74;63;6,5;2,2;
2023-12-31;1400;0;919,8;1013,3;920,2;919,8;1729,5;28;25,7;19,8;26,4;24,8;20,4;19,2;13,5;74;67;70;76;5,6;1,9;
2023-12-31;1500;0;919,1;1011,7;919,8;919,1;2628,6;29;28,2;20,9;28,2;25,5;21,5;19,3;13,6;73;63;65;58;null;2,5;
2023-12-31;1600;0;918,5;1011,3;919,1;918,4;3603,9;31;27,6;19,3;29;27,2;21,6;19,3;13,1;67;60;61;67;7,5;1,9;
2023-12-31;1700;0;917,6;1010,6;918,5;917,6;690,9;30;26,6;20,3;27,6;26,3;20,8;19,7;13,2;71;61;68;58;5,4;1,4;
2023-12-31;1800;0;917,7;1011,4;918;917,3;981,8;29;24,6;21,1;26,6;23,9;21,9;20;13,8;82;67;81;312;6,3;2,4;
2023-12-31;1900;0;917,9;1012,4;918;917,7;667,2;26;22;21;24,8;22;21,8;20,9;13;94;81;94;275;5,8;3,9;
2023-12-31;2000;0;917,7;1011,8;918,1;917,6;887,9;25;23,2;20,1;23,9;21,8;21,1;19,7;13,2;94;80;82;341;5,8;,8;
2023-12-31;2100;0;917,7;1011,9;917,7;917,4;813,4;26;22,9;20,9;23,9;22,9;21,1;19,6;13;89;79;89;100;2,1;,8;
2023-12-31;2200;0;917,6;1012,1;917,9;917,6;31,7;25;21,9;20,5;22,9;21,9;21,3;19,9;12,8;92;86;92;189;2;,7;
2023-12-31;2300;0;918;1012,8;918;917,5;-3;24;21,3;20,7;22;21,3;21;20,7;12,8;96;92;96;169;2,2;,8;
2024-01-01;0000;0;918,2;1013,1;918,2;918;-3,2;23;20,9;20,3;21,3;20,9;20,7;20,3;12,8;97;95;97;166;1,7;1;
2024-01-01;0100;0;919;1014;919;918,2;-3,4;22;21;20,3;21,4;20,9;20,4;20,2;12,8;97;93;96;147;2,5;,8;
2024-01-01;0200;0;919,7;1014,8;919,7;919;-1,8;22;20,9;20,4;21,1;20,7;20,4;20,2;12,7;97;95;97;150;2,5;1,3;
2024-01-01;0300;0;919,3;1014,3;919,7;919,3;-2,3;22;21;20,4;21,1;20,9;20,5;20,4;12,7;97;96;96;140;2,5;1,1;
2024-01-01;0400;0;918,2;1013,2;919,3;918,2;-3,2;22;20,8;20,2;21;20,8;20,4;20,2;12,7;96;96;96;140;3,1;1,6;
2024-01-01;0500;0;918,5;1013,6;918,6;918,1;-3,1;22;20,6;20;20,8;20,5;20,2;19,9;12,7;97;96;96;159;3,1;,8;
2024-01-01;0600;0;918;1013;918,5;918;-2,2;22;20,6;20;20,7;20,6;20,1;20;12,7;96;96;96;143;2,3;,6;
2024-01-01;0700;0;917,5;1012,5;918;917,5;-2,9;22;20,6;20,1;20,7;20,5;20,2;20;12,6;97;96;97;143;1,7;,9;
2024-01-01;0800;0;917,8;1012,8;917,8;917,4;-2,8;21;20,7;20,1;20,7;20,5;20,1;20;12,6;97;96;96;142;2,1;1;
2024-01-01;0900;0;918,1;1013,1;918,1;917,8;20,6;22;20,8;20,2;20,9;20,7;20,2;20;12,6;96;95;96;124;2,8;,8;
2024-01-01;1000;0;918,5;1013,2;918,5;918;326,6;22;21,7;20,2;21,8;20,8;20,6;20,2;13,1;97;91;91;123;3,9;1,6;
2024-01-01;1100;0;918,6;1013;918,6;918,3;481,5;23;22,5;19,8;22,6;21,5;20,7;19,5;13,3;93;83;84;102;4,1;1,1;
2024-01-01;1200;0;919,3;1013,7;919,3;918,6;839,1;24;22,7;19,4;23,2;22,3;20,2;19,1;13,4;86;80;82;72;4,7;1,6;
2024-01-01;1300;0;919,7;1013,8;919,7;919,3;1005,5;25;23,8;19,5;23,9;22,6;20,4;19;13,5;83;75;77;66;4,8;1,7;
2024-01-01;1400;0;919,6;1013,7;919,8;919,6;756,9;25;23,8;19,5;23,9;23;20,2;18,9;13,4;81;74;77;68;4,4;,9;
2024-01-01;1500;0;919;1012,9;919,6;919;981;26;24,3;19,3;24,3;23,4;19,9;18,8;13,5;79;73;74;92;3,8;1,5;
2024-01-01;1600;0;918,3;1012;919;918,3;1102,6;27;24,5;20;24,9;24,1;20;18,8;13,2;77;72;76;67;3,8;1,1;
2024-01-01;1700;0;917,6;1011,1;918,4;917,6;1123,6;27;25;20;25;23,9;20,4;19;13,8;79;71;74;280;3,2;1,5;
2024-01-01;1800;0;916,8;1010,1;917,6;916,8;1754,1;28;25,3;18,7;26;24,7;20,5;18,6;13,7;75;65;67;319;3;1;
2024-01-01;1900;0;916,4;1009,5;916,7;916,4;1513,7;29;25,8;19,1;26,4;25,3;20,2;18,4;13,2;71;62;66;null;3;null;
2024-01-01;2000;0;916,4;1010,4;916,5;916,3;772,8;28;23,1;18,5;25,8;23,1;19,8;18,3;13;77;63;75;90;5,8;1,7;
2024-01-01;2100;0;916,6;1011,3;916,6;916,4;221,7;25;21,1;20,1;23,1;20,7;20,4;17,8;13;96;74;94;64;6,1;,5;
2024-01-01;2200;0;916,7;1011,3;916,8;916,6;104,4;23;21,4;20,6;21,5;21;20,7;19,9;12,8;96;91;95;90;2,8;,8;
2024-01-01;2300;0;916,9;1011,8;916,9;916,6;-1,4;23;20,6;19,8;21,4;20,6;20,6;19,8;12,8;96;95;95;129;3;,9;
2024-01-02;0000;0;917,8;1012,8;917,8;916,8;-2,5;22;20,7;20,2;20,7;20,5;20,2;19,8;12,8;97;95;97;92;2,8;,5;
2024-01-02;0100;0;918,5;1013,6;918,6;917,8;-2,5;22;20,6;20,1;20,8;20,6;20,3;20,1;12,8;97;96;97;131;2,7;1,3;
2024-01-02;0200;0;918,8;1013,9;918,8;918,6;-2;22;20,7;20,1;20,7;20,4;20,2;19,9;12,7;97;96;96;122;2,7;1,1;
2024-01-02;0300;0;918,2;1013,2;918,8;918,2;-3,3;21;20,7;19,8;20,7;20,4;20,1;19,8;12,7;97;94;94;101;3,5;1,4;
2024-01-02;0400;0;917,7;1012,8;918,2;917,7;-3,5;21;20,4;19,5;20,8;20,4;19,8;19,4;12,7;94;93;94;140;4,1;,9;
2024-01-02;0500;0;917,3;1012,3;917,7;917,2;-3,4;21;20,4;19,7;20,5;20,2;19,7;19,5;12,7;96;94;96;130;2,9;,8;
2024-01-02;0600;0;916,9;1011,9;917,3;916,9;-1,9;21;20,4;19,7;20,5;20,3;19,8;19,6;12,7;96;95;96;73;2,5;,5;
2024-01-02;0700;0;917;1012;917;916,8;-2,9;21;20,4;19,7;20,4;20,2;19,7;19,5;12,7;96;95;96;146;2,8;,8;
2024-01-02;0800;0;917;1012;917;916,8;-1,9;21;20,4;19,5;20,4;20,3;19,7;19,5;12,6;96;94;94;64;2,8;,8;
2024-01-02;0900;0;917,7;1012,7;917,7;917;20,9;21;20,7;19,6;20,7;20,4;19,6;19,3;12,6;94;92;94;119;3,9;,9;
2024-01-02;1000;0;918,1;1012,8;918,1;917,7;331,2;22;21,5;19,7;21,5;20,7;19,8;19,2;13,2;94;87;90;107;3,8;1,4;
2024-01-02;1100;0;918,3;1012,8;918,3;918,1;586,4;23;22,2;18,9;22,2;21,5;19,8;18,6;13,2;90;81;81;109;4,2;,9;
2024-01-02;1200;0;918,5;1012,8;918,5;918,3;817,4;24;22,9;19,6;23,3;22,1;19,7;18,6;13,6;83;77;81;57;4,2;1,7;
2024-01-02;1300;0;918,1;1011,8;918,5;918,1;1782,7;26;24,6;19,8;24,6;22,9;20,3;18,8;13,7;82;73;75;85;5,5;1,6;
2024-01-02;1400;0;917,7;1010,8;918,1;917,7;2626,4;28;26,3;20,2;26,3;24,5;20,9;18,7;13,6;76;68;69;57;null;1,7;
2024-01-02;1500;0;916,8;1009,6;917,7;916,8;3524,9;29;26,8;20,4;27,4;25,8;21,2;19,1;13,5;73;63;68;null;null;null;
2024-01-02;1600;0;916,3;1008,9;916,8;916,2;3201,3;30;27,5;19,5;28;26,5;21,6;18,3;13,7;71;58;62;85;null;1,6;
2024-01-02;1700;0;916;1010;916,3;915,8;839,8;29;23;20,4;27,6;23;20,5;18,9;13,1;86;60;85;240;6,7;4,6;
2024-01-02;1800;0;914,9;1007,3;916;914,9;1589;27;27,5;21;27,5;22,7;21,9;19,6;13,8;93;68;68;285;7,1;,9;
2024-01-02;1900;0;914,5;1007,1;914,9;914,5;2384,3;30;26,9;18,6;28,9;26,9;21,5;17,6;13;71;53;60;164;null;1,2;
2024-01-02;2000;0;914,5;1008,2;914,5;914,2;560,7;28;23,6;19,6;27;23,1;20,9;19,4;13,1;85;61;78;348;4,8;,5;
2024-01-02;2100;0;914,5;1008;914,8;914,5;646;27;24,2;18,7;25,1;23,6;19,8;18,5;13;78;67;72;133;3,6;1,3;
2024-01-02;2200;0;915,3;1009,3;915,3;914,3;49;26;22,8;21,3;24,2;22,7;21,3;18,7;12,8;92;72;92;69;2,5;1,2;
2024-01-02;2300;0;916;1010,3;916;915,3;-3,2;24;22,2;20,9;22,9;22,2;21,4;19,8;12,8;92;84;92;108;3;,9;
2024-01-03;0000;0;916,2;1010,5;916,4;916;-3,1;24;22,3;20,6;22,3;21,7;20,9;20,6;12,8;95;90;90;118;3,5;1,7;
2024-01-03;0100;0;916,5;1010,8;916,6;916,2;-2,1;23;22,3;20,7;22,4;22,2;20,8;20,5;12,8;92;89;91;137;4,1;1;
2024-01-03;0200;0;916,6;1011,1;916,8;916,5;-3,3;23;21,7;20,7;22,3;21,7;20,8;20,6;12,7;94;91;94;121;2,4;,9;
2024-01-03;0300;0;916,5;1010,9;916,6;916,3;-2,8;23;22,1;20,8;22,1;21,5;20,9;20,6;12,7;95;92;92;146;4,2;,8;
2024-01-03;0400;0;916,3;1010,6;916,6;916,3;-1,7;23;22,1;20,8;22,1;21,7;20,9;20,7;12,7;95;92;93;112;2,7;1,5;
2024-01-03;0500;0;915,6;1010;916,3;915,6;-3,3;23;21,7;20,6;22;21,6;20,8;20,6;12,7;95;92;93;107;3,3;1,3;
2024-01-03;0600;0;915,4;1009,9;915,6;915,3;-3,4;22;21,3;20,4;21,8;21,2;20,6;20,4;12,7;95;93;95;141;3,3;1,2;
2024-01-03;0700;0;915,5;1010;915,6;915,4;-2,5;22;21,4;20,3;21,5;21,2;20,5;20,3;12,7;95;93;93;110;3;1,5;
2024-01-03;0800;0;916;1010,7;916;915,5;-3;22;21;20,2;21,4;20,8;20,4;20,2;12,6;96;93;95;121;3;1;
2024-01-03;0900;0;916,3;1011;916,3;915,9;16,3;22;21,1;20,2;21,2;21;20,3;20,1;12,6;95;94;95;127;2,4;,9;
2024-01-03;1000;0;916,9;1011,3;916,9;916,3;284,8;22;22,2;20,7;22,2;21,1;20,9;20,2;13,1;95;91;91;91;2,6;1;
2024-01-03;1100;0;917,3;1011,3;917,3;916,9;723,6;24;23,3;19,6;23,4;22,2;20,7;19,3;13,3;91;79;80;80;3,8;1,2;
2024-01-03;1200;0;917,6;1011;917,6;917,3;1986,7;26;25,2;20,3;25,9;23,3;20,8;19,5;13,7;81;70;74;null;null;null;
2024-01-03;1300;0;917,6;1011;917,7;917,6;1735,1;28;25,4;19,9;26;24,9;21,1;19,5;13,6;75;69;72;40;5,9;2,7;
2024-01-03;1400;0;917;1009,7;917,6;917;2614,5;29;27,2;20,1;28,2;25,3;21,8;19,5;13,5;73;63;65;null;null;null;
2024-01-03;1500;0;916,5;1009,1;917;916,5;2341;31;27,6;20,9;28,2;26,9;21,7;19,7;13,6;71;61;67;51;null;1,9;
2024-01-03;1600;0;915,8;1008,4;916,5;915,8;2948,2;31;27,2;19,9;29,1;27,1;22;19,5;13,6;70;59;65;47;6,4;2,9;
2024-01-03;1700;0;915,1;1007,6;915,8;915,1;2198,4;31;27,3;19,8;29,1;27,1;22,1;19,4;13,2;67;57;64;45;null;2,8;
2024-01-03;1800;0;914,9;1009,3;915,1;914,8;669,4;30;21,4;18,7;27,2;21,4;21;18;13;85;63;85;346;9,5;4;
2024-01-03;1900;0;914;1008;914,9;913,9;505,6;25;22,5;21,6;22,9;20,6;22;18,5;13,1;97;85;94;152;9,5;1,7;
2024-01-03;2000;0;914,2;1008;914,5;914;290,7;25;23,2;22,1;23,3;22,4;22,1;21,4;13;95;92;93;144;3,1;1,1;
2024-01-03;2100;0;914,3;1008,2;914,4;913,8;32,1;24;22,9;21,8;23,2;22,6;22,3;21,8;12,8;96;93;93;298;3,5;1,8;
2024-01-03;2200;0;915,7;1009,9;915,7;914,3;2,5;24;22,3;21,5;23;22,2;21,7;19,8;12,8;96;83;96;292;3,1;1,8;
2024-01-03;2300;0;915,9;1010,2;915,9;915,6;-1,1;23;22;21,5;22,3;21,9;21,6;21,4;12,8;97;96;97;324;2,8;,7;
2024-01-04;0000;0;916,9;1011,4;916,9;915,9;-1,4;23;21,8;21,4;22;21,8;21,6;21,4;12,8;98;97;98;163;1,2;,2;
2024-01-04;0100;0;916,7;1011,2;916,9;916,6;-1,6;23;21,7;21,3;21,9;21,7;21,5;21,3;12,7;98;98;98;272;1,7;1,2;
2024-01-04;0200;0;916,6;1011,1;916,7;916,4;-1,4;23;21,7;21,3;21,8;21,6;21,4;21,2;12,7;98;98;98;14;3;,4;
2024-01-04;0300;0;916,7;1011,2;916,8;916,6;-1,1;23;21,8;21,4;21,8;21,5;21,4;21,1;12,7;98;98;98;215;4,8;2,4;
2024-01-04;0400;0;916,2;1011,2;916,7;916,2;1,8;22;20,2;19,3;21,8;20,2;21,5;19,3;12,7;98;92;95;184;7,9;2,2;
2024-01-04;0500;0;915,8;1010,8;916,2;915,8;,7;21;19,9;18,9;20,2;19,8;19,3;18,8;12,7;95;93;94;121;6,5;1,1;
2024-01-04;0600;0;915,2;1010,3;915,9;915,2;-1,7;21;19,4;18,8;19,9;19,4;18,9;18,4;12,6;96;92;96;336;4,7;,6;
2024-01-04;0700;0;914,7;1009,9;915,2;914,7;-2,2;20;19,2;18,6;19,6;19,2;18,9;18,6;12,6;97;95;97;107;2,6;1,4;
2024-01-04;0800;0;915,3;1010,7;915,5;914,7;-2,6;20;18,8;18,4;19,1;18,8;18,7;18,4;12,6;98;97;98;73;2,6;,8;
2024-01-04;0900;0;916,1;1011,5;916,1;915,3;19,7;20;19;18,6;19,1;18,6;18,7;18,3;12,6;98;98;98;119;1,9;,6;
2024-01-04;1000;0;916,7;1011,7;916,7;916,1;311,9;20;20,4;19,6;20,4;19;19,6;18,6;13,2;98;95;95;119;3;1,3;
2024-01-04;1100;0;917,4;1012;917,4;916,7;894,9;22;21,6;19,1;21,8;20,5;19,9;18,5;13,4;95;83;86;148;3;1,4;
2024-01-04;1200;0;917,4;1011,6;917,6;917,4;1064,3;24;22,8;19;23,2;21,5;19,9;18,7;13,8;87;77;79;82;3;1,5;
2024-01-04;1300;0;917,4;1011,3;917,5;917,3;1249;25;23,8;19,9;23,8;22,8;20,1;18,8;13,6;81;75;79;117;3,3;1,1;
2024-01-04;1400;0;917,2;1010,8;917,5;917,2;1394,7;27;24,6;19,4;25,4;23,8;20,1;18,9;13,7;79;70;73;352;2,4;1,3;
2024-01-04;1500;0;916,7;1009,7;917,3;916,7;2477,3;28;26,4;18,8;26,5;24,6;21;18,6;13,7;76;63;63;284;null;,8;
2024-01-04;1600;0;916,3;1008,8;916,7;916,3;3167,4;30;27,8;18,8;28,3;26;20,9;18,2;13,6;69;56;58;267;null;,9;
2024-01-04;1700;0;915,6;1007,6;916,3;915,6;2982,8;31;29;20,5;29;26,8;20,9;17,9;13,5;64;54;60;null;null;null;
2024-01-04;1800;0;915;1007;915,6;915;3231,2;32;28,7;19,8;29,5;28,3;20,6;18;13,5;61;52;59;266;null;2,7;
2024-01-04;1900;0;914,6;1006,4;915;914,6;2414,9;32;29,4;19,1;29,7;28,1;20,8;18,6;13,6;62;53;54;237;7,2;3,7;
2024-01-04;2000;0;914,4;1006,9;914,7;914,4;1426,3;31;27,2;18,4;29,6;27,2;19,7;18;13,1;61;53;59;206;7,5;2,9;
2024-01-04;2100;0;915;1007,9;915;914,4;650,9;29;26,1;19,6;27,6;26,1;19,6;16,8;13;67;53;67;211;4,9;1,7;
2024-01-04;2200;0;915,6;1008,9;915,6;915;138,3;28;24,9;18,5;26,1;24,8;20,4;18,4;12,9;73;64;68;183;3,7;1,9;
2024-01-04;2300;0;916,5;1010,6;916,5;915,6;-3;26;22,9;18,6;24,9;22,5;19;18,4;12,8;78;68;76;189;3,8;2,4;
2024-01-05;0000;0;916,8;1011,5;916,8;916,4;-3,5;24;21,1;18,4;22,9;21,1;18,7;18,3;12,8;84;76;84;158;3,8;,8;
2024-01-05;0100;0;917,2;1012,2;917,2;916,8;-3,5;22;20,5;19,2;21,1;20,3;19,5;18,3;12,8;94;84;92;48;3,4;2;
2024-01-05;0200;0;917,3;1012,5;917,5;917,2;-3,5;21;19,9;19,1;20,7;19,6;19,6;18,8;12,8;95;91;95;305;3,7;,8;
2024-01-05;0300;0;917,1;1011,9;917,5;917,1;-3,5;21;20,9;17,8;21,6;19,6;19,3;17,8;12,7;95;82;83;166;5,4;1,6;
2024-01-05;0400;0;916,5;1011,3;917,1;916,5;-3,5;21;20,7;19;21,1;20,1;19,3;17,6;12,7;91;83;90;177;3,8;1,5;
2024-01-05;0500;0;916,2;1011,4;916,5;916,2;-3,5;21;19,6;18,9;20,8;19,3;19,2;18,4;12,7;97;90;96;159;3,5;,9;
2024-01-05;0600;0;915,6;1010,9;916,2;915,6;-3,5;20;19;18,6;19,6;18,7;19;18,3;12,7;98;96;98;119;1,9;,8;
2024-01-05;0700;0;915,8;1011,4;915,8;915,6;-3,5;20;18,3;18;19;18,2;18,5;17,9;12,7;98;98;98;214;1,8;1,3;
2024-01-05;0800;0;915,9;1011,6;915,9;915,7;-3,5;19;17,9;17,5;18,4;17,8;18;17,5;12,6;98;98;98;129;1,8;,8;
2024-01-05;0900;0;916,4;1012,1;916,4;915,9;21,2;19;18;17,7;18,2;17,8;17,9;17,5;12,7;98;98;98;168;1,4;,4;
2024-01-05;1000;0;917;1012,1;917;916,4;385,6;20;20,2;19,8;20,2;18;19,8;17,6;13;98;97;98;188;1,2;,5;
2024-01-05;1100;0;917,4;1011,3;917,4;916,9;1414,6;23;23,7;19,2;23,7;20,2;21,3;18,6;13,4;98;75;76;139;2,2;1,2;
2024-01-05;1200;0;917,8;1010,8;917,8;917,4;2228;26;26,6;20,1;26,6;23,5;20,3;18,7;13,7;79;65;67;88;3,3;,8;
2024-01-05;1300;0;917,9;1010,7;918;917,8;3004,2;28;27,4;18,5;27,7;25,8;20,5;18,2;13,7;69;56;58;null;4;null;
2024-01-05;1400;0;917,5;1010,2;918;917,5;3398,9;30;27,4;18,3;28,8;27,3;19,6;16,6;13,3;60;50;58;null;null;null;
2024-01-05;1500;0;917,1;1009;917,5;917,1;3994,5;31;29,9;17,1;29,9;27,1;19,1;15,5;13,3;62;44;46;null;null;null;
2024-01-05;1600;0;916,7;1008,6;917,1;916,7;3825,7;31;29,7;17;30,2;28,6;18,5;15,1;13,5;50;40;46;216;7,3;4,1;
2024-01-05;1700;0;916;1007,8;916,8;916;3759,8;31;29,9;15,8;30,2;29,4;17,3;15;13,5;48;40;42;230;8,5;4,7;
2024-01-05;1800;0;915,2;1006,7;916;915,2;3316,5;32;30,4;16,3;30,6;29,8;17,2;14;13,6;46;37;43;null;7,5;null;
2024-01-05;1900;0;914,5;1006;915,2;914,5;2644,4;32;30,2;15,8;30,6;29,9;16,5;14,5;13,5;44;38;42;195;7,5;3,6;
2024-01-05;2000;0;914,6;1006,5;914,6;914,3;1581,2;32;29,1;16,4;30,5;28,7;16,8;14,7;13,1;47;40;47;186;null;3,7;
2024-01-05;2100;0;914,9;1007,6;914,9;914,4;472;30;26,6;14,9;29,1;26,6;16,9;14,7;13;52;44;49;191;6,8;3,1;
2024-01-05;2200;0;915,4;1008,7;915,4;914,9;110,8;28;25;16,6;26,7;25;16,6;14,8;12,8;60;48;60;185;5,2;1,9;
2024-01-05;2300;0;916,3;1010,6;916,3;915,4;-3,5;25;22,3;17,9;25;21,9;18,7;16,2;12,8;81;58;76;163;3,3;,9;
2024-01-06;0000;0;917,1;1011,8;917,1;916,3;-3,5;23;21,3;18,1;22,3;20,6;18,9;17,8;12,8;90;76;82;160;2;1,2;
2024-01-06;0100;0;917,5;1012,6;917,5;917;-3,5;22;20,1;18,3;21,3;20,1;18,8;18;12,8;92;82;89;161;2;1;
2024-01-06;0200;0;917,6;1013,1;917,7;917,5;-3,5;21;19,2;18,5;20,1;19,2;18,7;18,3;12,7;96;90;96;124;1,6;,4;
2024-01-06;0300;0;917,2;1012,9;917,6;917,2;-3,5;20;18,5;17,8;19,6;18,5;18,7;17,8;12,7;97;93;96;172;1,6;,7;
2024-01-06;0400;0;917;1012,8;917,2;916,9;-3,5;20;18,1;17,6;18,9;18,1;18,4;17,5;12,7;97;95;97;187;2,1;,7;
2024-01-06;0500;0;916,8;1012,5;917,1;916,8;-3,3;19;18,3;17,7;18,4;18,1;17,9;17,5;12,7;97;96;96;159;2,1;1,2;
2024-01-06;0600;0;916,5;1012,1;916,9;916,5;-3,4;19;18,4;17,3;18,6;18;17,8;17,3;12,7;96;93;93;151;2,1;1,3;
2024-01-06;0700;0;916,4;1011,9;916,5;916,3;-3,5;19;18,7;17,3;18,7;18,1;17,5;17,1;12,6;95;92;92;146;2,4;1;
2024-01-06;0800;0;916,6;1012;916,6;916,4;-3,5;19;19,1;16,8;19,1;18,2;17,3;16,6;12,6;93;86;86;150;3,3;1,1;
2024-01-06;0900;0;917;1012,5;917;916,6;14,2;19;18,9;17,4;19,1;18,7;17,4;16,6;12,6;91;86;91;152;3;1,2;
2024-01-06;1000;0;917,5;1012,2;917,5;917;536,5;21;21,3;17,5;21,3;18,9;17,7;16,8;12,9;91;79;79;154;3,2;1,2;
2024-01-06;1100;0;918,1;1011,8;918,1;917,5;1423,1;24;24,7;18,3;24,7;21,4;18,7;17,7;13,3;80;67;68;121;4,2;1,8;
2024-01-06;1200;0;918,2;1011,3;918,3;918,1;2235;26;26,5;19,2;26,7;24,6;19,5;17,9;13,7;69;61;64;87;4,9;1,7;
2024-01-06;1300;0;918,3;1010,9;918,3;918,1;2943,2;28;28;19,5;28,2;26,5;19,8;18,2;13,7;65;55;60;null;null;null;
2024-01-06;1400;0;917,9;1010,1;918,3;917,8;3579,8;30;29;17,9;29,5;27,8;20,1;16,3;13,5;61;47;51;90;null;1,8;
2024-01-06;1500;0;917,6;1009,3;917,9;917,5;4003,7;32;30,7;16;30,8;29;19,7;15,7;13,3;56;41;41;213;null;1,2;
2024-01-06;1600;0;917,1;1008,6;917,6;917,1;4162,8;33;31;14,1;31,5;30;17,9;13,2;13,4;48;34;36;null;4,8;null;
2024-01-06;1700;0;916,3;1007,7;917,1;916,3;3440,4;34;31,3;15,4;31,8;29,9;17,7;13,6;13,4;46;34;38;128;null;1,7;
2024-01-06;1800;0;915,7;1007;916,3;915,7;2357,8;33;31,4;16,3;31,7;29,6;18,7;14,6;13,6;50;36;40;216;5,4;2,3;
2024-01-06;1900;0;915,4;1007,3;915,7;915,4;2381,7;33;29,3;18,8;31,4;28,4;19,3;14,1;13,2;56;36;53;315;6,1;2,3;
2024-01-06;2000;0;915,2;1007,6;915,4;915,1;1609;33;27,7;18;29,8;27,7;19,5;17,5;13;57;48;55;49;4,8;2,1;
2024-01-06;2100;0;915,7;1008,5;915,7;915,2;742,5;31;26,7;18,2;27,8;26,5;19,1;17,7;12,9;61;55;60;142;4,8;1,5;
2024-01-06;2200;0;916,4;1009,9;916,4;915,7;92,7;28;24,7;18,5;26,7;24,7;18,6;18,1;12,8;68;60;68;144;3,1;1,3;
2024-01-06;2300;0;917,1;1011,1;917,1;916,4;-3,5;26;23,4;18,1;24,7;23,3;18,6;18,1;12,8;74;68;72;149;2,8;1,4;
2024-01-07;0000;0;917,8;1012,3;917,8;917,1;-3,4;25;22;18,4;23,5;21,8;18,5;17,7;12,8;81;71;80;118;3,7;1;
2024-01-07;0100;0;918,2;1013,1;918,3;917,8;-3,5;23;20,9;19,5;22;20,7;19,5;18,4;12,8;92;80;92;143;2,5;1,1;
2024-01-07;0200;0;918,2;1013,2;918,3;918,1;-3,5;23;20,6;19,5;21,7;20,3;19,5;18,3;12,7;94;81;93;222;2,2;,6;
2024-01-07;0300;0;917,7;1012,6;918,2;917,7;-2,2;22;20,8;19,5;20,8;20,3;19,6;19,2;12,7;94;91;93;185;2,2;1;
2024-01-07;0400;0;917,2;1012,3;917,7;917,2;-3,4;22;20,2;19,5;20,9;20,1;19,6;19,2;12,7;96;92;96;147;1,6;,3;
2024-01-07;0500;0;917;1012,2;917,2;917;-2,7;21;19,9;19,2;20,4;19,9;19,6;19;12,7;96;95;96;143;3,3;,8;
2024-01-07;0600;0;916,7;1011,9;917,1;916,7;-3,4;21;19,6;19;20;19,3;19,4;18,7;12,7;97;96;96;147;2;1,2;
2024-01-07;0700;0;916,7;1011,9;916,7;916,6;-3,1;21;19,7;19,3;19,7;19,2;19,3;18,7;12,6;98;96;97;165;1,9;,3;
2024-01-07;0800;0;917,3;1012,6;917,3;916,7;-2,2;20;19,5;18,8;20;19,3;19,5;18,8;12,6;98;96;96;119;2,8;,7;
2024-01-07;0900;0;918,1;1013,3;918,1;917,3;22,2;20;20;19;20;19;19,3;18,5;12,6;97;94;94;154;2,4;1,2;
2024-01-07;1000;0;918,6;1013;918,6;918;465,8;22;22,7;18,5;22,7;20;19,1;18;13;94;77;77;113;2,9;1,4;
2024-01-07;1100;0;918,9;1012,4;918,9;918,6;1347,7;25;25,3;19;25,4;22,7;19,7;18,5;13,3;79;68;68;126;3,6;1,8;
2024-01-07;1200;0;919,1;1012,1;919,1;918,9;2186;27;26,9;20,3;27,6;25,2;21,5;19;13,6;71;63;67;67;5,3;2;
2024-01-07;1300;0;919,2;1011,7;919,3;919;2916,1;30;28,5;20,4;29,2;27;21,9;19,3;13,5;68;57;62;null;4,3;null;
2024-01-07;1400;0;918,9;1011,4;919,2;918,9;3279,4;31;28,6;19;29,4;27,9;21,5;19;13,7;66;55;56;52;5,7;2,4;
2024-01-07;1500;0;918,3;1010,3;918,9;918,3;3556,7;32;30;17,7;30,5;28,6;21,3;17,5;13,3;62;46;48;353;5,7;1,6;
2024-01-07;1600;0;917,6;1009,2;918,3;917,6;3456,3;33;31;19,4;31,2;29,2;21,5;16,7;13,4;58;43;50;8;3,8;2,2;
2024-01-07;1700;0;916,6;1008,4;917,6;916,6;3103,7;34;30,1;18,4;32;29,9;20,6;16,7;13,3;53;43;49;106;null;1,2;
2024-01-07;1800;0;916,1;1010,2;916,7;916,1;745,4;32;22,8;19,1;30,7;22,1;20,6;17,5;13,1;81;48;79;31;10,4;5,5;
2024-01-07;1900;0;917,4;1012,1;917,4;916,1;896,1;27;21,3;19,8;24,1;21,3;21,5;18,8;13;93;76;91;177;12;5,2;
2024-01-07;2000;0;916,8;1011,3;917,4;916,7;651,2;23;21,7;20,8;22,5;19,4;20,8;15,5;13,1;96;72;95;150;15,1;1,7;
2024-01-07;2100;0;916,4;1010,6;916,8;916;518,1;24;22,6;21;23,2;21,7;22,1;19,5;13;96;80;90;184;3,8;1,4;
2024-01-07;2200;0;917,7;1012,2;917,7;916,5;118;24;22;21,1;22,6;22;21,2;19,8;12,8;94;85;94;213;3;,5;
2024-01-07;2300;0;917,9;1012,5;918;917,5;-1,5;23;21,9;21,1;22;21,5;21,4;20,9;12,8;97;94;96;290;2,6;1,2;
2024-01-08;0000;0;918,7;1013,6;918,7;917,8;-2,2;23;21,2;20,8;21,9;21,2;21,3;20,8;12,7;98;96;98;206;2,9;,6;
2024-01-08;0100;0;918,9;1013,9;919;918,7;-2,2;22;21;20,7;21,4;21;21;20,7;12,7;98;98;98;37;2;,8;
2024-01-08;0200;0;918,7;1013,6;919;918,7;-2,1;22;21,1;20,8;21,4;20,7;21;20,4;12,7;98;98;98;149;1,9;1;
2024-01-08;0300;0;918,4;1013,5;918,7;918,4;-2,2;22;20,6;20,3;21,1;20,6;20,8;20,3;12,7;98;98;98;155;2,7;1,2;
2024-01-08;0400;0;918,1;1013,3;918,4;918,1;-2,9;21;20,2;19,9;20,8;20,1;20,5;19,7;12,7;98;98;98;141;2,2;,6;
2024-01-08;0500;0;917,9;1013,2;918,2;917,9;-3,5;21;19,8;19,5;20,4;19,6;20;19,3;12,7;98;98;98;151;3,2;1,4;
2024-01-08;0600;0;917,2;1012,3;917,9;917,2;-3,4;21;20,2;19,9;20,5;19,8;20,2;19,5;12,7;98;98;98;141;3,2;1,2;
2024-01-08;0700;0;917;1012;917,3;917;-3,3;21;20,5;20,1;20,6;19,9;20,3;19,6;12,7;98;98;98;135;3,1;1,6;
2024-01-08;0800;0;917,3;1012,3;917,3;917;-3,5;21;20,4;19,9;20,5;20,2;20,1;19,6;12,6;98;97;97;141;3,5;1,1;
2024-01-08;0900;0;917,7;1012,7;917,7;917,3;20,1;21;20,6;20;20,7;20,2;20,1;19,7;12,6;97;96;96;141;3,4;1,1;
2024-01-08;1000;0;918,4;1012,8;918,4;917,7;529,5;22;22,5;19,8;22,7;20,6;20,5;19,2;12,9;96;82;85;126;3,7;1,9;
2024-01-08;1100;0;918,7;1012,3;918,7;918,4;1383;24;25,1;20;25,1;22,5;20,1;19,2;13,3;85;73;73;83;4,5;1,2;
2024-01-08;1200;0;919,3;1012,6;919,3;918,7;2216,9;27;26,3;19,5;26,6;24,7;20,6;18,7;13,7;74;65;66;52;5,2;1,9;
2024-01-08;1300;0;919,4;1012,1;919,4;919,3;2917,6;29;28;20,1;28;26,3;21,3;19,4;13,7;71;60;62;84;6,4;1,7;
2024-01-08;1400;0;919,3;1011,7;919,5;919,3;3447,3;30;28,8;21,5;29;27,9;21,5;19;13,5;65;57;65;59;5;2,1;
2024-01-08;1500;0;919,1;1011,2;919,3;919,1;3873,3;31;29,8;21,1;29,9;28,6;22;18,9;13,3;65;54;60;52;6;1,8;
2024-01-08;1600;0;918,2;1010;919,1;918,2;3924,3;32;30,5;19,9;30,6;29,6;21,7;18,5;13,5;63;48;53;75;6,7;1,9;
2024-01-08;1700;0;917,1;1009,5;918,2;917,1;2661,6;33;28,2;21,3;30,7;28,1;21,3;18,4;13,2;66;50;66;50;5,8;1,9;
2024-01-08;1800;0;917,2;1009,9;917,2;916,7;864,1;31;27,5;21;28,3;27,5;21,3;20,2;13;70;62;67;353;4,3;,6;
2024-01-08;1900;0;917;1010,6;917,3;916,8;344,4;28;24,6;19,3;27,6;24,1;21,6;18,6;13,1;74;67;73;194;7,2;2,2;
2024-01-08;2000;0;917,2;1010,6;917,2;917;670,4;27;25,3;19,4;25,6;23,8;19,5;18;13,1;73;65;70;29;6;,7;
2024-01-08;2100;0;917,4;1010,9;917,6;917,2;852,6;28;25;18,1;26,6;25;19,9;17,5;13;72;61;65;155;4,9;1,5;
2024-01-08;2200;0;917,6;1011,9;917,6;917,3;131,4;27;22,7;19;25;22,7;19,7;18;12,9;83;65;80;97;3,3;,5;
2024-01-08;2300;0;919;1013,5;919;917,6;-3,5;25;22,6;18,9;23,4;22,1;19,6;18,6;12,8;84;75;79;127;2,6;1;
2024-01-09;0000;0;919,7;1014,8;919,7;919;-3,5;23;21;19,1;22,7;21;20,3;18,6;12,8;92;78;89;167;2;1,3;
2024-01-09;0100;0;920,2;1015,2;920,3;919,7;-3,5;23;21,2;18,5;21,6;20,6;19,5;18,4;12,8;92;83;85;145;3,4;1,6;
2024-01-09;0200;0;920;1014,9;920,3;920;-3;22;21,7;18,7;21,9;20,7;19,1;18,4;12,7;90;82;83;141;3,4;1,4;
2024-01-09;0300;0;919,2;1014,1;920;919,1;-3,5;22;21,4;19;22;20,8;19,6;18,6;12,7;91;82;86;122;3,2;1,1;
2024-01-09;0400;0;919,3;1014,4;919,4;919,2;-3,5;22;20,9;19,8;21,4;20,7;19,8;18,8;12,7;93;86;93;126;3,2;1;
2024-01-09;0500;0;919;1014;919,4;919;-3,5;22;20,9;19,7;21,1;20,5;20,1;19,6;12,7;95;92;93;121;4,2;1;
2024-01-09;0600;0;918,4;1013,5;919;918,4;-3,5;21;20,6;19,7;21;20,5;19,9;19,5;12,7;95;93;95;164;4,6;,9;
2024-01-09;0700;0;918,7;1013,7;918,7;918,3;-3,4;21;20,9;19,5;21,1;20,5;20;19,5;12,7;95;91;91;119;4,4;1,3;
2024-01-09;0800;0;919,1;1014,5;919,1;918,7;-3,5;21;19,8;18,7;21;19,5;19,5;17,9;12,6;94;85;93;107;3,9;1;
2024-01-09;0900;0;920;1015,6;920;919,1;11,3;21;19,5;18,4;20,1;19,4;18,7;18,1;12,6;93;90;93;121;3,3;,7;
2024-01-09;1000;0;920,2;1014,9;920,2;920;458,2;21;22,1;17,9;22,2;19,5;18,9;17,6;13,1;93;76;77;95;3,8;1,4;
2024-01-09;1100;0;920,7;1014,8;920,7;920,2;1331,7;24;24,1;18,4;24,4;22,1;18,9;17,7;13,6;78;67;71;66;4,4;1,7;
2024-01-09;1200;0;921,1;1015,1;921,2;920,7;1543,9;26;24,5;19,2;24,6;23,6;19,2;17,8;13,7;73;67;72;49;4,5;1,9;
2024-01-09;1300;0;921,5;1015,1;921,5;921,1;2241,9;27;25,9;19;26,2;24;19,9;18;13,7;74;64;66;68;5,8;1,8;
2024-01-09;1400;0;921,4;1015,1;921,5;921,4;2550,1;29;25,7;19,2;26,3;25,4;20,3;18,4;13,7;70;64;67;31;5,4;2,7;
2024-01-09;1500;0;920,6;1013,7;921,5;920,6;2328,5;30;27,2;21,6;27,7;25,6;21,6;18,9;13,5;73;62;71;66;4,7;1,9;
2024-01-09;1600;0;919,8;1012,2;920,6;919,8;3037,4;30;29;21,2;29;26,5;21,5;18,8;13,5;71;58;63;36;5,9;2,8;
2024-01-09;1700;0;918,6;1011,4;919,8;918,6;2438,5;31;27,5;19,4;29,7;27;21,6;18,6;13,1;66;56;61;29;6,2;1,6;
2024-01-09;1800;0;917,7;1010,1;918,6;917,7;1304,1;31;28,6;19,3;29,3;27,2;20,9;18,3;13;67;53;57;58;4,7;1,1;
2024-01-09;1900;0;916,8;1008,7;917,7;916,7;1441,5;31;29,6;19,7;29,6;26,9;20,9;18,5;13,6;68;52;55;71;4,6;1,6;
2024-01-09;2000;0;916,6;1009;916,8;916,5;1627,6;32;28,1;18,8;29,8;28,1;19,9;18;12,9;58;51;57;51;5,4;2;
2024-01-09;2100;0;917;1010,4;917;916,5;584;30;25;19;28,1;25;20;18,4;13;69;56;69;52;8,9;2,9;
2024-01-09;2200;0;917,7;1011,8;917,7;917;57;27;23,3;19;25;23,2;19,2;18,9;12,8;78;69;77;100;6,4;,9;
2024-01-09;2300;0;919;1013,6;919;917,7;-3,3;25;22,2;18,4;23,4;22,2;19,1;18,2;12,8;80;75;79;95;3,8;1,2;
2024-01-10;0000;0;919,6;1014,3;919,7;919;-2,9;24;22;18,8;22,4;21,9;19;18,2;12,8;84;78;82;122;2,7;1;
2024-01-10;0100;0;920,1;1014,9;920,1;919,6;-1,4;23;22;19,4;22,1;21,6;19,8;18,7;12,8;89;82;85;169;2,6;,7;
2024-01-10;0200;0;920,5;1015,3;920,5;920,1;-2;23;22;19,1;22,3;21,9;19,5;19;12,8;86;82;84;157;2;,8;
2024-01-10;0300;0;919,8;1014,7;920,5;919,8;-2,8;23;21,5;20,3;22;21,5;20,3;19,1;12,7;93;84;93;103;2,5;,9;
2024-01-10;0400;0;919,4;1014,2;919,9;919,4;-1,7;23;21,7;19,3;22;21,5;20,3;19,2;12,7;93;84;86;158;2,4;1,1;
2024-01-10;0500;0;919,4;1014,3;919,6;919,3;-2,6;23;21,3;20;21,8;21,3;20,1;19,2;12,7;93;85;92;166;2,2;,7;
2024-01-10;0600;0;919,2;1014,3;919,5;919,2;-2,3;22;20,8;20,1;21,5;20,8;20,2;19,7;12,7;96;89;96;192;2;,8;
2024-01-10;0700;0;919,3;1014,4;919,3;918,8;-3,5;22;20,8;20;20,9;20,5;20,1;19,8;12,6;96;95;96;103;2,1;,8;
2024-01-10;0800;0;919,5;1014,7;919,5;919,2;-2,9;22;20,5;20;20,8;20,5;20,3;20;12,6;97;95;97;193;1,5;,7;
2024-01-10;0900;0;919,9;1015,4;919,9;919,5;10,6;21;19,9;19,5;20,6;19,8;20,1;19,4;12,6;97;97;97;133;1,6;,8;
2024-01-10;1000;0;920;1015,1;920,1;919,9;165,4;21;21;20,4;21;19,8;20,4;19,3;12,8;98;96;96;193;1,6;,3;
2024-01-10;1100;0;919,9;1013,7;920;919,7;1209,4;24;24,7;18,5;25,2;21;20,5;18,2;13,3;96;67;68;10;4,9;1,8;
2024-01-10;1200;0;920,4;1014,1;920,4;919,9;1834;27;25,4;18,3;25,7;24,6;19,3;18;13,6;69;64;65;341;5,3;2,1;
2024-01-10;1300;0;920,2;1013,4;920,4;920,2;2088;28;26,9;19,7;27;25,1;20,1;18,2;13,7;68;62;65;332;5,2;2,2;
2024-01-10;1400;0;919,9;1013,2;920,1;919,8;1830,3;29;26,5;20,5;27,4;25,4;20,5;18,3;13,7;69;60;69;330;8,8;4;
2024-01-10;1500;0;919,4;1012,6;919,9;919,4;1798,1;29;26,5;19,7;27,1;25;21;18,9;13,4;72;64;66;281;8;2,4;
2024-01-10;1600;0;918,6;1011,3;919,4;918,6;1593,7;29;27,9;19,5;28,3;26,2;21,6;18;13,7;70;57;60;337;6,2;2,6;
2024-01-10;1700;0;918,3;1011,1;918,7;918,3;2084,5;30;27,4;18,4;29;26,6;20,2;17,7;13,2;64;53;58;330;7,5;2,7;
2024-01-10;1800;0;917,8;1010,8;918,3;917,7;2482,7;31;26,5;19,9;29,6;25,5;22,4;18,3;13,6;71;52;67;122;6,6;1,8;
2024-01-10;1900;0;917,3;1010,8;917,8;917,3;1006,4;29;25;19,9;26,5;25;20,1;18,8;13,2;74;65;74;142;5,3;2,1;
2024-01-10;2000;0;917,4;1011,2;917,4;916,9;589,9;28;24,2;20,2;25,3;24,2;20,7;19,7;13;79;73;78;103;6,8;1,3;
2024-01-10;2100;0;917,7;1012,2;917,8;917,4;212,7;25;22,1;20,9;24,2;22;21,2;19,8;13;95;78;93;125;6,8;1,6;
2024-01-10;2200;0;918,1;1012,8;918,1;917,7;93,5;24;21,6;20,7;22,1;21,6;21;20,7;12,8;96;93;95;120;3,5;1,3;
2024-01-10;2300;0;918,7;1013,6;918,7;918;-2,4;23;21,2;20,5;21,6;21,2;20,7;20,5;12,8;96;94;96;205;3,3;1,5;
2024-01-11;0000;0;919,5;1014,4;919,5;918,7;-1,2;23;21,3;20,6;21,4;21,2;20,7;20,4;12,8;96;94;96;113;2,5;,6;
2024-01-11;0100;0;920,1;1015,1;920,1;919,5;-1,9;22;21,2;20,4;21,5;21;20,7;20,4;12,8;97;94;95;149;2,6;1;
2024-01-11;0200;0;920,6;1015,7;920,6;920,1;-1,8;22;21,2;20,7;21,2;21,1;20,7;20,4;12,7;97;95;97;290;2,4;1,1;
2024-01-11;0300;0;920,3;1015,5;920,6;920,2;-2,5;22;20,9;20,6;21,2;20,9;20,8;20,6;12,7;98;97;98;159;1,5;,5;
2024-01-11;0400;0;919,6;1014,8;920,3;919,6;-1,9;22;20,6;20,3;20,9;20,6;20,6;20,3;12,7;98;98;98;235;1,6;1,1;
2024-01-11;0500;0;920,1;1015,2;920,1;919,6;-1,8;22;21;20,7;21;20,6;20,7;20,3;12,7;98;98;98;291;4,7;2,6;
2024-01-11;0600;0;919,8;1015;920,1;919,8;-2,4;22;20,5;20;21;20,5;20,7;19,9;12,7;98;96;97;294;5,1;1,3;
2024-01-11;0700;0;919;1014,1;919,8;919;-1,8;22;20,6;20,2;20,8;20,5;20,4;20;12,7;98;97;98;257;3,2;2;
2024-01-11;0800;0;919,1;1014,4;919,2;919;-2,6;21;20,2;19,9;20,6;20,2;20,2;19,9;12,6;98;98;98;52;3,2;,6;
2024-01-11;0900;0;919;1014,2;919,1;919;17,9;21;20,3;20;20,3;20;20;19,7;12,6;98;98;98;115;2,4;,9;
2024-01-11;1000;0;919,3;1014,4;919,3;919;213,2;21;20,9;20,5;20,9;20,3;20,6;20;13;98;97;97;156;2,5;1,2;
2024-01-11;1100;0;919,8;1014,5;919,8;919,3;573,6;22;22,2;20,5;22,2;20,9;20,9;20,3;13,4;97;91;91;158;2,4;1,3;
2024-01-11;1200;0;920,1;1013,8;920,1;919,8;2284,5;25;25,3;20,4;25,3;22,2;21,1;19,2;13,7;92;71;74;118;3,9;1,3;
2024-01-11;1300;0;920;1013;920,2;920;3005;28;27,3;19,5;27,5;25,1;21,1;18,8;13,8;74;60;62;328;3,2;1,1;
2024-01-11;1400;0;919,9;1013;920,2;919,9;2300,6;30;27;18,4;28,2;26,6;20,8;18,4;13,5;67;58;60;275;5,5;2,1;
2024-01-11;1500;0;919,6;1012,3;920;919,6;2396,9;30;28;20,3;28,4;25,5;21,8;18,4;13,5;74;59;63;262;6,3;3,3;
2024-01-11;1600;0;918,9;1011,3;919,6;918,9;3108,8;31;28,7;19,2;29,2;28;22;19;13,6;66;56;57;null;null;null;
2024-01-11;1700;0;917,9;1010;918,9;917,9;3505,2;32;29,6;19;30;28,4;21;18,5;13,5;62;53;53;292;6,6;3,1;
2024-01-11;1800;0;917;1008,7;917,9;917;3123,9;32;30,5;19,5;30,6;28,2;20,5;18;13,6;59;49;52;298;7,4;2,9;
2024-01-11;1900;0;916,1;1007,9;917;916,1;2152,1;32;29,8;17,2;30,5;28,1;20,9;17;13,5;60;46;47;316;7;3,4;
2024-01-11;2000;0;916,1;1008;916,2;916,1;1548,9;32;29,5;18,2;29,9;28,4;18,6;16,6;13,1;52;46;51;277;7;3,6;
2024-01-11;2100;0;916,5;1009;916,5;916;656,8;31;27,9;17,9;29,6;27,7;18,6;17,4;13;55;49;55;284;6,5;3,1;
2024-01-11;2200;0;917,1;1010,5;917,1;916,5;102,5;29;25,1;19;27,9;25,1;19,4;17,4;12,8;69;54;69;254;5,4;2,5;
2024-01-11;2300;0;917,8;1011,7;917,8;917,1;-3,5;27;23,9;20,6;25,1;23,9;20,8;19;12,8;83;69;82;279;3,7;,8;
2024-01-12;0000;0;918,4;1012,6;918,4;917,8;-3,3;25;23,2;21,2;24,1;23,1;21,3;20;12,8;90;78;88;337;2,2;,7;
2024-01-12;0100;0;918,6;1012,9;918,7;918,4;-3,1;25;22,9;21,6;23,2;22,7;21,8;20,3;12,8;95;84;93;298;1,6;,4;
2024-01-12;0200;0;918,5;1013,1;918,6;918,4;-3,1;24;22;21,4;22,9;22;21,8;21,1;12,8;96;89;96;222;2,5;,6;
2024-01-12;0300;0;918,1;1013;918,5;918,1;-3,5;23;21,1;20,7;22,3;21,1;21,5;20,7;12,7;97;94;97;35;2;,6;
2024-01-12;0400;0;917,6;1012,6;918,1;917,5;-3,1;22;20,5;20,1;21,2;20,5;20,7;20,1;12,7;98;97;98;50;1,7;,4;
2024-01-12;0500;0;917,5;1012,5;917,7;917,5;-2,2;22;20,6;20,2;20,7;20,4;20,3;20,1;12,7;98;98;98;18;1,2;,7;
2024-01-12;0600;0;916,8;1011,7;917,5;916,8;-2;22;20,5;20,2;20,6;20,4;20,3;20,1;12,7;98;98;98;161;2,3;,9;
2024-01-12;0700;0;916,8;1011,8;916,8;916,6;-2,9;21;20,2;19,9;20,5;20,2;20,2;19,9;12,7;98;98;98;139;1,8;,4;
2024-01-12;0800;0;916,8;1011,9;916,9;916,8;-2,7;21;20;19,8;20,3;20;20;19,7;12,6;98;98;98;154;1,7;,8;
2024-01-12;0900;0;917,5;1012,7;917,5;916,8;16,1;21;19,8;19,5;20,1;19,6;19,8;19,4;12,6;98;98;98;151;1,7;,8;
2024-01-12;1000;0;918;1012,6;918;917,5;379,5;22;21,8;20,9;21,9;19,8;21,3;19,6;13,1;98;94;94;146;1,8;,8;
2024-01-12;1100;0;918;1011,7;918,1;917,9;1064,9;24;24,4;20,5;24,5;21,6;21,5;20,3;13,4;96;78;79;156;2,4;1;
2024-01-12;1200;0;918,6;1011,6;918,6;918;1936,9;27;26,9;20,3;27;24,4;21,1;19,5;13,6;79;67;67;275;4,5;1,9;
2024-01-12;1300;0;918,5;1011,2;918,7;918,4;2827,8;29;27,9;19,7;28,1;26,5;20,9;19,2;13,5;69;59;61;291;5,4;2,3;
2024-01-12;1400;0;918,3;1010,9;918,5;918,2;3061,8;30;28;19,4;29,3;27,6;21,1;18,7;13,7;64;55;59;329;6,6;2,9;
2024-01-12;1500;0;917,7;1010,2;918,3;917,7;1625,5;30;28,2;19,8;28,7;27,5;20,8;19;13,5;64;57;60;292;6,6;2,5;
2024-01-12;1600;0;917,1;1010,5;917,7;917,1;2116,3;30;25,3;19,9;29,6;23,6;20,9;17,9;13,8;80;57;72;340;10,2;,8;
2024-01-12;1700;0;916,4;1009,7;917,1;916,4;1263,1;29;25,3;21,9;26;24,5;21,9;19,6;13,2;83;71;81;336;4,2;1,3;
2024-01-12;1800;0;915,7;1008,1;916,4;915,4;1148,1;29;27,8;21,9;27,8;25,3;22,5;21,4;13,7;84;70;70;181;3,8;1,8;
2024-01-12;1900;0;915,5;1008,1;915,7;915,3;1121,6;30;27;21,4;28,4;26,9;22,2;20,1;13;74;62;72;154;3,8;,9;
2024-01-12;2000;0;916,1;1011,2;916,6;915,4;295;27;19,7;19,3;27,1;19,7;22,1;18,7;12,9;97;69;97;29;14,8;8;
2024-01-12;2100;0;916,6;1011,6;917,5;916,1;20,5;23;20,3;20;20,5;19,7;20,2;19,3;12,8;98;97;98;120;13,8;1,2;
2024-01-12;2200;0;917,6;1012,6;917,6;916,6;4;22;20,4;20,1;20,5;20,3;20,2;20;12,8;98;98;98;114;2,9;1,4;
2024-01-12;2300;0;918,3;1013,4;918,4;917,6;,1;22;20,4;20,1;20,4;20,2;20,1;20;12,8;98;98;98;158;2,9;1,2;
2024-01-13;0000;0;918,7;1013,8;918,7;918,3;-,8;22;20,5;20,2;20,5;20,3;20,2;20,1;12,7;98;98;98;87;2,6;,7;
2024-01-13;0100;0;919,2;1014,4;919,2;918,7;-1,2;22;20,5;20,3;20,6;20,4;20,4;20,1;12,7;98;98;98;137;2;1;
2024-01-13;0200;0;919;1014;919,3;919;-1,1;22;20,9;20,6;20,9;20,5;20,6;20,3;12,7;98;98;98;164;2,8;,9;
2024-01-13;0300;0;918,9;1014;919;918,8;-1,1;22;20,7;20,4;21;20,6;20,7;20,3;12,7;98;98;98;194;2,1;,3;
2024-01-13;0400;0;918,7;1013,7;919;918,7;-,5;22;20,8;20,5;20,8;20,6;20,5;20,3;12,7;98;98;98;248;1,2;,6;
2024-01-13;0500;0;918,2;1013,3;918,7;918;-1,4;22;20,5;20,2;20,8;20,4;20,6;20,2;12,7;98;98;98;158;1,7;,8;
2024-01-13;0600;0;917,5;1012,6;918,2;917,5;-2,3;21;20,2;19,9;20,6;20,2;20,3;19,9;12,6;98;98;98;140;1,8;,7;
2024-01-13;0700;0;917,4;1012,5;917,6;917,2;-2,2;21;20,1;19,8;20,3;20,1;20;19,8;12,6;98;98;98;152;3;1;
2024-01-13;0800;0;918,2;1013,5;918,2;917,4;-2,4;21;19,9;19,6;20,2;19,9;20;19,6;12,6;99;98;98;114;2,5;,5;
2024-01-13;0900;0;918,6;1013,9;918,6;918,2;19,8;21;20;19,8;20;19,7;19,8;19,4;12,6;98;98;98;130;2,4;1,1;
2024-01-13;1000;0;919;1013,6;919;918,6;542,2;22;22,1;20,8;22,1;19,9;20,9;19,6;13,2;98;92;92;155;2,4;1,4;
2024-01-13;1100;0;919,6;1013,8;919,6;919;1244,7;24;23,4;20,5;23,7;22,1;21,3;19,6;13,4;93;80;84;143;3;1,4;
2024-01-13;1200;0;920;1013,6;920;919,6;1890,3;26;25,4;20,6;25,8;23,4;20,9;19,7;13,7;85;70;75;98;3,5;1;
2024-01-13;1300;0;920;1012,8;920;919,9;2670,9;28;27,9;20,6;28,2;25,4;21,3;19,6;13,7;75;62;64;108;4,5;1,5;
2024-01-13;1400;0;919,3;1012;920;919,3;3053,2;30;28;19,9;28,7;27,4;21,7;19,5;13,5;69;60;61;31;3,9;1,9;
2024-01-13;1500;0;918,5;1010,5;919,3;918,5;4132,5;32;30;20,9;30,2;28;21,4;18,2;13,5;64;51;58;68;null;1,1;
2024-01-13;1600;0;917,8;1010;918,5;917,6;2299,1;33;29,2;19,7;30,4;28,7;20,9;18,2;13,3;60;51;57;306;3,5;1;
2024-01-13;1700;0;918,8;1013,9;918,8;917,8;311,8;27;20,7;20,4;29,2;19,6;20,7;19;13,1;98;56;98;323;13,9;2,1;
2024-01-13;1800;0;919,6;1015;919,7;918,8;39,6;23;20,1;19,8;21,1;20;20,7;19,8;12,8;99;98;98;275;7,3;,8;
2024-01-13;1900;0;918,5;1013,8;919,6;918,4;47,7;22;19,8;19,6;20,2;19,8;19,9;19,6;12,8;98;98;98;333;2,4;,4;
2024-01-13;2000;0;918,7;1014;918,8;918,5;75,5;22;20;19,7;20,1;19,8;19,8;19,6;12,8;98;98;98;168;1,6;,7;
2024-01-13;2100;0;919,4;1014,9;919,4;918,7;34,6;21;19,6;19,4;20;19,6;19,7;19,4;12,8;99;98;99;132;2,1;,8;
2024-01-13;2200;0;919,6;1015,2;919,6;919,4;10,7;21;19,4;19,2;19,6;19,4;19,4;19,1;12,8;99;99;99;136;1,9;,8;
2024-01-13;2300;0;919,9;1015,5;919,9;919,6;-1;21;19,4;19,1;19,4;19,3;19,2;19,1;12,7;99;99;99;125;2;,7;
2024-01-14;0000;0;920,5;1016,2;920,5;919,9;-1,9;21;19,4;19,2;19,4;19,3;19,2;19,1;12,7;99;99;99;144;1,8;1;
2024-01-14;0100;0;920,6;1016,3;920,7;920,5;-2,1;20;19,4;19,2;19,4;19,3;19,2;19,1;12,7;99;99;99;148;2,3;1;
2024-01-14;0200;0;921;1016,6;921;920,6;-1,7;20;19,7;19,5;19,7;19,4;19,5;19,2;12,7;99;99;99;142;2,8;1,4;
2024-01-14;0300;0;921,1;1016,8;921,1;920,9;-1,5;20;19,6;19,3;19,9;19,6;19,6;19,3;12,7;99;98;98;140;3,2;,7;
2024-01-14;0400;0;920,6;1016,3;921,2;920,6;-2,8;20;19,4;19,1;19,7;19,3;19,3;19,1;12,6;98;98;98;121;2,6;1,4;
2024-01-14;0500;0;919,9;1015,6;920,6;919,9;-2,2;20;19,3;19;19,4;19,3;19,1;18,9;12,6;98;98;98;135;3,6;1,7;
2024-01-14;0600;0;919,6;1015,3;920;919,6;-2,9;20;19,2;18,9;19,4;19,1;19;18,8;12,6;98;98;98;125;4,1;1,5;
2024-01-14;0700;0;919,6;1015,3;919,7;919,5;-2,7;20;19;18,7;19,2;18,9;18,9;18,6;12,6;98;98;98;162;2,9;1,3;
2024-01-14;0800;0;920,2;1016;920,2;919,6;-3,1;20;18,9;18,7;19;18,9;18,8;18,6;12,6;99;98;99;139;3,4;1,1;
2024-01-14;0900;0;920,9;1016,6;920,9;920,2;4,8;20;19,4;19;19,4;18,9;19;18,7;12,6;99;98;98;136;4;1,7;
2024-01-14;1000;0;921,3;1016,9;921,3;920,9;147,2;20;19,9;19,3;19,9;19,4;19,3;19;12,9;98;96;96;123;4,8;1,7;
2024-01-14;1100;0;921,7;1017;921,7;921,3;376,8;21;20,8;19,9;20,8;19,9;19,9;19,3;13,2;96;94;95;119;5,1;1,5;
2024-01-14;1200;0;921,8;1016,5;921,8;921,7;944;22;22,7;19,2;22,8;20,8;20;18,8;13,6;95;80;81;121;3,9;1,6;
2024-01-14;1300;0;921,8;1015,9;921,9;921,8;1739,5;25;24,4;19,5;24,8;22,7;20,5;18,9;13,6;82;74;74;60;4,5;1,4;
2024-01-14;1400;0;921,6;1015,6;921,8;921,6;1375,6;26;24,7;20,3;24,8;24;20,5;19;13,6;79;73;76;110;3,4;1,2;
2024-01-14;1500;0;921,5;1015,4;921,6;921,5;1326,5;27;24,9;20,5;24,9;24,3;20,7;19,8;13,7;80;75;76;104;3,5;,9;
2024-01-14;1600;0;921,2;1015,2;921,5;921,2;1521,4;27;24,6;20,6;25,1;24,4;21,5;20,1;13,7;82;74;79;133;2,6;1,3;
2024-01-14;1700;0;920,2;1013,4;921,3;920,2;1998;28;26,8;19,2;27;24,6;21,7;19,2;13,7;83;63;63;86;2,7;1,2;
2024-01-14;1800;0;918,9;1011,5;920,2;918,9;3026,2;30;28,2;19,8;28,3;26,7;20,9;18,4;13,6;69;56;61;64;2,8;1;
2024-01-14;1900;0;918,4;1010,8;918,9;918,3;2749,3;31;28,6;17,6;29,7;27,6;20,4;17,6;13,5;65;51;51;205;3;,9;
2024-01-14;2000;0;918,3;1010,8;918,4;918,2;1753,8;32;28,2;18,9;29,7;28,2;20;17,7;13,1;60;51;57;190;3,5;1;
2024-01-14;2100;0;918,4;1011,4;918,4;918,3;625,9;31;26,9;20,3;28,7;26,9;20,4;18,8;13;67;56;67;240;2,7;1,4;
2024-01-14;2200;0;918,8;1012,5;918,8;918,3;119,6;29;24,8;20,8;26,9;24,7;21,5;19,9;12,8;82;66;78;301;2,4;1,2;
2024-01-14;2300;0;919,3;1013,4;919,3;918,8;-3,5;27;23,7;22,1;24,9;23,7;22,4;20,6;12,8;92;77;90;167;1,8;,7;
2024-01-15;0000;0;919,8;1014,2;919,8;919,3;-3,4;25;23;21,8;23,8;22,9;22,3;20,7;12,8;94;83;93;147;1,7;1;
2024-01-15;0100;0;920,2;1014,9;920,2;919,8;-3,5;24;22,1;21,4;23;22,1;21,9;21,3;12,8;96;93;96;177;1,7;,7;
2024-01-15;0200;0;921,2;1015,7;921,2;920,2;-2;24;23,1;21,1;23,1;22,1;22;21,1;12,8;97;89;89;298;2,8;1,3;
2024-01-15;0300;0;920,9;1016;921,4;920,8;-1,4;23;21,4;21;23,1;21,1;21,4;20,7;12,8;98;86;98;42;6,7;2,3;
2024-01-15;0400;0;921;1016,2;921;920,5;-,4;23;21;20,6;21,7;21;21,1;20,6;12,8;98;96;97;306;6,7;1,9;
2024-01-15;0500;0;920,8;1016,2;921,7;920,8;-1,1;22;20,3;20,1;21;20,3;20,6;20;12,7;98;97;98;325;5,9;3,6;
2024-01-15;0600;0;921;1016,4;921,3;920,8;-1,3;22;20,3;20,1;20,4;20,3;20,1;20;12,7;98;98;98;294;5,9;1;
2024-01-15;0700;0;920,2;1015,6;921;920,2;-1,2;22;20,3;20;20,4;20,3;20,1;20;12,7;98;98;98;295;4,2;2,4;
2024-01-15;0800;0;920,5;1015,8;920,5;919;-,4;21;20,4;20,2;20,5;20,3;20,2;20;12,7;99;98;99;324;11,6;3,5;
2024-01-15;0900;0;921,7;1017,2;921,8;920,5;,1;21;20,2;19,9;20,4;20,2;20,2;19,9;12,7;99;98;98;295;7,8;1,7;
2024-01-15;1000;0;922,2;1017,8;922,2;921,5;73;21;20,3;19,8;20,4;20,2;20;19,7;12,8;98;97;97;271;5,8;1,8;
2024-01-15;1100;0;922,8;1018,4;922,8;922,2;188,9;21;20,3;20;20,4;20,3;20;19,8;13;98;97;98;338;3,2;1,3;
2024-01-15;1200;0;922,9;1018,2;922,9;922,7;492,6;22;21,2;18,5;21,3;20,3;20;18,1;13,3;98;82;85;224;3,2;,8;
2024-01-15;1300;0;922,6;1017,8;922,9;922,6;666,1;23;21,6;18,7;21,9;21,2;18,7;17,8;13,3;85;79;83;323;2,4;1,2;
2024-01-15;1400;0;922,5;1016,9;922,7;922,5;1302,1;24;23,8;19,9;23,8;21,6;19,9;18,6;13,8;85;75;79;316;3,9;1,9;
2024-01-15;1500;0;922,3;1016,6;922,6;922,3;1886,2;26;24,2;19,6;24,6;23,6;20,1;18,8;13,8;79;73;75;343;5,4;3;
2024-01-15;1600;0;921,9;1015,4;922,3;921,9;3269,1;28;26,5;19,6;26,7;24,3;20,6;18,8;13,8;77;64;66;319;5,4;1,5;
2024-01-15;1700;0;921,1;1014,3;921,9;921,1;2874,2;29;27,1;20;27,2;25,9;20,8;18,9;13,8;70;63;65;1;4,5;1,9;
2024-01-15;1800;0;920,4;1013,8;921,1;920,4;3055,7;30;26,3;19,6;27,8;26,3;21,1;18,6;13,5;69;59;67;297;7,4;3,1;
2024-01-15;1900;0;919,6;1012,6;920,4;919,6;2788,7;30;27,1;19,5;27,9;26,3;20,2;18,8;13,5;67;59;64;298;5,6;2,1;
2024-01-15;2000;0;919,5;1012,4;919,6;919,4;1479,1;30;27,4;19,4;27,8;26,2;20,1;18,3;13,2;65;60;62;326;4,4;1,8;
2024-01-15;2100;0;919,6;1012,7;919,6;919,4;1019,5;30;26,9;18,6;28,1;26,9;19,8;18,6;13;63;58;60;293;3,8;1,4;
2024-01-15;2200;0;919,7;1014,1;919,7;919,5;93,7;28;23,1;19,8;26,9;23,1;19,9;18,5;12,8;82;60;82;224;3,3;2,4;
2024-01-15;2300;0;920,3;1015;920,3;919,7;-3,3;25;22,3;21,1;23,1;22;21,1;19,8;12,8;94;82;93;218;3,2;1,2;
2024-01-16;0000;0;921;1016,1;921;920,2;-3,5;24;21,3;20,8;22,3;21,3;21,1;20,6;12,8;97;92;97;47;2,4;1,6;
2024-01-16;0100;0;921,9;1017,1;921,9;921;-2,3;23;21,3;20,9;21,9;21,3;21,1;20,7;12,8;97;95;97;173;2,4;,9;
2024-01-16;0200;0;921,9;1017,3;922,1;921,8;-3,3;22;20,7;20,4;21,7;20,7;21,1;20,3;12,8;98;95;98;154;1,7;1;
2024-01-16;0300;0;921,3;1016,8;921,9;921,3;-3,5;22;20,1;19,9;20,7;20,1;20,4;19,9;12,7;99;98;99;166;1,8;,8;
2024-01-16;0400;0;920,5;1016;921,3;920,5;-2,5;22;20,1;19,8;20,4;19,9;20,1;19,6;12,7;99;98;99;164;1,8;1,1;
2024-01-16;0500;0;920,3;1015,6;920,6;920,2;-,6;21;20,5;20,3;20,6;20,1;20,4;19,9;12,7;99;98;99;132;2,4;1;
2024-01-16;0600;0;920;1015,3;920,3;920;-2,1;21;20,4;20,1;20,6;20,4;20,4;20,1;12,7;99;98;98;119;2;,4;
2024-01-16;0700;0;920,1;1015,4;920,3;919,9;-3,4;21;20,4;20,2;20,4;20,1;20,2;19,9;12,7;99;98;99;149;2,5;1,4;
2024-01-16;0800;0;920,2;1015,5;920,2;919,8;-3,1;21;20,5;20,1;20,6;20,4;20,3;20;12,6;99;98;98;144;3,3;1,4;
2024-01-16;0900;0;921,1;1016,5;921,1;920,2;9,5;21;20,4;20;20,5;20,2;20,1;19,8;12,6;98;97;97;141;3,1;1,2;
2024-01-16;1000;0;922;1017,2;922;921,1;275,9;22;21,4;20,6;21,4;20,4;20,6;19,9;12,9;97;93;95;135;3,2;1,3;
2024-01-16;1100;0;922,1;1016,2;922,2;922;931,5;23;24,5;19,9;24,5;21,4;21,2;19,7;13,4;95;75;76;107;3,6;1,6;
2024-01-16;1200;0;922,4;1015,9;922,5;922,1;1825,8;26;26,5;20,7;26,6;24,1;21,3;19,4;13,6;80;69;70;127;4;1,6;
2024-01-16;1300;0;921,9;1014,9;922,5;921,9;2388,8;29;27,9;21;27,9;26,2;21,8;19,9;13,4;74;64;66;138;4,9;1,1;
2024-01-16;1400;0;921,3;1013,9;921,9;921,3;2403,4;30;29;20,5;29;27,1;22;18,4;13,5;71;55;60;352;3,5;1,7;
2024-01-16;1500;0;920,7;1013;921,3;920,7;3065,8;31;29,6;19,7;30,5;28,4;21,6;18,3;13,4;63;51;55;352;5,5;2,1;
2024-01-16;1600;0;920,2;1012,9;920,7;920,2;2204,8;32;28,2;20,7;29,6;27,4;22,4;18,6;13,5;69;54;64;158;6,1;1,9;
2024-01-16;1700;0;919,4;1011,7;920,2;919,4;3066,4;32;29,4;20,1;30,7;28,2;21,9;19,2;13,5;66;51;57;51;4,1;1,5;
2024-01-16;1800;0;918,4;1010,3;919,4;918,4;3212,5;34;30,2;18,5;31,6;29,4;20,7;16,9;13,6;57;43;50;353;5,6;1,6;
2024-01-16;1900;0;917,8;1009,6;918,5;917,8;2530,2;34;30,5;17,6;31,8;30,2;20,5;16,6;13,2;54;42;46;19;5,5;2,7;
2024-01-16;2000;0;918;1010,1;918;917,7;1789,9;34;29,5;18,7;31,4;29,5;20;16,6;13,3;55;42;53;251;7;4;
2024-01-16;2100;0;918,4;1010,9;918,4;918;1237,5;33;28,5;20,3;31;28,3;20,9;17,8;12,9;62;46;61;192;6,8;1,1;
2024-01-16;2200;0;919;1012,7;919;918,4;206,6;31;24,8;20,2;29,1;24,8;21,8;19,8;12,8;76;58;76;173;3;1,1;
2024-01-16;2300;0;919,8;1014,2;919,8;919;-3,5;27;23,1;21;25,1;23;21,3;19,6;12,8;89;72;88;97;4,4;,9;
2024-01-17;0000;0;920,5;1015,3;920,5;919,8;-3,5;25;22,1;21,5;23,1;21,9;21,5;20,3;12,8;97;85;96;116;2,2;,7;
2024-01-17;0100;,2;920,9;1015,6;921;920,4;-3,3;24;22,5;20,8;22,5;21,6;21,5;20,8;12,8;97;90;90;149;3,2;1,7;
2024-01-17;0200;0;920,8;1015,6;921,2;920,8;-3,5;23;22,2;19,6;22,6;21,9;20,8;19,5;12,8;93;84;85;145;3,2;1,2;
2024-01-17;0300;0;920,3;1015,5;921;920,3;-3,5;23;20,9;20,3;22,4;20,8;20,3;19,1;12,7;97;82;97;154;2,5;1,1;
2024-01-17;0400;,2;920,1;1015,4;920,3;920,1;-3,3;22;20,3;20;20,9;20,2;20,4;19,9;12,7;98;97;98;149;2;,9;
2024-01-17;0500;0;920,3;1015,8;920,3;920,1;-3,5;22;19,8;19,6;20,4;19,8;20,1;19,6;12,7;99;98;99;170;1,5;,7;
2024-01-17;0600;0;920,5;1016,1;920,6;920,3;-3,1;21;19,7;19,5;20,1;19,7;19,9;19,5;12,7;99;99;99;123;1,8;,4;
2024-01-17;0700;,2;920,5;1016,2;920,7;920,5;-3,5;21;19,3;19,1;19,7;19,1;19,5;18,9;12,7;99;99;99;155;1,4;,6;
2024-01-17;0800;0;920,7;1016,4;920,7;920,5;-3,2;21;19,3;19,1;19,6;19,2;19,4;19;12,6;99;99;99;158;2,4;1,7;
2024-01-17;0900;0;921,1;1016,8;921,1;920,7;19,8;20;19,5;19,2;19,5;19,1;19,2;18,9;12,6;99;99;99;159;2,4;,8;
2024-01-17;1000;0;921,5;1016,5;921,5;921,1;461,1;21;21,7;20,4;21,7;19,5;20,6;19,2;12,9;99;92;92;152;2,1;1,3;
2024-01-17;1100;,2;921,7;1015,5;921,7;921,5;1301,4;24;25,4;21,3;25,4;21,7;21,3;19,6;13,4;93;76;78;160;2,7;1,4;
2024-01-17;1200;0;921,7;1014,4;921,8;921,5;2149,9;28;28,8;21;28,9;25,5;21,9;20,6;13,7;79;61;63;139;2,7;1;
2024-01-17;1300;,2;922;1014,8;922;921,7;2418,2;30;28,6;19,8;30,1;28,6;21,7;18,9;13,2;64;54;59;274;4,9;2,6;
2024-01-17;1400;0;922;1014,3;922;921,9;3031,7;31;30,2;19;30,9;28,4;21,5;19;13,5;60;50;51;258;5,6;2,4;
2024-01-17;1500;0;921,4;1013,4;922;921,3;3106,3;33;31;19,4;31,9;29,7;20,8;18,1;13,7;55;46;50;278;6,2;2,7;
2024-01-17;1600;,2;920,9;1013,3;921,4;920,9;2556,8;33;29,6;19,7;31,8;29,6;21,3;18,8;13,1;57;47;55;270;7,1;2,6;
2024-01-17;1700;0;920,4;1014,6;920,9;920,4;391;30;23,9;22,6;29,6;23,9;22,7;19,4;13,1;92;55;92;69;7,3;1,5;
2024-01-17;1800;0;919,4;1011,8;920,4;919,4;2385,1;29;28,9;23,6;28,9;23,8;25,6;22,1;13,6;96;73;73;130;3;1,4;
2024-01-17;1900;,2;918,7;1011,4;919,4;918,5;1831,9;31;27,9;22,7;29,7;27,9;24,3;21,8;13;77;63;74;148;3,2;1,1;
2024-01-17;2000;0;918,7;1013,1;920,3;918,7;246,9;29;22,8;18,9;28;20,4;24,3;16,7;13;92;72;79;205;17,9;6,8;
2024-01-17;2100;0;918,8;1012,8;918,8;918,5;441,9;26;24;20,4;24;22,8;20,7;18,8;13;86;75;80;93;10;1;
2024-01-17;2200;,2;919,2;1013,9;919,2;918,7;207;25;22;20,8;24,1;22;21;18,6;12,8;93;77;93;136;2,5;,6;
2024-01-17;2300;0;919,8;1014,7;919,9;919,2;-1,1;24;21,4;20,8;22;21,3;21;20,7;12,8;97;93;96;146;1,9;1,2;
2024-01-18;0000;0;919,7;1014,7;919,9;919,5;-2,6;23;21,1;20,8;21,4;21;21;20,6;12,8;98;96;98;116;2,9;,7;
2024-01-18;0100;,2;920,2;1015,5;920,2;919,7;-3,2;22;20,5;20,3;21,1;20,5;20,8;20,3;12,7;99;98;99;151;1,5;1;
2024-01-18;0200;0;920,2;1015,5;920,4;920,2;-2,4;22;20,6;20,4;21;20,5;20,8;20,3;12,7;99;99;99;165;1,8;1;
2024-01-18;0300;0;919,4;1014,6;920,2;919,4;-2,2;22;20,5;20,3;20,8;20,3;20,5;20,1;12,7;99;99;99;161;2;1,4;
2024-01-18;0400;0;919;1014,3;919,4;919;-2,5;22;20,2;20;20,6;20,1;20,3;19,9;12,7;99;98;99;138;2,1;,4;
2024-01-18;0500;0;918,8;1014;919;918,8;-2,7;21;20,2;20;20,5;19,9;20,2;19,7;12,7;99;98;99;331;1,5;,9;
2024-01-18;0600;0;918,7;1013,9;919;918,7;-1,9;21;20,3;20,1;20,3;19,7;20,1;19,5;12,7;99;98;98;217;1,5;,4;
2024-01-18;0700;,2;919,1;1014,3;919,1;918,7;-,7;21;20,3;20;20,5;20,2;20,2;20;12,6;99;98;99;149;2,2;1,4;
2024-01-18;0800;0;919,2;1014,3;919,3;919;-3,2;21;20,8;20,7;20,8;20,3;20,7;20,1;12,6;99;98;99;161;2,6;,8;
2024-01-18;0900;0;919,6;1014,9;919,6;919,2;16,4;21;20,3;20,1;20,9;19,8;20,7;19,6;12,6;99;99;99;146;1,9;,9;
2024-01-18;1000;0;920,1;1014,7;920,1;919,6;460,7;22;22,5;21,2;22,5;20,2;21,5;20;13;99;92;92;154;2,7;1,4;
2024-01-18;1100;0;920,7;1014,1;920,7;920,1;1287,4;25;26,3;20,7;26,4;22,5;21,7;20,4;13,4;93;70;71;126;3,6;1,3;
2024-01-18;1200;0;920,9;1013,6;921;920,7;2086,5;28;28,5;21,4;28,8;26,3;22,4;20,6;13,7;75;64;66;122;3,6;1,2;
2024-01-18;1300;0;920,8;1013,1;921;920,8;2822,5;30;29,6;20,3;29,9;28,2;22,1;19,7;13,5;69;55;58;346;3,8;1;
2024-01-18;1400;0;920,4;1012,4;920,9;920,4;3426,6;32;30,7;20,5;31,3;29,5;22,9;19,4;13,5;64;52;55;78;3,2;1,3;
2024-01-18;1500;0;919,8;1011,4;920,5;919,8;4070,5;34;31,7;20,2;31,9;30,6;21,5;17,9;13,4;57;43;51;43;3,8;1,1;
2024-01-18;1600;,2;919,2;1011;919,8;919,1;2869,8;34;30,9;21,3;32;29,7;21,5;18;13,5;61;44;56;24;4,4;1,9;
2024-01-18;1700;0;918,5;1011,3;919,2;918,5;1916,9;33;27,5;21,1;32;27,5;22,4;19,6;13,2;69;49;68;274;7,6;4,4;
2024-01-18;1800;0;918,3;1011,3;918,7;918,3;611,8;30;26,7;21,3;27,5;26,6;22;20,6;13,1;75;66;72;317;7,6;,6;
2024-01-18;1900;0;917,7;1010,3;918,4;917,5;752,1;30;27,8;23;27,8;26,6;23;20,9;13,1;77;70;75;95;1,8;,4;
2024-01-18;2000;0;917,6;1009,9;917,7;917,3;1126,8;30;28,6;21,6;28,6;27,3;22,8;21,1;13,5;75;66;66;115;2,5;1;
2024-01-18;2100;0;918;1011,1;918;917,5;733,9;31;26,5;22,7;29,7;26,5;22,7;20,2;12,9;80;59;80;157;2,5;,8;
2024-01-18;2200;0;918,5;1012;918,6;917,9;68;29;25,2;20,9;27;25,2;22,8;20,6;12,8;80;68;77;134;4,4;1,2;
2024-01-18;2300;0;918,9;1013;918,9;918,5;-3,5;27;23,5;20,6;25,3;23,5;20,9;20,3;12,8;84;76;84;148;2,7;1,5;
2024-01-19;0000;0;919;1013,2;919,2;918,8;-3,5;25;23,5;20,1;23,8;23,1;20,7;20,1;12,8;84;81;81;155;3,1;1,2;
2024-01-19;0100;,2;919,6;1014,2;919,8;919;-3,5;24;22,4;21;23,5;22,3;21,3;19,9;12,8;94;81;92;345;4,9;,9;
2024-01-19;0200;0;920;1014,9;920,1;919,4;-3,5;23;21,7;21,1;22,4;21,3;21,4;20,8;12,7;97;92;96;125;2,5;1,3;
2024-01-19;0300;0;920;1015;920,3;920;-3,4;23;21,4;20,9;21,7;21,3;21,1;20,8;12,7;98;96;97;143;2,5;1,3;
2024-01-19;0400;0;918,9;1013,8;920;918,9;-2,7;23;21,1;20,8;21,6;21;21;20,6;12,7;98;96;98;145;2,5;1,1;
2024-01-19;0500;0;918,2;1013,2;918,9;918,2;-3;22;20,7;20,4;21,2;20,7;20,8;20,4;12,7;98;98;98;157;2,3;1,2;
2024-01-19;0600;0;918,5;1013,4;918,5;918,2;-2,4;22;21,1;20,8;21,1;20,7;20,9;20,4;12,7;98;98;98;146;2,6;1;
2024-01-19;0700;0;918,4;1013,2;918,5;918,2;-2,1;22;21,5;21,2;21,6;21;21,3;20,7;12,6;98;98;98;207;2,3;,8;
2024-01-19;0800;0;918,8;1013,6;918,8;918,4;-1,2;22;21,5;21,2;21,6;21,2;21,2;20,9;12,6;98;98;98;190;2,4;1,4;
2024-01-19;0900;0;919,2;1014,3;919,2;918,8;7,7;22;20,8;20,5;21,7;20,8;21,3;20,5;12,6;98;97;98;105;2,4;,6;
2024-01-19;1000;0;919,7;1014,4;919,7;919,2;235,7;22;22,1;21,7;22,1;20,7;21,8;20,5;13,1;99;97;97;165;1,4;,7;
2024-01-19;1100;,2;920,5;1014,6;920,5;919,7;679,2;24;24;21,2;24;22,1;22,3;21;13,3;97;84;85;103;1,6;,5;
2024-01-19;1200;0;920,7;1014,1;920,8;920,5;1211,8;26;26,4;21,8;26,5;23,9;22,7;20,9;13,7;92;74;76;340;2;,9;
2024-01-19;1300;0;920,5;1013,1;920,7;920,4;2206,7;29;28,8;21,2;29,2;26,4;22,1;20,5;13,7;76;62;63;291;2,4;,9;
2024-01-19;1400;0;919,7;1011,9;920,5;919,7;2532,3;31;29,6;22,1;29,6;27,9;22,5;20,6;13,5;69;61;64;null;5;null;
2024-01-19;1500;0;918,8;1010,6;919,7;918,7;3266,5;32;30,6;21,5;30,6;28,6;23;20,9;13,6;67;59;59;268;null;3,3;
2024-01-19;1600;0;918,2;1010,4;918,8;918,2;1401,2;32;29,1;21,6;30,6;28,8;22,2;20,5;13,2;66;56;64;272;6,7;2;
2024-01-19;1700;0;917,5;1010;918,2;917,5;756,3;31;28,2;23;29,1;28,2;23,5;21,5;13,1;75;64;73;177;3,7;,8;
2024-01-19;1800;0;916,9;1010,3;917,5;916,7;519,9;30;25,1;20,2;28,2;25,1;23,4;20,2;13;78;71;74;159;8,4;3,7;
2024-01-19;1900;0;916,3;1009,4;916,9;916,2;755,8;28;25,9;21,2;25,9;24,5;21,3;19,9;13,2;78;74;75;152;8,4;1,4;
2024-01-19;2000;0;918,2;1014,4;919,1;916,1;648,6;28;17,1;15,1;26,6;16,8;21,6;13,6;12,9;88;60;88;297;null;9,9;
2024-01-19;2100;0;917,6;1013,2;918,2;916,9;40,3;22;18,8;18,6;18,9;16,9;18,7;15,5;12,8;99;88;99;157;null;,5;
2024-01-19;2200;0;918,7;1014;918,7;917,5;33,6;21;20,1;19,8;20,2;18,7;19,9;18,5;12,8;99;98;98;258;5;2,4;
2024-01-19;2300;0;919,1;1014,3;919,6;918,7;-,3;21;20,5;19,9;20,6;20,1;20,1;19,5;12,8;98;94;97;262;6,4;1,4;
2024-01-20;0000;0;920,2;1015,4;920,2;919;-1,6;22;20,7;20,3;20,9;20,3;20,3;19,8;12,7;98;96;98;254;4;,4;
2024-01-20;0100;0;919,5;1014,7;920,3;919,4;-1,9;22;20,6;20,2;21,2;20,3;20,6;19,8;12,7;98;94;98;156;4,2;1,1;
2024-01-20;0200;,2;919,7;1014,9;919,9;919,5;-2,1;21;20,7;19,8;20,8;20,5;20,3;19,7;12,7;98;94;95;276;2,5;,7;
2024-01-20;0300;0;919;1014,2;919,7;919;-2;21;20,4;20;20,7;20,2;20,1;19,7;12,7;98;95;97;327;3,2;,9;
2024-01-20;0400;0;919,1;1014,3;919,4;918,9;-2,4;21;20,3;20,1;20,4;20,1;20,1;19,8;12,7;99;97;99;282;3;1,9;
2024-01-20;0500;0;918,2;1013,4;919,1;918,2;-2,2;21;20,2;20;20,4;20,1;20,1;19,9;12,7;99;99;99;246;3;1,7;
2024-01-20;0600;0;917,5;1012,5;918,2;917,5;-1,4;21;20,4;20,2;20,4;20;20,2;19,8;12,6;99;99;99;287;3,8;1,8;
2024-01-20;0700;0;917,1;1012,2;917,5;917;-1,6;21;20,2;20;20,4;20,2;20,2;20;12,6;99;99;99;160;3,2;,4;
2024-01-20;0800;,2;917,5;1012,6;917,5;917;-1,5;21;20,3;20,1;20,3;20,1;20,1;19,9;12,6;99;99;99;7;1,8;,7;
2024-01-20;0900;0;917,8;1012,9;917,9;917,5;4,5;21;20,3;20,1;20,3;20,1;20,1;19,9;12,6;99;99;99;310;1,7;,9;
2024-01-20;1000;,2;918,1;1012,9;918,1;917,8;245,6;21;21,2;20,5;21,3;20,3;21;20,1;13;99;96;96;115;1,4;,4;
2024-01-20;1100;0;918,7;1013,3;918,8;918,1;645,1;22;22,1;20,7;22,1;21,1;20,9;19,7;13,4;96;88;92;345;1,9;1;
2024-01-20;1200;,2;918,8;1013,1;918,9;918,7;1250,2;24;23,1;19,6;23,5;22;21,3;19,2;13,6;93;78;81;284;2,8;,8;
2024-01-20;1300;,2;918,5;1011,9;918,9;918,5;2435,8;26;25,7;20,4;25,7;23,1;20,6;19,2;13,7;83;71;73;347;3,1;1,3;
2024-01-20;1400;,2;918;1011,1;918,5;918;2788,9;28;26,5;20,4;27,1;25,1;21,1;19,4;13,7;73;65;69;322;5,8;2,7;
2024-01-20;1500;0;917,5;1009,9;918;917,5;3836,1;30;28,3;19,9;29,6;26,5;21,4;18,9;13,6;70;55;60;262;5,8;3;
2024-01-20;1600;,2;917;1009,6;917,5;917;3302,1;31;27,6;19,7;29,2;27,6;20,9;18,7;13,5;63;55;62;303;6,2;2,8;
2024-01-20;1700;,2;916,5;1009;917;916,5;2285,4;31;27,8;20,4;29,1;27,2;21,5;19,1;13,6;67;59;64;256;6,8;3,6;
2024-01-20;1800;0;915,5;1007,9;916,5;915,5;2124,6;31;27,8;20,4;29,1;27,4;21,1;19,3;13,2;67;57;64;221;6,1;2,5;
2024-01-20;1900;0;914,8;1007,3;915,5;914,8;1716,5;31;27,1;20,3;28,6;27,1;21,5;20,1;13,1;69;61;66;214;6,3;2,5;
2024-01-20;2000;0;915,8;1010,5;915,8;914,7;307,8;28;20,8;18,8;27,3;20,6;20,3;18,4;12,9;89;64;89;299;10,8;5,1;
2024-01-20;2100;0;916,6;1011,3;916,6;915,7;71,5;24;21,1;20,6;21,1;20,5;20,7;18,8;12,9;97;88;97;288;8;1,8;
2024-01-20;2200;0;916,7;1011,4;916,9;916,6;39;23;21,1;20,8;21,2;20,9;20,8;20,5;12,8;99;97;99;71;2,8;,2;
2024-01-20;2300;0;917;1011,8;917;916,6;-1,1;23;20,9;20,7;21,1;20,8;20,9;20,6;12,8;99;99;99;27;3,9;,7;
2024-01-21;0000;,2;918,1;1012,9;918,1;917;-1;22;21,2;21;21,3;20,9;21,1;20,7;12,8;99;99;99;291;2,8;1,2;
2024-01-21;0100;,4;918,8;1013,8;918,8;918,1;-,1;22;20,9;20,8;21,2;20,8;21;20,6;12,8;99;99;99;120;4,2;,8;
2024-01-21;0200;1;918,6;1013,6;918,8;918,6;-1,4;22;20,8;20,6;20,9;20,7;20,8;20,6;12,7;99;99;99;138;1,2;,4;
2024-01-21;0300;1,8;918,2;1013,2;918,6;918,1;-1,6;22;20,6;20,4;20,8;20,6;20,6;20,4;12,7;99;99;99;316;1,4;,8;
2024-01-21;0400;2,4;918,5;1013,5;918,6;918;-1,6;22;20,8;20,6;20,8;20,3;20,6;20,1;12,7;99;99;99;304;9,8;2,8;
2024-01-21;0500;2,6;917,6;1013;918,5;917,6;-1;21;19,4;18,9;21;19,4;20,8;18,8;12,7;99;96;97;279;9,8;2,5;
2024-01-21;0600;2,6;917,2;1012,5;917,6;917,1;-2,2;21;19,4;19,1;19,6;19,4;19,1;18,9;12,7;98;97;98;274;4,7;2,6;
2024-01-21;0700;2,6;917,2;1012,5;917,4;917;-1,2;20;19,5;19,3;19,6;19,1;19,3;18,8;12,6;99;98;98;293;4,4;2,2;
2024-01-21;0800;2,6;917,5;1012,7;917,5;917,1;-1,2;21;19,8;19,6;19,8;19,5;19,6;19,2;12,6;99;98;99;285;5,7;3,3;
2024-01-21;0900;2,4;918,1;1013,3;918,1;917,5;2,4;21;20,1;19,9;20,1;19,8;19,9;19,6;12,6;99;99;99;277;5,8;3,4;
2024-01-21;1000;2,4;918,3;1013,4;918,3;918;108;21;20,5;20,3;20,5;20,1;20,3;19,9;12,8;99;99;99;296;5,8;2;
2024-01-21;1100;2,2;918,7;1013,5;918,7;918,2;484,3;22;21,5;20,7;21,5;20,5;21;20,3;13,3;99;96;96;296;4,2;2,2;
2024-01-21;1200;2;919,2;1013,8;919,3;918,7;675,2;23;22,1;20,9;22,2;21,5;21,3;20,5;13,4;96;92;93;309;4,1;1,7;
2024-01-21;1300;2;919,4;1013,9;919,5;919,2;865;24;22,5;21;23,1;22;21,5;20;13,4;94;84;91;318;4,3;1,8;
2024-01-21;1400;1,8;919,1;1012,7;919,4;919,1;1599,4;25;25,3;20,9;25,4;22,5;21,4;19,7;13,6;92;71;77;242;5,8;2,4;
2024-01-21;1500;1;918,8;1012,3;919,2;918,8;1687,6;27;25,5;20,3;26,2;24,7;20,9;19,4;13,7;77;68;73;262;6,3;3,4;
2024-01-21;1600;0;918,6;1012,6;918,8;918,5;835,8;27;23,8;20,3;26,1;23,7;21,3;19,7;13,3;85;70;81;258;5,8;2,8;
2024-01-21;1700;0;918;1011,5;918,6;918;1300,6;27;25,1;20,4;25,8;23,8;21,1;19,4;13,4;81;71;75;267;5,7;2,8;
2024-01-21;1800;,4;917,4;1010,9;918,1;917,3;1505,4;26;25;19,5;25,2;23;22,1;19,5;13,9;90;71;71;233;7,4;2,1;
2024-01-21;1900;,6;916,7;1010;917,4;916,7;2508,4;28;25,5;19,6;27,2;24,9;20,3;18,4;13,1;75;62;70;259;4,5;2,5;
2024-01-21;2000;0;916,2;1008,9;916,7;916,2;1749,3;29;27,1;20,5;27,6;25,5;21,1;19,7;13,2;72;65;67;268;4,4;2;
2024-01-21;2100;0;916,2;1009,2;916,3;916,1;1004,9;30;26;20,7;27,8;25,9;21,2;20,3;13;73;65;73;347;3,6;1,3;
2024-01-21;2200;0;917;1011,1;917;916,1;194,7;28;23,1;21,7;26;23,1;21,7;20,4;12,8;92;73;92;243;2,4;,4;
2024-01-21;2300;0;917,8;1012,8;917,8;917;-3,1;25;20,6;19,8;23,3;20,6;22,4;18,3;12,8;97;77;95;110;7,6;1,4;
2024-01-22;0000;0;918,2;1013,1;918,2;917,8;-2,9;23;20,9;20;21,3;20,6;20;18,5;12,8;97;84;95;352;3,5;,8;
2024-01-22;0100;0;919,4;1014,5;919,4;918,2;-1,7;22;20,7;20,3;21,6;20,7;20,3;18;12,8;98;80;98;57;4,2;,3;
2024-01-22;0200;0;919,7;1015,2;919,8;919,4;-3,2;22;19,7;19,2;20,7;19,7;20,3;19,2;12,8;98;95;97;264;2,3;,8;
2024-01-22;0300;0;919,2;1014,8;919,7;919,1;-3,5;21;19,3;19,1;19,9;19,2;19,4;18,9;12,7;99;96;99;312;2,4;1,4;
2024-01-22;0400;0;919;1014,6;919,2;918,9;-3,3;20;19,2;19;19,4;18,7;19,2;18,5;12,7;99;99;99;259;2,7;1,9;
2024-01-22;0500;0;918,6;1014,4;919,1;918,6;-2,9;20;18,4;18,2;19,3;18,4;19,1;18,2;12,7;99;99;99;147;2,7;,7;
2024-01-22;0600;0;918,4;1014,3;918,6;918,4;-3,2;19;18,3;18;18,4;18;18,1;17,8;12,7;99;99;99;311;1,8;,3;
2024-01-22;0700;0;918,4;1014,5;918,6;918,2;-3,1;19;17,5;17,3;18,3;17,5;18,1;17,3;12,7;99;99;99;101;1,5;,5;
2024-01-22;0800;0;918,7;1014,9;918,7;918,3;-3,4;19;17,5;17,3;17,6;17,2;17,4;17;12,6;99;99;99;144;1,8;1;
2024-01-22;0900;0;919,3;1015,5;919,3;918,7;7,7;19;17,6;17,3;17,7;17,3;17,5;17;12,6;99;98;98;168;2,5;1,1;
2024-01-22;1000;,2;919,9;1015,2;920;919,3;429,6;19;20,3;20,1;20,3;17,5;20,1;17,3;12,9;99;98;99;138;1,9;,7;
2024-01-22;1100;0;919,9;1014,4;920,1;919,9;1305,1;22;22,6;18,6;22,6;20,3;20,8;17,8;13,4;100;77;78;83;2,2;,9;
2024-01-22;1200;0;920,2;1014,3;920,2;919,9;1701,9;24;23,9;18,2;24;22,6;19,2;18,1;13,7;80;70;71;135;3,9;1,6;
2024-01-22;1300;0;919,7;1013,1;920,2;919,7;2323,5;26;25,9;19,5;25,9;23,8;20,1;18,3;13,8;74;65;68;96;3,9;1,3;
2024-01-22;1400;0;919,2;1012,2;919,7;919,2;2908,4;28;27,2;19,2;27,6;25,6;20,9;18,3;13,6;72;61;61;45;4,7;2,1;
2024-01-22;1500;0;918,8;1011,4;919,2;918,8;4178,6;30;28,2;18,7;28,6;27,2;20,8;17,2;13,6;66;51;56;34;4,2;1,7;
2024-01-22;1600;0;918,4;1010,8;918,8;918,3;2916;31;28,6;19,9;29;27;20,5;16,9;13,6;64;51;59;2;4,3;1,4;
2024-01-22;1700;0;917,5;1009,9;918,4;917,5;3264,5;32;28,5;18,3;29,7;28,5;19,7;16,5;13,6;59;46;54;102;3,2;,7;
2024-01-22;1800;0;916,7;1008,5;917,5;916,7;3038,3;32;30;16,7;30,5;28,5;18,8;15,7;13,6;55;42;45;267;5,2;1,9;
2024-01-22;1900;0;915,9;1007,6;916,7;915,9;2447,5;32;30,1;16,9;30,9;29,1;17,5;14,9;13,6;47;39;45;279;5,2;2,3;
2024-01-22;2000;0;915,8;1007,8;916;915,8;1804,2;32;29;18,5;30,5;28,4;18,6;16,2;13,2;55;43;53;207;5,1;2,8;
2024-01-22;2100;0;916,1;1008,8;916,1;915,8;652,4;30;26,9;19,1;29,4;26,9;19,5;17,4;13;64;50;63;218;5,5;2,1;
2024-01-22;2200;0;916,6;1010,1;916,6;916,1;173;28;24,7;19;26,9;24,7;20,4;18,9;12,9;74;62;70;197;3,8;2,4;
2024-01-22;2300;0;917,5;1011;917,6;916,6;-3,5;26;24,9;18,4;25;23,4;19,2;18,3;12,8;77;67;67;177;6,9;3,7;
2024-01-23;0000;0;918,1;1012,1;918,1;917,5;-3,5;25;23,8;18,6;24,9;23,6;18,6;18,3;12,8;73;67;73;188;7,3;2,5;
2024-01-23;0100;0;918,4;1012,8;918,4;918;-3,5;25;22,7;18,4;23,9;22,7;18,6;18,2;12,8;77;71;77;76;6,2;1,1;
2024-01-23;0200;0;918,6;1013,3;918,6;918,4;-3,5;24;21,7;19,1;23,1;21,7;19,1;18,3;12,8;85;76;85;121;2,6;1;
2024-01-23;0300;0;917,8;1012,5;918,7;917,7;-3,3;23;21,5;19,2;22,3;21,3;19,9;18,7;12,7;91;80;87;126;2,8;1;
2024-01-23;0400;0;917,4;1011,9;917,9;917,4;-3,1;23;22;18,4;22,3;21,5;19,3;18,3;12,7;88;79;80;119;3,6;1,3;
2024-01-23;0500;0;916,9;1011,4;917,7;916,9;-2,4;23;21,7;18;22;21,6;18,4;18;12,7;81;79;79;133;4,2;1,9;
2024-01-23;0600;0;916,3;1010,9;917;916,3;-3,2;23;21,4;17,8;21,8;21,2;18,1;17,8;12,7;82;79;80;126;6;2,2;
2024-01-23;0700;0;916,2;1011;916,5;916,1;-3,5;22;20,8;18,1;21,4;20,7;18,1;17,8;12,7;85;80;85;110;4,4;1,4;
2024-01-23;0800;0;916,2;1011;916,3;916;-3,5;22;20,8;17,8;21,1;20,8;18,2;17,8;12,6;85;82;83;117;5,5;2,3;
2024-01-23;0900;0;916,8;1011,7;916,9;916,2;1;22;20,6;17,8;20,8;20,6;17,9;17,8;12,6;84;83;84;116;5,5;2,3;
2024-01-23;1000;0;917,4;1012,2;917,4;916,8;160,1;22;21,2;17,8;21,2;20,6;17,9;17,7;13;85;81;81;120;6,3;2,1;
2024-01-23;1100;0;917,6;1012,2;917,7;917,4;361,4;22;21,8;18,2;21,8;21,2;18,2;17,7;13,2;82;79;80;112;6,6;1,6;
2024-01-23;1200;0;918;1012,4;918;917,6;636,4;23;22,5;18,2;22,5;21,8;18,6;17,8;13,4;80;76;77;88;5,9;1,8;
2024-01-23;1300;0;918,1;1012,1;918,2;917,9;1040;24;23,8;18,7;23,8;22,5;19,1;18;13,7;78;72;73;59;5,5;1,3;
2024-01-23;1400;0;917,9;1011,7;918,2;917,9;1234,2;26;24,2;19,3;24,2;23,7;19,6;18,4;13,7;77;71;74;46;4,9;2,2;
2024-01-23;1500;0;917,3;1010,5;918;917,3;1496,6;27;26;20;26;24;20,5;18,8;13,7;76;69;70;48;6,2;2,8;
2024-01-23;1600;0;916,6;1009,4;917,3;916,6;2605;29;26,8;19,1;27,5;25,1;20,6;18,9;13,8;73;61;63;60;5,5;1,9;
2024-01-23;1700;0;915,1;1007,3;916,6;915,1;2943,2;30;28,2;20,4;28,2;26,6;21,5;19,5;13,5;69;61;62;71;5;1,6;
2024-01-23;1800;,2;915;1009,6;915,1;913,8;843,8;29;20,9;20,5;28,6;20,9;21,5;19,1;12,9;97;59;97;180;8,9;4,1;
2024-01-23;1900;1,6;914,9;1009,7;916,3;914,6;315,4;23;20,3;20;20,9;19,5;20,3;19,3;13,2;99;97;98;169;15,1;,6;
2024-01-23;2000;1,6;915,2;1009,9;915,3;914,9;416;23;20,6;19,8;21,4;20,3;21,3;19,8;13;99;95;95;187;7,2;3,5;
2024-01-23;2100;1,6;915,3;1010,8;915,3;914,9;231,4;21;18,5;17,7;20,6;18,4;19,8;17,7;13;96;94;95;190;11,4;6;
2024-01-23;2200;1,4;916,1;1011,6;916,1;915,2;62,9;20;18,5;18,1;18,6;18,3;18,1;17,7;12,8;98;95;98;154;10,2;2;
2024-01-23;2300;1,4;916,3;1012;916,3;916,1;,5;20;18,2;17,9;18,7;18,2;18,1;17,8;12,7;98;95;98;171;5,7;1,1;
2024-01-24;0000;1,2;917,1;1012,7;917,1;916,4;,1;20;18,5;17,7;18,6;18,2;18,2;17,7;12,7;98;95;95;131;3,7;1,1;
2024-01-24;0100;1,2;916,9;1012,6;917,3;916,9;-,4;20;18,4;18,1;18,7;18,4;18,2;17,7;12,7;98;95;98;167;3;,6;
2024-01-24;0200;1,2;916,5;1012;916,9;916,5;-,6;20;18,7;18,1;18,8;18,4;18,4;18,1;12,7;99;96;96;152;4,2;1,2;
2024-01-24;0300;,8;915,8;1011,3;916,5;915,8;-2,6;19;18,4;16,3;18,7;18;18;16,3;12,7;96;87;87;117;4;1,4;
2024-01-24;0400;2;915,1;1010,8;915,8;915;-2,9;19;17,7;17,2;18,5;17,7;17,2;16,3;12,7;97;87;97;142;4;1,2;
2024-01-24;0500;1,6;914,6;1010,3;915,1;914,6;-3,5;18;17,5;17,2;17,8;17,4;17,4;17,1;12,7;98;97;98;126;3,1;1,2;
2024-01-24;0600;1,4;914,5;1010,3;914,6;914,4;-3,1;18;17,2;16,9;17,5;17,1;17,2;16,9;12,6;98;98;98;168;3;,7;
2024-01-24;0700;1,2;914,1;1009,8;914,5;914,1;-2,6;18;17,4;17,2;17,5;17,1;17,3;16,9;12,6;99;98;99;123;2,6;1,1;
2024-01-24;0800;1,2;914,3;1009,8;914,3;913,9;-2,4;18;18,1;17,7;18,1;17,3;17,7;17,1;12,6;99;98;98;114;3,9;1,8;
2024-01-24;0900;,8;914,8;1010,4;914,9;914,2;11,6;18;18;17,6;18,1;17,9;17,6;17,5;12,6;98;97;97;110;4,2;1,4;
2024-01-24;1000;1;915,2;1010,7;915,4;914,7;167,1;19;18,4;18;18,4;17,9;18;17,5;13;98;97;97;121;4,9;1,3;
2024-01-24;1100;,8;915,8;1010,7;915,8;915,1;782;20;20,2;16,5;20,6;18,4;19;16,5;13,4;98;79;79;105;4;1,4;
2024-01-24;1200;,8;916,5;1011;916,5;915,8;1068,6;22;21,7;17,7;21,7;20,1;18,6;16,8;13,7;87;77;78;82;4;1,6;
2024-01-24;1300;1;916,3;1010,4;916,6;916,3;2038,8;24;22,7;17,7;23,4;21,4;18,7;17;13,8;81;70;74;47;4,9;2,1;
2024-01-24;1400;,6;916,2;1009,8;916,3;916,1;2121,4;26;24,3;18;24,8;22,7;19,4;17,7;13,7;77;67;68;79;4;1,3;
2024-01-24;1500;,2;915,7;1009;916,2;915,7;2241,6;28;25,1;18,6;25,5;24,2;19;17,5;13,7;72;64;67;58;4;1,3;
2024-01-24;1600;,2;915,3;1008,2;915,7;915,3;2283,1;28;26,1;19,2;26,7;24,6;19,8;17,6;13,7;71;62;66;97;2,8;1,6;
2024-01-24;1700;,2;914,7;1007,5;915,3;914,7;2671,6;29;26,3;18,6;27,9;25,4;20,5;18;13,3;68;58;63;207;4,7;2,4;
2024-01-24;1800;,4;913,9;1006,5;914,7;913,9;2810,2;30;26,7;18,7;28;26,1;19,8;17,4;13,3;66;53;62;222;6,1;3,3;
2024-01-24;1900;0;913,4;1005,7;913,9;913,4;2150,6;30;27,5;19,3;27,8;26,2;19,4;17,6;13,7;63;54;61;206;6,5;3,2;
2024-01-24;2000;,2;913,1;1005,5;913,4;913,1;1817,2;29;26,9;18,5;27,8;26,4;19,2;17,9;13,8;63;56;60;182;7,5;2,9;
2024-01-24;2100;,2;913,2;1006;913,3;913;944,4;29;25,8;18,8;26,9;25,6;19,3;18;13;66;60;65;176;7,5;1,8;
2024-01-24;2200;0;914;1007,6;914;913,2;213,1;27;23,6;17,7;25,9;23,6;18,7;17,7;12,8;70;62;70;187;3,9;2,6;
2024-01-24;2300;,2;914,7;1008,8;914,7;914;-3,2;25;22,4;17,8;23,8;22,2;18;17,8;12,8;77;70;75;169;4,8;1,8;
2024-01-25;0000;0;915,2;1010;915,2;914,7;-3,5;23;20,5;17,7;22,4;20,4;17,9;17,6;12,8;84;75;84;165;4,3;,9;
2024-01-25;0100;,2;915,4;1010;915,4;915,2;-3,5;22;21;16,9;21,3;20,5;17,8;16,9;12,8;84;77;78;170;4,6;1,9;
2024-01-25;0200;0;915,8;1011,3;915,8;915,4;-3,5;21;18,6;17,9;21,1;18,6;18,3;16,9;12,8;96;77;96;202;4,9;,7;
2024-01-25;0300;0;915,4;1011;915,8;915,4;-3,5;20;18,2;17,6;18,8;18,2;18,2;17,6;12,7;97;95;96;202;1,8;,3;
2024-01-25;0400;,2;915;1010,4;915,4;915;-3,5;19;18,6;17,7;18,8;17,9;18;17,4;12,7;98;94;95;190;2,5;,8;
2024-01-25;0500;0;914,5;1009,9;915;914,5;-3,5;19;18,4;17,9;18,7;18;18,3;17,4;12,7;98;95;97;160;3,3;1,3;
2024-01-25;0600;0;914,3;1010,2;914,5;914,3;-3,5;19;17;16,9;18,4;16,9;17,9;16,7;12,7;99;97;99;330;2,6;,5;
2024-01-25;0700;,2;914,2;1010,3;914,3;914,2;-3,5;18;16,3;16,2;17,2;16,3;17,1;16,2;12,6;99;99;99;177;1,7;,7;
2024-01-25;0800;0;914,3;1010,5;914,3;914,2;-3,5;17;16;15,9;16,6;16;16,4;15,8;12,6;99;99;99;142;1,3;,2;
2024-01-25;0900;0;914,5;1010,7;914,5;914,3;6;17;16,2;16;16,5;15,6;16,3;15,4;12,6;99;99;99;229;1,1;,5;
2024-01-25;1000;0;915;1010,4;915;914,5;411,5;18;18,6;18,5;18,7;16,1;18,5;16;12,9;99;98;99;143;1,4;,6;
2024-01-25;1100;0;915,4;1009,7;915,4;915;1288;20;21,8;18,2;21,8;18,5;18,7;17,3;13,4;100;77;80;115;3,1;1,5;
2024-01-25;1200;,2;915,6;1009,6;915,6;915,4;1709,2;24;22,9;18,5;24;21,7;19;17,9;13,5;80;71;76;37;3,8;1,5;
2024-01-25;1300;0;915,8;1009,1;915,9;915,6;2546,6;26;25;18,6;26,3;22,9;19,7;17,3;13,7;78;61;68;32;3,8;1,5;
2024-01-25;1400;0;915,4;1008,2;915,8;915,4;2746,1;28;26,5;17,7;27,2;25;19,6;16,9;13,6;69;57;59;333;3,5;1,3;
2024-01-25;1500;0;914,8;1007,1;915,4;914,8;3237,6;29;27,9;16,4;28,4;26;18,4;14,8;13,7;61;45;50;256;5;1,8;
2024-01-25;1600;0;914,7;1006,7;914,9;914,7;3888;30;28,8;16,5;29,5;27,4;17,4;13,3;13,5;52;38;47;233;6,5;2,9;
2024-01-25;1700;0;914,5;1007,4;914,7;914,4;1895,5;30;26;17;28,8;26;17;15;13,2;58;44;58;227;7,1;3;
2024-01-25;1800;,2;914,3;1006,7;914,5;914,3;2587,5;29;27,4;14,7;28,7;26;17,9;13,9;13,2;59;41;46;262;7;3,3;
2024-01-25;1900;0;914;1006,7;914,3;914;1416,3;29;26,3;16,4;28,4;26,1;16,8;13,5;13,7;55;42;55;234;7,5;4,1;
2024-01-25;2000;0;913,6;1006,4;914;913,6;790,5;28;25,9;18;27,7;24,4;18;15,3;13,3;68;47;62;206;5,9;1,8;
2024-01-25;2100;0;914;1007,3;914;913,6;1178,4;28;24,4;15,7;27,1;24,4;18,7;15,1;13;62;55;58;191;9,1;4,4;
2024-01-25;2200;0;914,8;1008,7;914,8;914;218,4;26;22,9;16,7;24,4;22,9;16,7;15,6;12,9;68;58;68;174;7,8;2,2;
2024-01-25;2300;0;915,4;1009,7;915,4;914,8;-2,7;24;21,9;16,4;23;21,9;17;16,4;12,8;71;68;71;183;7,3;3,8;
2024-01-26;0000;0;916;1010,8;916;915,4;-3,5;23;20,6;15,7;21,9;20,6;16,4;15,7;12,8;74;71;73;175;8,1;2,7;
2024-01-26;0100;0;916,7;1012;916,7;916;-3,5;21;19,4;15,1;20,6;19,3;15,7;15,1;12,8;77;73;77;184;7,1;1,9;
2024-01-26;0200;0;917,1;1012,8;917,1;916,7;-3,5;20;18,3;14,7;19,6;18,1;15,1;14,6;12,7;80;75;79;172;5,3;1,3;
2024-01-26;0300;0;916,9;1013,1;917,2;916,9;-3,5;19;16,9;14,9;18,5;16,8;15,2;14,4;12,7;90;78;88;197;4,7;2,1;
2024-01-26;0400;0;916,4;1013;916,9;916,4;-3,5;18;15,6;15,1;17,1;15,5;15,5;14,5;12,7;97;85;97;157;3,2;,7;
2024-01-26;0500;0;916;1012,9;916,4;915,9;-3,5;17;14,6;14,4;15,6;14,6;15,2;14,4;12,7;99;97;99;208;1,6;,7;
2024-01-26;0600;0;915,7;1012,6;916,1;915,7;-3,5;16;14,5;14,4;14,8;14,2;14,7;14,1;12,7;99;99;99;159;1,5;,9;
2024-01-26;0700;0;915,8;1012,8;915,9;915,7;-3,5;15;14,1;14;14,6;13,8;14,5;13,7;12,6;99;99;99;139;1,5;,8;
2024-01-26;0800;0;916,1;1013,3;916,1;915,8;-3,5;15;13,7;13,6;14,3;13,6;14,2;13,5;12,6;99;99;99;252;2,4;,6;
2024-01-26;0900;0;916,7;1014;916,7;916,1;3,6;14;13,6;13,5;13,8;13,4;13,7;13,3;12,6;99;99;99;138;1,6;,8;
2024-01-26;1000;0;917,2;1013,4;917,2;916,7;410,2;16;16,9;15;17,3;13,6;17,1;13,5;12,9;100;87;88;162;2,4;1,2;
2024-01-26;1100;0;917,7;1012,6;917,7;917,2;1286,2;19;21;15,7;21;17;16,1;15;13,5;91;70;72;119;3,9;1,6;
2024-01-26;1200;0;918;1012,1;918;917,7;2146;22;23,4;16,8;23,4;20,7;17,1;15,2;13,9;73;63;67;72;4,6;1,9;
2024-01-26;1300;,2;918;1011,4;918;917,9;2892,4;25;25,6;17,9;25,6;23,3;18,2;16,1;13,7;68;60;63;50;4,9;2;
2024-01-26;1400;0;917,6;1010,7;918;917,6;3519,5;27;26,4;17,5;26,4;25,2;18,5;16,2;13,6;64;54;58;356;5,3;1,5;
2024-01-26;1500;0;917,1;1009,9;917,6;917,1;3561;29;26,9;15,4;28,3;26,3;18;14;13,3;58;45;49;80;4,1;1;
2024-01-26;1600;,8;916,4;1008,9;917,1;916,4;2219,5;30;27,8;15,1;28,1;26,5;17,5;14,1;13,5;56;46;46;65;2,6;1,3;
2024-01-26;1700;0;915,7;1008,3;916,4;915,6;1576;30;27,3;14,8;28,8;26,4;17,2;13,5;13,3;57;39;47;254;3,9;2,1;
2024-01-26;1800;0;915,1;1007,8;915,7;915,1;2383,4;31;26,8;15,5;29,8;26,8;16,4;12,9;13;50;36;50;209;5,1;2,3;
2024-01-26;1900;0;914,6;1006,5;915,1;914,6;1357,7;29;28,9;16;28,9;24,9;20,3;14,6;13,7;75;43;46;246;5;2,3;
2024-01-26;2000;0;914,3;1006,7;914,6;914,3;1950;30;27,5;14,4;29,3;27,5;16,1;13,6;13,2;47;40;45;207;6,7;4;
2024-01-26;2100;0;914,4;1007,1;914,4;914,3;1028,6;29;26,5;14,5;27,6;26,5;15,1;13,4;13;48;42;48;224;6,3;2,5;
2024-01-26;2200;0;915;1009;915;914,4;195,6;27;22,7;15;26,5;22,7;15,4;14,1;12,8;62;47;62;237;4,6;2,5;
2024-01-26;2300;0;916,1;1011,1;916,1;915;-3,5;23;20;16,2;22,7;19;16,2;15;12,8;82;62;79;144;2,9;1;
2024-01-27;0000;0;916,7;1012,4;916,7;916,1;-3,5;21;18,3;17,3;20;18,3;17,3;16;12,8;94;79;94;168;2,7;,4;
2024-01-27;0100;0;917,5;1012,9;917,5;916,7;-3,5;20;19,3;16,1;19,8;18,2;17,6;15,8;12,7;95;79;81;230;3,9;1,7;
2024-01-27;0200;0;917,5;1013,3;917,5;917,4;-3,5;19;18,1;16,9;19,6;17,8;16,9;15,6;12,7;93;80;93;201;3,3;,9;
2024-01-27;0300;0;917,4;1013,7;917,6;917,4;-3,5;19;16,7;16,1;18,4;16,7;17;15,9;12,7;97;87;96;57;2,8;,4;
2024-01-27;0400;0;917,2;1013,8;917,5;917,2;-3,5;18;15,9;15,7;17,1;15,9;16,8;15,7;12,7;99;96;99;164;1,9;,8;
2024-01-27;0500;0;916,8;1013,4;917,2;916,8;-3,5;17;15,8;15,7;16,2;15,4;16;15,3;12,7;99;99;99;80;1,8;1;
2024-01-27;0600;0;916,9;1013,5;916,9;916,8;-3,5;17;15,7;15,4;16,3;15,6;16,2;15,4;12,7;99;98;98;165;2,6;1;
2024-01-27;0700;0;916,8;1013,5;917;916,8;-3,5;16;15,4;15,3;15,8;15;15,5;14,9;12,6;99;98;99;166;1,9;1,2;
2024-01-27;0800;0;917;1013,7;917;916,8;-3,5;16;15,4;15,3;15,4;15,2;15,3;15,1;12,6;99;99;99;168;2,3;1,2;
2024-01-27;0900;0;917,3;1013,7;917,3;916,9;3,2;16;16,4;16,3;16,5;15,4;16,4;15,3;12,6;99;99;99;154;2,3;1,3;
2024-01-27;1000;0;918,1;1013,6;918,1;917,3;409,5;18;19,3;17,5;19,3;16,4;18;16,3;12,9;99;90;90;132;3;1,2;
2024-01-27;1100;0;918,2;1012,7;918,2;918;1284,6;20;22,3;18,5;22,3;19,3;18,5;17;13,5;91;77;79;110;6;2,1;
2024-01-27;1200;0;919;1012,9;919;918,2;2058,2;24;24,2;18,4;24,4;22,3;19,3;17,7;13,7;79;69;70;62;5,4;2;
2024-01-27;1300;0;918,8;1012,1;919;918,8;2869,9;26;25,9;17,8;26,5;24,2;19,8;17;13,7;72;57;61;60;5,5;1,9;
2024-01-27;1400;0;918,6;1011,4;918,8;918,5;3411,4;28;27,4;18,2;27,6;25,9;18,7;16,8;13,6;63;54;57;81;5,1;2;
2024-01-27;1500;0;918,2;1010,5;918,6;918,2;3562,7;30;29;14,5;29,3;25,9;18;13,3;13,5;58;38;41;21;6,5;1,7;
2024-01-27;1600;0;917,9;1010,3;918,2;917,9;2291,9;31;28,5;14,9;29,1;27,1;16,4;13,5;13,5;50;39;44;337;4,8;1,2;
2024-01-27;1700;0;917,4;1009,7;918;917,4;3316,3;32;28,8;11,4;30,1;28,4;16,4;9;13,7;49;26;34;309;7,6;3,1;
2024-01-27;1800;0;916,8;1008,9;917,4;916,8;3295,5;32;29,2;12,5;30,4;28,8;14;10,4;13,5;39;31;36;276;7,6;4;
2024-01-27;1900;0;916,4;1008,2;916,8;916,4;2680,7;32;29,9;11,1;30,2;28,5;14,5;9,4;13,6;41;28;31;262;6,6;3,8;
2024-01-27;2000;0;915,9;1007,9;916,4;915,9;1913,6;31;29;11,9;30;28,9;13,3;10,4;13,2;38;30;35;234;6,5;2,7;
2024-01-27;2100;0;916;1008,1;916;915,8;1004,5;31;28,7;14,2;29,3;28,1;14,2;10,6;13;41;32;41;268;4,9;1,2;
2024-01-27;2200;0;916,6;1010,6;916,6;916;192,9;29;23,2;15;28,8;23,2;16;14;12,8;63;40;60;220;2,4;2,1;
2024-01-27;2300;0;917,3;1012,5;917,3;916,6;-3,5;24;19,9;16,1;23,1;19,9;16,2;14,3;12,8;79;59;79;49;2,4;1,3;
2024-01-28;0000;0;917,8;1013,6;917,8;917,3;-3,5;22;18,3;15,9;19,9;18,3;16,5;15,6;12,8;86;79;86;164;2,3;1,1;
2024-01-28;0100;0;918,8;1015;918,8;917,9;-3,5;20;17,3;16,2;18,6;17,3;16,5;15,4;12,8;94;84;93;119;2;,8;
2024-01-28;0200;0;919;1014,9;919,1;918,8;-3,1;20;18,3;15,4;19,2;17,2;16,9;15,3;12,7;95;78;83;153;2,5;1,7;
2024-01-28;0300;0;918,9;1014,8;919,1;918,9;-3,4;20;18,2;15;19,2;18,1;15,4;14,8;12,7;83;76;82;157;2,5;1,6;
2024-01-28;0400;0;918,4;1014,7;918,9;918,4;-3,5;19;17;15,8;18,2;17;15,9;14,9;12,7;93;82;93;139;2,6;1,1;
2024-01-28;0500;0;918,1;1014,5;918,4;918,1;-3,5;18;16,7;15,8;17,2;16,6;16,1;15,8;12,7;95;93;95;158;2,7;1,5;
2024-01-28;0600;0;917,8;1014,2;918,1;917,8;-3,5;18;16,6;15,8;16,9;16,4;16,1;15,6;12,7;96;94;95;163;2,5;1,7;
2024-01-28;0700;0;917,7;1014,1;917,9;917,7;-3,5;17;16,6;15,8;16,7;16;16,1;15,5;12,6;98;95;95;166;2,5;1,4;
2024-01-28;0800;0;917,8;1014,4;917,8;917,6;-3,5;17;16;15,6;17,1;15,9;16,2;15,4;12,6;97;93;97;157;3;1,4;
2024-01-28;0900;0;918,5;1014,6;918,5;917,8;,4;17;17,5;16;17,5;16;16,3;15,5;12,6;98;91;91;164;2,8;1,9;
2024-01-28;1000;0;919,3;1014,9;919,3;918,5;375,7;18;19,4;15,9;19,4;16,8;16,2;14,9;12,9;93;80;80;173;2,8;,5;
2024-01-28;1100;0;920,1;1015,5;920,1;919,3;692,9;21;20,2;17,4;21,7;19,4;18;15,8;13,3;84;74;84;321;3,4;1,5;
2024-01-28;1200;0;920,9;1015,1;920,9;920,1;1595,6;23;23,8;17,4;23,9;20,1;18,3;16,2;13,8;88;63;67;351;3,1;1,1;
2024-01-28;1300;0;921,3;1015,8;921,6;920,9;1610,2;25;23,2;15,8;24,7;22,1;17,8;15,8;13,5;70;62;63;255;8,3;3,3;
2024-01-28;1400;0;920,6;1014,5;921,3;920,6;2921,5;25;24,6;17,3;24,8;22,4;18;15,8;13,7;71;62;64;169;7,1;2,4;
2024-01-28;1500;0;920,1;1013,3;920,6;920,1;3786,4;27;26,8;18,4;26,9;24,5;18,8;16,5;13,7;66;56;60;11;4,9;1,2;
2024-01-28;1600;0;919,9;1013,7;920,1;919,7;2321,4;29;24,9;17,5;27,9;24,9;18,7;16,8;13,3;64;53;63;259;9;5,4;
2024-01-28;1700;0;918,9;1012,8;920,2;918,9;2541;27;24,2;15,7;25,2;22,4;18,4;15;13,8;68;57;59;207;12,2;4,5;
2024-01-28;1800;0;918,6;1011,9;918,9;918,1;3180,2;27;25,8;15,2;26,4;24,1;16,2;14,5;13,7;60;50;52;205;9,8;3,8;
2024-01-28;1900;0;918,6;1011,6;918,7;918,5;1912,5;28;27;16,3;27;25,2;16,8;14,9;13,7;58;51;52;183;6,7;2;
2024-01-28;2000;0;917,8;1010,6;918,6;917,8;2346,7;29;27,1;16,5;27,8;26,5;17,1;14,5;13,3;54;47;52;112;4,1;1,1;
2024-01-28;2100;0;917,5;1011,1;917,9;917,5;1280,9;29;24,7;17,2;27,7;24,7;17,6;16,3;13;63;50;63;111;4,8;1,5;
2024-01-28;2200;0;918;1012,5;918;917,5;239,1;27;22;16,6;25,3;22;18;16,4;12,9;73;62;72;129;4,2;,9;
2024-01-28;2300;0;918,5;1013,6;918,5;917,9;-3,5;23;20,4;17,7;22;20,3;17,7;16,3;12,8;85;71;85;145;2,8;1,4;
2024-01-29;0000;0;919,3;1014,8;919,3;918,5;-3,5;22;19,7;19;20,5;19,7;19;17,8;12,8;96;85;96;133;3,9;1,6;
2024-01-29;0100;0;919,8;1015,5;919,8;919,3;-3,5;21;19,1;18,8;19,7;19;19;18,7;12,8;98;96;98;137;5;1,9;
2024-01-29;0200;0;920,2;1016;920,3;919,8;-3,5;20;19,1;18,9;19,1;19;19;18,7;12,7;99;98;99;122;5;1,8;
2024-01-29;0300;0;919,8;1015,7;920,2;919,8;-3,5;20;18,6;18,5;19,1;18,6;18,9;18,5;12,7;99;99;99;142;3,9;1,7;
2024-01-29;0400;0;919,6;1015,5;919,8;919,6;-3,5;20;18,6;18,4;18,7;18,5;18,5;18,4;12,7;99;99;99;136;3,9;1,7;
2024-01-29;0500;0;918,9;1014,7;919,6;918,9;-3,5;19;18,5;18,3;18,6;18,4;18,4;18,2;12,7;99;99;99;139;4,2;1,9;
2024-01-29;0600;0;918,5;1014,4;918,9;918,5;-3,5;19;18,1;17,8;18,5;18;18,2;17,5;12,7;99;97;98;148;3,8;1,9;
2024-01-29;0700;0;918,7;1014,8;918,7;918,5;-3,5;19;17,8;17,6;18,1;17,6;17,8;17,4;12,7;99;98;99;146;4,1;2;
2024-01-29;0800;0;919;1015,2;919;918,7;-3,5;19;17,6;17,4;17,8;17,6;17,6;17,4;12,6;99;99;99;145;4,1;1,7;
2024-01-29;0900;0;919,7;1016;919,7;919;1,7;18;17,4;17,2;17,6;17,3;17,4;17,2;12,6;99;99;99;142;3,8;1,4;
2024-01-29;1000;0;920,6;1016,8;920,6;919,7;244,2;19;18;17,9;18;17,3;17,9;17,2;13,1;99;99;99;136;4,3;1,9;
2024-01-29;1100;0;921;1016,2;921;920,6;1074,2;20;20,9;19;20,9;18;19,7;18;13,3;99;88;89;125;4,1;1,9;
2024-01-29;1200;0;921,3;1015,8;921,3;921;2111,9;23;23,1;18,2;23,1;20,9;19,8;18,1;13,8;91;74;74;92;4,4;1,9;
2024-01-29;1300;0;921,4;1015,3;921,5;921,3;2262,7;25;24,9;18,8;25,3;23;19,7;18,1;13,9;76;67;69;161;3,8;1,4;
2024-01-29;1400;0;920,9;1013,6;921,4;920,9;3508,8;27;28,5;17,6;28,7;24,7;20,2;15,9;13,6;73;47;52;325;6,1;2,7;
2024-01-29;1500;0;920,6;1014,5;921,1;920,5;2242,6;28;24,7;20,4;29;21,4;21,7;15;13,7;86;46;77;202;11,9;1,2;
2024-01-29;1600;,2;919,8;1012,4;920,6;919,8;3390,2;29;28,4;17,5;29,1;24,7;20,8;16,7;13,3;78;48;52;295;3,6;1,2;
2024-01-29;1700;0;918,9;1010,9;919,8;918,9;3434;31;30,1;14,8;30,3;28,2;18,1;13,6;13,6;54;36;39;300;7,3;3,4;
2024-01-29;1800;0;918,4;1010,2;919;918,4;3158;32;30,7;15,9;30,9;29,4;16,6;13,5;13,6;45;36;41;307;8;3,1;
2024-01-29;1900;0;917,8;1009,6;918,4;917,8;2655,1;32;30,3;13,2;31;29,2;15,5;13,1;13,6;41;35;35;291;8,5;4,4;
2024-01-29;2000;0;917,4;1009,4;917,8;917,4;1928,9;32;29,6;11,5;30,5;29,6;14,8;11,1;13,2;39;32;33;289;9,1;4,3;
2024-01-29;2100;0;917,3;1009,7;917,5;917,3;999,1;31;28,3;12,2;29,7;28,3;13,2;11,2;13;38;32;37;287;7,3;3,7;
2024-01-29;2200;0;917,6;1011,7;917,6;917,2;191,8;29;23,3;15,6;28,3;23,3;15,6;12,2;12,8;62;37;62;274;6;2;
2024-01-29;2300;0;918,3;1013,7;918,3;917,6;-3,5;24;19,7;15,7;23,3;19,4;16,6;14,5;12,8;81;61;78;150;2,7;,8;
2024-01-30;0000;0;918,8;1014,7;918,9;918,3;-3,5;21;18,4;15,5;20,2;18,3;15,8;15;12,8;84;72;84;185;1,6;1;
2024-01-30;0100;0;919,8;1016,2;919,8;918,8;-3,5;19;17,1;16,1;18,3;17,1;16,8;15,3;12,8;94;84;94;154;2;,8;
2024-01-30;0200;0;920,2;1016,6;920,3;919,8;-3,5;19;17,2;16;17,5;16,7;16,3;15,8;12,7;95;92;93;163;2;1,1;
2024-01-30;0300;0;919,8;1016,6;920,2;919,8;-3,5;18;16,1;15,4;17,2;16,1;16;15,2;12,7;96;92;96;149;2,2;1,4;
2024-01-30;0400;0;919,4;1016,3;919,8;919,4;-3,5;17;15,5;15,2;16,5;15,5;15,7;15,1;12,7;98;95;98;130;2,3;,9;
2024-01-30;0500;0;918,9;1015,7;919,4;918,9;-3,5;17;15,6;15,1;15,8;15,4;15,4;14,9;12,7;98;96;97;156;2,4;1,3;
2024-01-30;0600;0;918,5;1015,5;918,9;918,5;-3,5;16;15;14,7;15,6;15;15,1;14,7;12,6;98;96;98;165;2,2;1;
2024-01-30;0700;0;918,6;1015,7;918,6;918,4;-3,5;16;14,9;14,5;15,2;14,7;14,9;14,4;12,6;99;97;98;165;1,9;1,2;
2024-01-30;0800;0;918,7;1015,9;918,8;918,6;-3,4;16;14,5;14,3;14,9;14,4;14,6;14,2;12,6;99;98;98;146;2,1;1,3;
2024-01-30;0900;0;919,2;1016,5;919,2;918,7;3,4;16;14,4;14,3;15;14,3;14,8;14;12,6;99;98;99;164;2,4;1,2;
2024-01-30;1000;0;919,6;1016;919,6;919,2;390,4;16;17,2;15,3;17,2;14,5;15,6;14,3;13,2;99;89;89;157;2,9;1,4;
2024-01-30;1100;0;920;1015;920;919,4;965,4;19;21,4;16;21,5;17,2;16,4;14,8;13,6;90;70;72;155;2,6;1,1;
2024-01-30;1200;0;920,3;1013,8;920,3;920;1992,9;23;25,9;16,5;26,1;21,4;17,5;15,7;13,8;73;56;56;143;2,2;,6;
2024-01-30;1300;0;920,6;1013,6;920,7;920,3;2445,3;27;27,5;15,3;27,8;25,6;17,1;14,1;13,6;58;47;47;307;5,6;2;
2024-01-30;1400;0;920,6;1013,4;920,7;920,6;3304,6;29;28,1;15,6;28,9;27,1;17,1;14,2;13,6;52;44;47;314;6,9;2,5;
2024-01-30;1500;0;920,1;1012,4;920,6;920,1;3748,5;30;29,6;14;30;28;17,7;14;13,6;51;38;39;281;5,4;2;
2024-01-30;1600;0;919,6;1011,8;920,1;919,6;2887,1;32;29,6;15,5;30,3;29;16,8;12,9;13,5;48;37;42;326;4,9;2,1;
2024-01-30;1700;0;919;1011,4;919,6;919;2414,7;32;28,7;12,8;30,9;28,7;16,3;12;13,3;45;34;38;305;5,5;2,4;
2024-01-30;1800;0;918,2;1010;919;918,2;2751,2;32;30,6;15,2;31;28,7;15,8;11,8;13,6;43;31;39;222;5,9;2,5;
2024-01-30;1900;0;917,7;1009,4;918,2;917,6;2651,3;32;30,7;14,4;31,4;30,1;15;12;13,5;39;31;37;247;6,9;2,5;
2024-01-30;2000;0;917,1;1008,9;917,7;917,1;1604,7;32;30,1;14,3;31,3;28,8;16,3;12,8;13,3;46;32;38;224;5,2;1,6;
2024-01-30;2100;0;917,1;1009,8;917,2;917;606,5;31;27,4;17,5;30,4;26,6;17,8;13,5;13;57;36;55;213;4,9;1,8;
2024-01-30;2200;0;917,9;1011,8;917,9;917,1;170,6;29;23,8;19,2;27,4;23,8;19,7;17,3;12,9;78;54;76;222;2,5;,8;
2024-01-30;2300;0;918,4;1012,9;918,4;917,9;-3,5;25;22,3;17,9;23,8;21,9;19,5;17,8;12,8;82;73;76;162;1,4;,7;
2024-01-31;0000;0;919,1;1014,4;919,1;918,4;-3,5;23;20,2;18,6;22,4;20;18,7;17,8;12,8;91;76;91;135;2,4;,8;
2024-01-31;0100;0;919,6;1015,2;919,6;919,1;-3,3;22;19,4;18,6;20,6;19,4;19,2;17,8;12,8;96;84;95;157;1,6;,9;
2024-01-31;0200;0;919,7;1015,4;919,8;919,6;-3,3;21;19;18,1;19,6;19;18,6;18;12,8;95;93;94;159;1,4;,9;
2024-01-31;0300;0;919,2;1015,1;919,7;919,2;-3,5;20;18,4;17,6;19,1;18,4;18,2;17,6;12,7;95;94;95;160;2,5;1,1;
2024-01-31;0400;0;918,7;1014,7;919,2;918,7;-3,3;20;18,1;17,6;18,5;17,8;17,8;17,3;12,7;98;95;97;151;2,2;1,4;
2024-01-31;0500;0;918,4;1014,3;918,7;918,4;-3,4;19;18,3;17,5;18,5;17,9;17,7;17,3;12,7;97;94;95;144;2,2;1,1;
2024-01-31;0600;0;918;1013,9;918,4;918;-3,4;19;18,1;17,5;18,4;18,1;17,6;17,4;12,7;96;94;96;159;2,2;,9;
2024-01-31;0700;0;918,3;1014,1;918,3;918;-2,3;19;18,4;17,7;18,5;18;17,8;17,5;12,7;97;96;96;168;1,5;1,1;
2024-01-31;0800;0;918,7;1014,7;918,7;918;-3,1;19;18,1;17,7;18,5;18,1;17,8;17,6;12,6;98;95;98;146;2,1;,8;
2024-01-31;0900;0;919,1;1014,9;919,1;918,7;-1,2;19;18,7;18,1;18,9;18,1;18,3;17,8;12,6;98;95;96;167;2,5;1,1;
2024-01-31;1000;0;919,8;1015,4;919,8;919,1;46,3;20;19,4;18,6;19,5;18,7;18,9;18,1;12,6;97;94;95;130;1,8;,8;
2024-01-31;1100;0;920,4;1015,4;920,4;919,8;284,1;20;21,3;18,5;21,3;19,2;19,6;18,4;13,2;96;84;84;225;2,2;,4;
2024-01-31;1200;0;920,8;1015,5;920,8;920,4;583;22;22,3;20,1;22,5;21,1;21,2;18,3;13,5;95;81;88;71;1,9;1;
2024-01-31;1300;0;921,2;1015,6;921,2;920,8;726,6;24;23,5;19,8;23,7;22,3;20,2;18,2;13,5;87;71;80;57;1,7;,5;
2024-01-31;1400;0;921,4;1015,5;921,5;921,2;1044,4;25;24,5;18,2;24,5;23,5;19,9;17,8;13,7;81;68;68;334;3;1,5;
2024-01-31;1500;0;921,5;1015,8;921,5;921,3;1172,4;27;23,7;18,5;25,2;23,7;18,7;17,3;13,3;73;63;73;303;4,6;2,3;
2024-01-31;1600;,4;921,7;1017,3;922,1;921,5;339;24;20,1;18,5;23,7;19,9;19,5;16,3;13,3;93;73;91;289;9,4;2,1;
2024-01-31;1700;,6;919,9;1015,4;921,7;919,9;646,9;22;19,8;18,8;20,1;19;18,8;15,1;14;94;76;94;185;7,9;1,3;
2024-01-31;1800;,6;919,3;1013,7;919,9;919,3;1804,3;23;22,8;17,1;23,1;19,8;19,4;17,1;13,9;95;70;70;67;4,1;1,2;
2024-01-31;1900;,2;919,2;1013;919,3;919,1;2278,9;26;24,6;16,2;25,9;22,6;18,9;16,2;13,7;76;59;60;10;2,6;,9;
2024-01-31;2000;0;919;1012,5;919,2;918,9;1574,2;28;25,6;16,3;26,7;24,4;18,1;15,4;13,3;65;52;57;138;2,4;1;
2024-01-31;2100;0;919,3;1013;919,4;919;925,9;28;25,1;18,6;26,1;24,4;19,1;15,8;13;72;55;67;136;3,4;,5;
2024-01-31;2200;0;919,5;1014,5;919,5;919,1;109,3;26;21,1;18,2;25,1;21,1;19,3;18;12,8;84;67;84;132;2,1;1,2;
2024-01-31;2300;0;920,4;1015,7;920,4;919,5;-3,5;23;20,4;17,5;21,1;20,2;18,8;17,4;12,8;91;83;84;148;3,1;1,5;
2024-02-01;0000;0;922;1017,5;922;920,4;-2,9;22;20,3;16,6;20,8;19,8;18;16,6;12,8;89;78;79;148;9,2;3,3;
2024-02-01;0100;0;922;1017,9;922,3;922;-3,4;21;19,3;15,9;20,3;19,3;16,3;15,5;12,8;81;76;81;108;9;2,1;
2024-02-01;0200;0;922;1017,9;922,3;922;-3,5;20;19,2;16;19,8;19,1;16,5;15,9;12,7;83;79;82;122;5,2;1,6;
2024-02-01;0300;0;921,6;1017,6;922;921,5;-3,5;20;18,7;15,9;19,3;18,6;16,1;15,7;12,7;84;80;84;167;4,7;,8;
2024-02-01;0400;0;920,9;1017,2;921,8;920,9;-3,5;19;17,7;16,4;18,8;17,7;16,4;15,8;12,7;92;83;92;137;2,9;,8;
2024-02-01;0500;0;920,1;1016,5;920,9;920,1;-3,5;19;17,1;16,6;17,7;17;16,7;16,3;12,7;97;92;97;120;2,8;1,3;
2024-02-01;0600;0;920,1;1016,7;920,2;919,8;-3,5;18;16,6;16,1;17,6;16,2;17;15,7;12,7;98;94;97;225;3,7;2,6;
2024-02-01;0700;0;920,2;1017,3;920,2;920;-3,5;17;15,4;15,3;16,6;15,1;16,1;15;12,6;99;96;99;229;3,7;,4;
2024-02-01;0800;0;920,2;1017,4;920,2;920,1;-3,3;16;15,1;15;15,4;14,9;15,3;14,8;12,6;99;99;99;131;1,6;1;
2024-02-01;0900;0;920,5;1017,5;920,5;920,1;1;16;15,7;15,6;15,7;15,1;15,6;15;12,6;99;99;99;194;1,8;1;
2024-02-01;1000;0;921,3;1018;921,3;920,5;207,5;17;16,7;16,6;16,7;15,7;16,6;15,7;13,1;100;99;99;159;1,8;1,1;
2024-02-01;1100;0;921,4;1017,1;921,6;921,3;796,3;18;19,6;16,4;19,6;16,7;17,9;16,4;13,6;99;82;82;144;2,9;1,2;
2024-02-01;1200;0;921,9;1016,6;921,9;921,4;1846,1;22;22,8;17,1;23;19,5;18;16;13,8;84;69;70;69;2,7;1;
2024-02-01;1300;0;922,1;1016,2;922,2;921,8;1858,3;24;24,5;18,5;24,5;22,5;18,6;16,9;13,9;74;66;69;123;2,8;1,4;
2024-02-01;1400;0;922;1015,6;922,2;922;3201,1;27;26,1;16,3;26,5;24,6;19,4;16,2;13,6;69;53;55;26;4,4;1,6;
2024-02-01;1500;0;921,7;1015,1;922;921,7;2757,3;29;26,7;16,8;27;25,9;18,9;15,9;13,5;62;52;54;4;3,8;1,4;
2024-02-01;1600;0;921,3;1014,3;921,7;921,3;2630,2;30;27,7;16,4;28,2;26,5;18,2;15,3;13,5;59;47;50;null;3,6;null;
2024-02-01;1700;0;920,5;1013,1;921,3;920,5;3323;31;28,8;17,1;29,1;27,3;18,1;15,8;13,6;54;47;49;186;4,3;1,3;
2024-02-01;1800;0;919,7;1011,9;920,5;919,7;3046,4;32;29,6;17,4;29,7;27,9;17,9;15,6;13,5;51;45;48;275;4,6;2,5;
2024-02-01;1900;0;919,6;1013,5;919,7;919,3;1408,9;31;24,3;15,8;29,7;24,3;18;15,8;13,2;62;43;59;117;5,7;2,5;
2024-02-01;2000;0;919,8;1014,5;919,8;919,5;397;27;22,1;16,9;24,3;21,5;16,9;14,9;13,3;73;59;72;152;8,7;2,2;
2024-02-01;2100;0;920,2;1014,7;920,3;919,8;437,8;25;22,9;16,6;23,1;21,3;17,9;15,7;13;78;64;68;135;5,7;1,7;
2024-02-01;2200;0;920,5;1015,6;920,6;920,2;94;24;21,1;17,5;22,9;21,1;17,5;16,4;12,8;80;67;80;137;3,9;1,4;
2024-02-01;2300;0;920,4;1015,6;920,6;920,3;-2,8;23;20,7;17,4;21,1;20,3;18,5;17,4;12,8;90;80;81;135;3,6;1,5;
2024-02-02;0000;0;921,6;1017,1;921,6;920,4;-3,5;22;20,4;16,7;20,7;19,7;18,6;16,6;12,8;94;79;79;141;3;1,3;
2024-02-02;0100;0;921,6;1017,6;921,7;921,4;-3,5;21;18,7;18,1;20,4;18,6;18,1;16,7;12,8;96;79;96;145;2,9;1;
2024-02-02;0200;0;921,7;1017,8;921,7;921,3;-3,1;20;18,5;17,5;18,9;18,2;18,2;17,3;12,7;97;94;94;151;2,8;1,1;
2024-02-02;0300;0;921,9;1017,9;921,9;921,7;-3,5;19;19;16,2;19;18,1;17,4;16,2;12,7;94;84;84;162;3;1,5;
2024-02-02;0400;0;921,6;1017,8;921,9;921,6;-3,4;20;18,3;17,1;19,1;18,2;17,3;16,1;12,7;94;83;92;164;2,8;1;
2024-02-02;0500;0;921,1;1017,4;921,6;921,1;-3,1;19;17,9;17,6;18,7;17,9;17,6;16,4;12,7;98;86;98;157;2,1;,4;
2024-02-02;0600;0;920,6;1016,6;921,2;920,6;-2,9;19;18,5;17,3;18,5;17,8;17,6;17,3;12,7;98;93;93;146;3;1,5;
2024-02-02;0700;0;921;1017;921,1;920,6;-3,5;19;18,8;15,9;19;18,2;17,3;15,8;12,6;93;83;83;143;3;1,3;
2024-02-02;0800;0;921,1;1017,3;921,1;920,8;-3,2;19;18;17,4;19,1;17,9;17,4;15,9;12,6;96;83;96;168;2,4;,9;
2024-02-02;0900;0;921,8;1018,1;921,8;921;-,9;19;18,1;17,5;18,1;17,8;17,6;17,3;12,6;97;96;97;134;2,1;,6;
2024-02-02;1000;0;922,9;1019;922,9;921,8;65,1;19;18,9;18,4;18,9;17,7;18,4;17,3;12,7;98;94;97;294;3,3;,9;
2024-02-02;1100;0;923,2;1018,8;923,3;922,8;381,6;20;20,5;17,6;20,5;18,9;19;17,4;13,2;97;83;83;95;4,5;1,6;
2024-02-02;1200;0;923,4;1019,3;923,5;923,1;332,9;21;19,8;16,7;20,5;19,7;17,5;16,4;13,1;84;81;82;123;4,5;1,5;
2024-02-02;1300;0;923,6;1019,1;923,6;923,4;515,9;21;21;16,8;21;19,8;17,4;16,3;13,6;85;76;77;113;5,3;1,4;
2024-02-02;1400;0;923,6;1018,7;923,7;923,5;842,4;23;22,1;17,3;22,3;21;17,7;16,4;13,6;77;70;74;97;5,5;1,2;
2024-02-02;1500;0;923,9;1018,9;924;923,6;873,3;24;22,4;17,5;22,5;22,1;17,7;16,9;13,6;75;71;74;107;5,2;1,8;
2024-02-02;1600;0;923,3;1017,7;923,9;923,3;1091,8;25;24,1;18,3;24,1;22,4;18,5;17;13,5;76;67;70;99;4,6;,9;
2024-02-02;1700;0;923,1;1017,4;923,3;922,9;1339,7;26;24,2;17,4;24,9;23,4;18,4;16,5;13,4;70;61;66;41;4,6;1,9;
2024-02-02;1800;0;921,5;1015,3;923,1;921,5;1203,7;27;25,2;17,3;25,2;23,7;18,1;16,6;13,7;70;60;62;310;6,8;1,7;
2024-02-02;1900;0;919,7;1013,2;921,5;919,7;2359,1;28;25,6;17,1;26,7;24,9;18,9;16;13,7;66;56;59;153;5;2;
2024-02-02;2000;0;920,3;1014,5;920,4;919,5;846,5;27;23,9;17,3;25,6;23,8;17,9;16,2;13,1;68;58;67;95;4,6;1,2;
2024-02-02;2100;0;921;1015,5;921;920,3;471,1;26;23,2;17,8;24;23,2;18,1;16,5;13;73;64;72;70;4,3;1,2;
2024-02-02;2200;0;921,5;1016,4;921,5;921;41,8;25;21,9;17,9;23,2;21,9;18,2;17,8;12,8;79;71;78;145;3,3;1,4;
2024-02-02;2300;0;921,8;1017,1;921,9;921,6;-3,5;23;21;18;22;21;18,1;17,8;12,8;83;78;83;129;3,8;1,2;
2024-02-03;0000;0;922,4;1017,6;922,4;921,8;-3,3;22;21,3;17,3;21,4;20,9;18,1;17,3;12,8;83;78;78;136;4,2;2,2;
2024-02-03;0100;0;922,8;1018,4;922,8;922,4;-3,2;22;20,5;17,6;21,3;20,4;17,6;17,3;12,8;83;78;83;140;4,2;1,3;
2024-02-03;0200;0;923,1;1018,8;923,4;922,8;-3,3;21;20,3;18,7;20,7;19,9;18,8;17,6;12,7;92;83;91;145;4;1,4;
2024-02-03;0300;0;922,9;1018,9;923,2;922,9;-3,5;21;19,2;18,5;20,3;19,2;18,7;18,3;12,7;96;89;96;145;2,7;1,2;
2024-02-03;0400;0;922,3;1018,3;922,9;922,3;-3,5;20;19,1;18,4;19,5;19,1;18,8;18,4;12,7;96;95;96;172;3,5;,5;
2024-02-03;0500;0;921,2;1016,9;922,3;921,2;-3,5;20;19,5;18,4;19,5;18,9;18,6;18,3;12,7;97;93;93;121;4,5;1,6;
2024-02-03;0600;0;920,9;1016,6;921,2;920,8;-3,5;20;19,6;16,9;19,7;19,3;18,4;16,9;12,7;94;84;84;138;4;1,5;
2024-02-03;0700;0;921;1016,7;921;920,9;-3,5;20;19,4;15,9;19,6;19,2;16,9;15,9;12,6;84;80;80;127;4,9;1,8;
2024-02-03;0800;0;921,3;1017,4;921,3;921;-3,5;20;18,4;16,4;19,4;18,4;16,4;15,7;12,6;88;80;88;111;4,9;1,3;
2024-02-03;0900;0;921,8;1018,1;921,8;921,3;0;19;18,1;17,1;18,5;18;17,1;16,2;12,6;94;86;94;107;4;1;
2024-02-03;1000;0;922,2;1018,1;922,3;921,8;200;19;19,4;16,7;19,4;18,1;17,3;16,6;13;94;85;85;134;5;1,8;
2024-02-03;1100;0;922,7;1017,4;922,7;922,2;1221,8;22;23;17,7;23;19,4;17,8;16,7;13,8;85;71;72;122;7;2,4;
2024-02-03;1200;0;922,9;1017,3;922,9;922,7;1720,5;25;24;17,3;24,4;23;18,3;17,2;13,6;73;65;66;113;8,4;2,4;
2024-02-03;1300;0;923,2;1016,5;923,4;922,9;2916,6;27;27,5;19;27,5;23,9;19,4;17,1;13,6;69;58;60;76;8,4;2,2;
2024-02-03;1400;0;923,1;1016,7;923,4;923,1;2310,7;28;26,5;17,9;27,8;25,9;19,7;17,2;13,7;65;55;59;63;7,1;2,2;
2024-02-03;1500;0;922,9;1015,9;923,1;922,8;3015,2;30;28,3;19,1;28,9;26,5;19,7;17,7;13,5;64;53;57;93;5,4;2,1;
2024-02-03;1600;0;922,4;1015,4;922,9;922,4;2736,2;30;28,1;18,7;29,4;27,3;19,7;17,2;13,6;59;49;57;87;7,9;1,9;
2024-02-03;1700;0;921,8;1014,4;922,5;921,8;2913,6;31;29,2;18,3;29,8;28,1;20;17;13,5;58;48;52;72;7,5;2,3;
2024-02-03;1800;0;920,4;1012,8;921,8;920,4;3169,4;32;29,4;17,3;30,4;28,8;18,7;16;13,5;55;44;48;82;7,5;2,1;
2024-02-03;1900;0;919,9;1013,2;920,4;919,9;635,7;31;26,5;17,4;29,5;26,4;18,2;16,1;13;60;45;57;104;5,5;,9;
2024-02-03;2000;0;920,3;1014;920,3;919,9;398,6;29;25,2;18,2;26,7;25,2;19,8;17,4;13;69;57;66;300;6,9;3;
2024-02-03;2100;0;920,4;1015;920,6;920,3;205,8;26;22,5;18,6;25,2;22,5;18,7;18,2;12,9;79;66;79;318;6,9;2,1;
2024-02-03;2200;0;920,8;1015,8;920,8;920,1;13,6;24;21,5;18,3;22,5;21,5;19,1;18,3;12,8;85;79;82;288;4,6;1,3;
2024-02-03;2300;0;921,8;1017,2;921,8;920,8;-3,3;23;20,6;19,3;21,5;20,6;19,3;18,3;12,8;93;82;93;289;3,4;1,4;
2024-02-04;0000;0;922,1;1017,8;922,1;921,8;-2,9;22;19,9;18,9;20,6;19,9;19,4;17,7;12,8;94;84;94;311;2,2;,5;
2024-02-04;0100;0;922,7;1018,5;922,7;922,1;-3,2;21;19,7;19;19,9;19,5;19,2;18,9;12,8;97;94;95;162;1,5;,8;
2024-02-04;0200;0;923,2;1019,1;923,2;922,7;-2,3;21;19,5;19,2;19,9;19,5;19,3;18,9;12,7;98;94;98;310;1,5;,6;
2024-02-04;0300;0;922,7;1018,6;923,2;922,7;-1,2;21;19,6;19,3;19,8;19,5;19,5;19,2;12,7;99;98;98;8;1,3;,5;
2024-02-04;0400;0;922,1;1017,9;922,7;922,1;-2,6;21;19,5;19,3;19,7;19,3;19,3;19;12,7;98;97;98;176;2,2;,3;
2024-02-04;0500;0;921,4;1017;922,1;921,4;-2,5;21;20;19;20,2;19,5;19,4;19;12,7;99;94;94;174;1,4;,5;
2024-02-04;0600;0;921,1;1016,8;921,4;921,1;-3;21;19,6;19,1;20,2;19,6;19,3;19;12,7;97;93;97;151;1,7;,6;
2024-02-04;0700;0;921,2;1017;921,3;921,1;-1,8;21;19,4;19,2;19,6;19,3;19,2;19,1;12,6;99;97;99;250;1,5;,8;
2024-02-04;0800;0;921,8;1017,7;921,8;921,2;-2,5;20;19,2;19;19,6;19,1;19,4;18,9;12,6;99;98;99;309;4;2,6;
2024-02-04;0900;,6;922,3;1018,2;922,3;921,8;-1,9;20;19,3;19,1;19,5;19,1;19,3;18,9;12,6;99;98;99;303;5,3;2,1;
2024-02-04;1000;1;922,8;1018,7;922,9;922,3;42,9;20;19,5;19,4;19,5;19,3;19,4;19,1;12,7;99;99;99;270;3,9;1,1;
2024-02-04;1100;,6;922,7;1018,3;922,9;922,7;386,5;21;20,3;19,9;20,3;19,5;20,1;19,4;13,2;99;97;98;128;1,7;,8;
2024-02-04;1200;,4;923,1;1018,4;923,1;922,7;786,8;22;21,4;20,4;21,4;20,3;20,6;19,8;13,6;98;93;94;127;1,6;,9;
2024-02-04;1300;,4;923,2;1018;923,3;923,1;1047,1;23;22,9;19,2;22,9;21,4;20,5;18,8;13,8;94;80;80;151;2,3;1;
2024-02-04;1400;,2;923;1016,9;923,2;923;2023,5;26;25,5;19,6;25,5;22,8;20,4;19,1;13,7;81;70;70;108;2,7;,9;
2024-02-04;1500;0;922,9;1016,9;923;922,8;1789;28;25,3;18,7;26,2;25,3;20,2;18,1;13,4;73;63;67;332;4;1,3;
2024-02-04;1600;0;922,7;1016,6;923;922,7;1053,4;28;25,5;19,1;25,9;25,2;19,4;17,9;13,9;69;63;68;248;2,8;1,6;
2024-02-04;1700;0;922;1015,9;922,7;922;1231,8;28;25,2;18,6;25,8;25,1;19,9;17,8;13,4;72;63;67;240;3,9;2,7;
2024-02-04;1800;0;921,2;1015,3;922;921,2;1284,3;27;24,3;20;25,4;23,9;20,6;18,5;13,8;80;66;77;217;5,3;2,9;
2024-02-04;1900;0;920,5;1014,3;921,2;920,4;1284,7;27;25,1;18,6;25,4;24,3;20,4;18,6;13,3;78;67;67;220;4,6;1,7;
2024-02-04;2000;0;919,9;1013,7;920,6;919,9;778,7;27;24,8;19,2;25,3;24,6;19,9;17,9;13,2;75;64;71;153;3,4;1,4;
2024-02-04;2100;0;920,6;1015;920,6;919,8;624,8;27;23,3;17,9;25,6;23,3;20;17,9;13;77;68;72;144;4,6;1,4;
2024-02-04;2200;0;920,8;1015,8;920,8;920,6;85,2;25;21,4;18,3;23,2;21,4;18,9;17,5;12,8;85;71;82;145;3,6;,9;
2024-02-04;2300;0;921,3;1016,7;921,3;920,8;-3,1;23;20,6;17,7;21,4;20,6;18,5;17,4;12,8;87;80;83;136;2,3;1,2;
2024-02-05;0000;0;921,6;1017,2;921,6;921,2;-3,4;22;19,9;18,9;20,7;19,9;19,3;17,5;12,8;95;82;94;177;2,3;,7;
2024-02-05;0100;0;921,9;1017,6;921,9;921,6;-3,2;21;19,7;19;20,1;19,6;19,1;18,1;12,8;96;88;96;155;1,8;1,1;
2024-02-05;0200;0;921,6;1017,2;922,1;921,6;-2,2;21;19,9;18,5;20,3;19,7;19;17,2;12,8;96;82;92;161;2,1;,6;
2024-02-05;0300;0;921,2;1016,8;921,6;921,2;-3;21;20;18,9;20;19,6;19;18,5;12,7;96;91;94;160;1,7;,6;
2024-02-05;0400;0;921,3;1016,9;921,4;921,1;-3,4;21;20;18,9;20,4;19,4;19;17,7;12,7;95;85;93;117;2,9;1,1;
2024-02-05;0500;0;920,9;1016,3;921,3;920,9;-2,6;21;20,3;17,7;20,4;19,9;18,9;17,6;12,7;93;84;85;125;3,3;,9;
2024-02-05;0600;0;920,5;1015,9;920,9;920,5;-2,4;21;20,2;17,9;20,4;20;18,2;17,5;12,7;90;83;87;132;3,3;1,4;
2024-02-05;0700;0;920,2;1015,6;920,5;920,1;-2,7;21;20,1;17,6;20,3;20;17,9;17,5;12,7;87;84;86;145;3,8;1,2;
2024-02-05;0800;0;920,7;1016,1;920,9;920,2;-2,6;21;20,4;17,5;20,4;20;17,8;17,4;12,6;87;83;84;114;3,2;1,3;
2024-02-05;0900;0;921,1;1016,6;921,1;920,7;-,9;21;20;18,6;20,4;19,7;18,7;17,5;12,6;94;84;92;141;3,2;1,5;
2024-02-05;1000;0;921,4;1016,6;921,4;921,1;209,5;21;21;18,3;21,1;20;18,9;17,7;13;92;82;85;127;3,4;,9;
2024-02-05;1100;0;921,9;1016,8;921,9;921,4;467,7;22;22,2;18,3;22,2;21;18,3;17,7;13,3;85;77;78;103;4,9;1,5;
2024-02-05;1200;0;922,3;1016,5;922,3;921,9;1027,4;24;24,5;19,1;24,5;22,2;19,3;18;13,6;79;70;72;112;3,6;1,2;
2024-02-05;1300;0;922,5;1016,5;922,6;922,3;1408,4;26;25,1;18,4;25,1;24,1;19,1;18;13,8;73;66;66;69;4;1,8;
2024-02-05;1400;0;922,2;1015,6;922,5;922,2;2596,6;28;26,8;18,3;27,2;25,2;19,7;17,7;13,7;69;57;60;46;4,4;1,8;
2024-02-05;1500;0;921,7;1014,5;922,2;921,7;2685,8;30;28,5;19;28,8;26,4;20,9;18,1;13,5;65;56;56;67;4,5;1,6;
2024-02-05;1600;0;920,9;1014;921,7;920,9;2601,3;31;27,4;18,8;28,5;27;19,7;17,8;13,5;61;54;60;349;5,6;2,6;
2024-02-05;1700;0;919,7;1012,2;920,9;919,7;3888,1;32;28,7;18,9;28,9;27,4;19,9;16,8;13,5;61;50;55;344;5,9;2,7;
2024-02-05;1800;0;919,5;1012,5;919,7;919,2;1572,1;32;27,1;18,6;28,7;27,1;19,6;16,8;13,1;60;52;60;230;5,6;,9;
2024-02-05;1900;,2;919,7;1015;919,8;919,4;331,6;27;20,2;19,7;27,1;20,2;19,7;17,6;13;97;58;97;155;10,3;2,2;
2024-02-05;2000;,4;919,6;1014,6;919,7;919,4;400,9;23;21,3;20,5;21,3;20,1;20,8;19,7;13,1;98;95;95;135;4,8;1,4;
2024-02-05;2100;,2;919,7;1014,4;920;919,5;413,4;24;22,2;19,7;22,5;21,3;20,9;18,7;13;96;79;86;34;4,1;1,1;
2024-02-05;2200;,2;920,4;1015,6;920,5;919,7;143,9;24;20,8;19,8;22,2;20,8;21;18,3;12,8;95;79;94;99;2,4;,9;
2024-02-05;2300;,2;921,1;1016,8;921,1;920,4;-3,1;22;19,7;19,5;20,8;19,7;20,2;19,5;12,8;99;94;99;168;2;,3;
2024-02-06;0000;,2;921,8;1017,5;921,8;921;-2,8;21;19,8;19,7;19,9;19,4;19,8;19,3;12,8;99;99;99;147;2,2;,9;
2024-02-06;0100;,2;922,3;1018,2;922,4;921,8;-2,7;21;19,3;19,1;19,8;19,3;19,7;19,1;12,7;99;98;99;151;2,5;1,2;
2024-02-06;0200;,2;922,3;1018,3;922,4;922,2;-2,3;21;19,1;19;19,5;19,1;19,3;18,9;12,7;99;99;99;153;2,2;1,2;
2024-02-06;0300;0;922,2;1018,1;922,3;922,1;-2;20;19,3;19,2;19,3;19,1;19,2;19;12,7;99;99;99;142;2,2;,8;
2024-02-06;0400;,2;922,2;1018;922,2;921,9;-2;20;19,5;19,3;19,5;19,1;19,3;18,9;12,7;99;99;99;136;2,9;1,4;
2024-02-06;0500;0;921,4;1017,2;922,2;921,4;-3,2;20;19,5;18,9;19,9;19,5;19,4;18,9;12,7;99;96;97;160;4;1,2;
2024-02-06;0600;0;921;1016,9;921,4;921;-3,5;20;19;18,6;19,6;19;19,1;18,6;12,7;98;96;98;146;2,5;,8;
2024-02-06;0700;,2;920,8;1017;921,1;920,8;-3,5;19;18;18;19;17,9;18,7;17,8;12,7;100;97;100;146;2,1;1;
2024-02-06;0800;0;921,1;1017,5;921,1;920,8;-3,5;19;17,5;17,4;18,2;17,4;18,1;17,3;12,6;100;99;100;191;2,1;,9;
2024-02-06;0900;0;921,7;1018,3;921,7;921,1;-,8;18;17;16,9;17,5;16,9;17,5;16,9;12,6;100;99;99;152;1,8;,5;
2024-02-06;1000;0;922,3;1018,5;922,3;921,7;256,5;19;18,6;18,5;18,6;17;18,5;16,9;12,9;99;99;99;158;1,9;,8;
2024-02-06;1100;0;922,9;1018,2;922,9;922,3;791,6;20;21,2;19,7;21,2;18,6;19,9;18,5;13,5;100;89;91;127;2,7;1,3;
2024-02-06;1200;0;923,5;1017,7;923,5;922,9;2018,8;23;24,7;18,4;24,7;21,3;19,8;18,2;13,8;91;68;68;72;3,6;1;
2024-02-06;1300;,2;923,6;1017;923,6;923,5;2783,3;26;27,3;18,5;27,4;24,5;19,2;17,8;13,8;71;58;59;null;3,6;null;
2024-02-06;1400;0;923,5;1017,2;923,6;923,5;1633,6;28;26,1;18,8;27,6;25,8;19,6;17,3;13,4;67;55;64;81;3,5;,7;
2024-02-06;1500;0;922,7;1015,6;923,5;922,7;2841,6;29;28,5;17,4;29,1;26,1;19,6;17,2;13,5;67;50;51;78;3;1,3;
2024-02-06;1600;0;921,9;1014,5;922,7;921,9;3829,8;32;29,1;17,9;29,8;27,8;18,7;16,6;13,5;57;46;51;54;null;1,2;
2024-02-06;1700;0;921;1013,2;921,9;921;3292,4;33;30;16,3;30,4;28,4;19,1;15,6;13,4;53;42;44;196;5,8;2,4;
2024-02-06;1800;0;920,6;1014,2;921;920,6;1214,1;32;25,8;17,5;30,7;25,8;19,4;15,7;13,1;61;42;60;130;7,4;2,5;
2024-02-06;1900;0;920,1;1014,4;920,8;920,1;690,4;28;23,3;21,5;25,8;22,2;21,6;17,3;13,4;94;60;90;73;9,6;,8;
2024-02-06;2000;0;919,5;1012,8;920,1;919,4;1266;27;26,3;21,2;26,4;23,4;21,3;19,5;13,3;90;71;74;18;2,9;1,1;
2024-02-06;2100;0;919,4;1013,2;919,5;919,1;694,2;28;24,7;20,3;26,5;24,7;21;19,6;13;77;66;76;340;3,1;1,4;
2024-02-06;2200;0;920,2;1014,8;920,2;919,4;99,2;26;22,4;19,7;24,7;22,4;20,3;18,9;12,8;85;73;85;271;3,5;1;
2024-02-06;2300;0;920,8;1015,7;920,8;920,2;-3,5;24;21,7;20,6;22,4;21,6;20,8;19,4;12,8;94;84;93;345;3,2;,5;
2024-02-07;0000;0;921,3;1016,6;921,3;920,8;-3,4;23;20,9;20,6;21,7;20,8;20,8;20,3;12,8;98;93;98;151;1,2;,6;
2024-02-07;0100;0;921,8;1017,3;921,8;921,4;-3,4;22;20,5;20,4;20,9;20,4;20,6;20,3;12,8;99;98;99;145;1,8;,6;
2024-02-07;0200;0;921,9;1017,4;922,3;921,8;-1,5;22;20,5;20,4;20,7;20,2;20,6;20,1;12,8;99;99;99;153;1,8;1;
2024-02-07;0300;0;921,2;1016,7;921,9;921,2;-2;22;20,2;20,1;20,5;20,2;20,4;20,1;12,7;99;99;99;147;2,1;,7;
2024-02-07;0400;0;920,9;1016,5;921,2;920,9;-3,2;21;19,7;19,6;20,2;19,6;20,1;19,6;12,7;100;99;100;163;1,4;,3;
2024-02-07;0500;0;920,3;1015,9;920,9;920,2;-2,9;21;19,5;19,5;19,7;19,4;19,6;19,3;12,7;100;100;100;117;1,6;,6;
2024-02-07;0600;0;919,7;1015;920,5;919,6;-2,9;21;20,3;20,2;20,3;19,5;20,2;19,4;12,7;100;99;100;158;2,9;1,4;
2024-02-07;0700;0;919,4;1014,6;919,7;919,4;-2,9;21;20,5;20,2;20,5;20;20,3;19,7;12,7;100;98;98;139;2,7;1,3;
2024-02-07;0800;0;919,7;1015;919,7;919,3;-3,1;21;20,4;20;20,5;20;20,1;19,7;12,6;98;97;98;157;3,6;,7;
2024-02-07;0900;0;920,2;1015,8;920,2;919,7;-1,3;21;19,5;19,5;20,4;19,3;20;19,2;12,6;100;98;100;143;1,7;1;
2024-02-07;1000;0;920,8;1016,3;920,8;920,2;141,7;21;20,1;20;20,1;19,5;20;19,5;12,9;100;100;100;136;2;,8;
2024-02-07;1100;0;921,2;1016;921,2;920,8;577,9;22;22,1;21;22,1;20,1;21,1;20;13,3;100;93;94;142;2,5;,9;
2024-02-07;1200;0;921,3;1015,1;921,4;921,2;1512,9;24;25,2;19,8;25,2;22,1;21,4;19,5;13,7;94;71;72;98;3,9;1,2;
2024-02-07;1300;0;921,4;1014,8;921,5;921,3;2077,6;27;26,6;20;26,7;24,8;20,8;19;13,6;76;65;67;57;3,5;1,5;
2024-02-07;1400;0;921,2;1014,2;921,5;921,1;3421,3;30;27,8;19;28,8;26,5;20,7;18,4;13,5;67;55;59;40;3,1;1;
2024-02-07;1500;0;920,8;1014,1;921,2;920,8;1500,7;30;26,6;21,5;28,2;24,9;22,9;18,4;13,7;82;56;74;42;6,7;1,7;
2024-02-07;1600;0;919,6;1012,5;920,8;919,6;2618,1;31;27,6;20,6;29,3;25,7;21,9;19,2;13,3;77;56;66;16;3,9;1,3;
2024-02-07;1700;0;918,4;1011,2;919,6;918,4;2892,6;32;27,4;18,6;30,4;27,4;21,1;16,7;13,2;67;46;59;208;5,9;2,8;
2024-02-07;1800;0;917,7;1010,8;918,5;917,7;1023;30;26,2;19,8;27,3;25,1;20,7;18,6;13,1;72;59;68;18;6,9;1,6;
2024-02-07;1900;0;918,4;1013;918,6;917,7;500,1;26;22;21,6;26,2;21,2;21,8;17,4;13,2;99;63;98;117;7,2;1,5;
2024-02-07;2000;0;919,1;1014,1;919,1;918,2;326,2;24;21;18,1;22,1;20,9;21,6;18,1;13;98;83;83;172;4,1;1,7;
2024-02-07;2100;0;918,5;1013,7;919,3;918,2;128,2;23;20,3;19,9;21;20,3;20,1;18,2;12,9;98;83;98;182;3,8;1;
2024-02-07;2200;0;919;1014,4;919,1;918,5;25,3;22;19,9;19,7;20,3;19,9;20,1;19,7;12,8;99;97;99;317;3,4;1,3;
2024-02-07;2300;0;919,6;1015;919,6;919;-2,4;21;20,1;19,8;20,1;19,8;19,8;19,6;12,8;99;98;98;279;2,9;1,6;
2024-02-08;0000;0;920,1;1015,7;920,1;919,6;-2,3;21;19,6;19,6;20,1;19,6;19,8;19,5;12,8;100;98;100;338;2,9;,2;
2024-02-08;0100;0;920,4;1016;920,4;920;-2,3;21;19,6;19,5;19,7;19,5;19,6;19,4;12,7;100;100;100;141;2,6;,8;
2024-02-08;0200;0;920,8;1016,5;920,8;920,3;-2,3;21;19,5;19,5;19,6;19,5;19,6;19,4;12,7;100;100;100;183;2,6;,6;
2024-02-08;0300;0;920,6;1016,3;920,9;920,6;-1,8;21;19,3;19,3;19,6;19,3;19,6;19,3;12,7;100;100;100;159;1,5;,3;
2024-02-08;0400;,2;920,1;1015,8;920,6;920,1;-2,3;20;19,4;19,3;19,4;19,2;19,3;19,1;12,7;100;100;100;167;1,5;,8;
2024-02-08;0500;0;919,5;1015,1;920,1;919,5;-1,9;20;19,3;19,2;19,4;19,2;19,3;19,1;12,7;100;100;100;321;1,6;,9;
2024-02-08;0600;0;919,2;1014,8;919,7;919,2;-2;20;19,4;19,3;19,6;19,3;19,5;19,2;12,7;100;99;100;312;1,7;,9;
2024-02-08;0700;0;919,3;1014,8;919,4;919,2;-1,5;20;19,5;19,5;19,6;19,3;19,5;19,2;12,6;100;99;100;51;1,9;,7;
2024-02-08;0800;0;918,8;1014,3;919,3;918,8;-1,5;20;19,5;19,4;19,6;19,5;19,5;19,4;12,6;100;100;100;175;3,1;1,7;
2024-02-08;0900;0;918,7;1014,2;918,9;918,7;-,8;20;19,3;19,2;19,5;19,2;19,4;19,2;12,6;100;99;99;73;3,1;,4;
2024-02-08;1000;0;919,5;1015;919,5;918,7;117;20;19,7;19,6;19,7;19,1;19,6;19,1;12,8;100;99;99;141;1,9;,9;
2024-02-08;1100;0;919,9;1014,8;919,9;919,5;698,1;21;21,5;21,1;21,5;19,7;21,3;19,6;13,6;100;98;98;157;2,4;1,3;
2024-02-08;1200;0;920,4;1014,8;920,4;919,9;1539;24;23,2;20,3;23,4;21,5;21,7;19,5;13,7;98;80;84;113;3,6;1,1;
2024-02-08;1300;0;920,1;1013,9;920,4;920;1944,6;26;24,8;19;25,7;23,1;20,7;18,9;13,6;84;68;70;70;4,2;2;
2024-02-08;1400;0;919,6;1012,3;920,1;919,6;3388,3;28;28;20;28;24,7;21,1;18,7;13,7;74;62;62;87;5,7;1,6;
2024-02-08;1500;0;919,4;1012,2;919,7;919,4;3301,3;30;27,7;18,6;28,5;26,7;20,4;18,2;13,5;65;55;58;89;4,4;1,7;
2024-02-08;1600;0;918,6;1010,6;919,4;918,6;3640,3;31;30;19,6;30,5;27;20,5;17,7;13,5;65;47;54;102;4,3;1,6;
2024-02-08;1700;0;918;1012,1;918,6;918;1771,5;29;23,2;21,1;30,2;22,4;21,1;17,3;13,8;88;46;88;182;7,6;1,8;
2024-02-08;1800;0;917,3;1010,9;918;917,3;1042,4;27;24,7;20,7;24,9;23,2;22,3;20,2;13,1;92;76;79;160;2,7;1,3;
2024-02-08;1900;0;917,2;1011,1;917,4;917;1026,5;28;23,8;18,8;27,3;23,8;22;18,4;13,1;82;65;74;339;6,6;3,2;
2024-02-08;2000;0;917,6;1012,5;917,7;917,2;152,1;26;20,7;19,7;23,7;20,7;20,1;18,6;12,9;94;74;94;43;7,4;1,3;
2024-02-08;2100;,2;917,3;1012,1;917,6;917,1;170;23;21;20,8;21,5;20,4;21,3;19,7;13;99;94;98;353;3,8;,9;
2024-02-08;2200;,2;917,9;1012,9;917,9;917,3;125,8;23;20,5;20,4;21,2;20,5;21,1;20,4;12,8;99;99;99;191;1,5;,9;
2024-02-08;2300;,2;918,6;1014,1;918,6;917,9;-3,3;22;19,5;19,4;20,5;19,5;20,4;19,4;12,8;100;99;100;201;1,5;,7;
2024-02-09;0000;,2;919,3;1014,7;919,3;918,6;-3,2;21;19,8;19,7;20;19,4;19,9;19,3;12,8;100;100;100;148;3;1,6;
2024-02-09;0100;0;919,9;1015,5;919,9;919,3;-3,1;21;19,5;19,4;20;19,5;19,9;19,4;12,8;100;100;100;165;2,8;1,1;
2024-02-09;0200;,2;919,8;1015,5;920,1;919,6;-2,8;20;19,1;19;19,5;19;19,4;18,9;12,7;100;99;100;150;2,3;,9;
2024-02-09;0300;,2;919,9;1015,7;920,1;919,7;-3,4;20;18,8;18,8;19,7;18,8;19,6;18,8;12,7;100;100;100;157;2;1,1;
2024-02-09;0400;0;919,6;1015,1;920;919,6;-3,5;20;19,7;19,7;19,7;18,7;19,7;18,7;12,7;100;100;100;148;3,3;1,2;
2024-02-09;0500;,2;919,2;1014,6;919,6;919,2;-3,1;20;20;19,8;20,1;19,3;20;19,2;12,7;100;99;99;133;3,4;1,1;
2024-02-09;0600;0;918,7;1014,1;919,2;918,7;-3,1;20;19,7;19,5;20;19,7;19,8;19,4;12,7;99;98;99;147;3,3;1,1;
2024-02-09;0700;0;918,4;1013,9;918,7;918,4;-3,5;20;19,4;19,2;19,7;19,3;19,5;19,1;12,7;99;98;99;152;3,1;1,1;
2024-02-09;0800;,2;918,9;1014,4;918,9;918,3;-3,5;20;19,5;19,2;19,6;19,3;19,4;19,1;12,6;99;98;98;132;4,4;1,7;
2024-02-09;0900;,2;919,6;1015,3;919,6;918,9;2,8;20;19,2;19;19,5;19,1;19,2;18,8;12,6;99;98;99;143;4,4;1,5;
2024-02-09;1000;,2;920,2;1015,3;920,2;919,6;345,7;20;21;19,4;21;19,2;19,6;18,9;13;99;90;91;114;4,6;1,9;
2024-02-09;1100;,2;920,4;1014,9;920,4;920,1;1185,3;22;22,9;18,8;22,9;21;19,4;18,2;13,6;91;77;78;102;6,6;2,2;
2024-02-09;1200;0;920,8;1014,7;920,8;920,4;1972,9;24;24,7;19,1;24,8;22,9;19,2;18,1;13,7;78;68;71;78;6,1;1,9;
2024-02-09;1300;,2;921;1014,6;921;920,7;2859,7;26;25,9;19,1;26,6;23,9;20,3;17,7;13,8;72;61;66;63;7,8;2;
2024-02-09;1400;,4;921;1014,9;921;920,9;2546,8;28;24,8;18,2;26,3;24,3;19,2;17,5;13,7;69;61;67;78;7,8;1,7;
2024-02-09;1500;,2;920,9;1014;921,1;920,9;3145,7;28;27,3;17,7;27,3;24,8;19,8;17,2;13,8;69;56;56;63;7,6;2,4;
2024-02-09;1600;,2;920,4;1013;920,9;920,4;3452,6;30;28,6;18,3;28,8;26,7;19,6;16,7;13,6;62;51;54;54;7,3;2,7;
2024-02-09;1700;,2;919,9;1012,3;920,5;919,9;3428,8;31;29;18,1;29,1;26,9;19,7;16,3;13,5;59;48;52;52;7,5;2,5;
2024-02-09;1800;0;919,4;1011,9;920;919,4;2661,9;32;28,7;17,8;29,6;27,9;19;16,5;13,5;56;48;52;65;6,3;2,1;
2024-02-09;1900;,4;918,5;1010,7;919,4;918,5;2509,6;32;29,3;16,5;29,6;28,5;18,8;16,3;13,6;54;45;46;59;6,5;2,1;
2024-02-09;2000;,4;917,9;1010;918,5;917,9;1839,5;32;29,4;18,1;29,7;28,5;18,2;16,4;13,3;53;46;50;49;6,2;1,6;
2024-02-09;2100;,2;917,8;1010,5;917,9;917,7;668,7;31;27,5;18,3;29,4;27,5;18,5;16,8;13;58;49;57;170;4,3;,6;
2024-02-09;2200;0;918,2;1012;918,2;917,7;152,4;29;24,3;18;27,7;23,6;19,2;17;12,8;74;54;68;150;3,1;,9;
2024-02-09;2300;0;919,3;1014,3;919,3;918,2;-3,5;25;21;19,2;24,3;21;19,2;17,6;12,8;89;66;89;147;2,1;,6;
2024-02-10;0000;0;920,1;1015,5;920,1;919,3;-3,5;23;20;18,9;21,7;20;19,5;18,1;12,8;94;82;93;168;1,9;,7;
2024-02-10;0100;0;920,7;1016,2;920,7;920,1;-3,5;21;19,9;18,7;20;19,4;19,1;18,5;12,8;97;93;93;149;2,2;,6;
2024-02-10;0200;0;921,1;1017,1;921,1;920,7;-3,5;21;18,8;17,9;20,9;18,8;18,7;16,6;12,7;94;78;94;144;1,9;,9;
2024-02-10;0300;,2;920,8;1016,6;921,1;920,8;-3,5;20;19,2;16,9;20,3;18,7;18,5;16,6;12,7;95;81;87;158;2,7;1,4;
2024-02-10;0400;0;920,5;1016,3;920,9;920,5;-3,5;20;19;17,4;20;18,6;17,6;16,3;12,7;93;81;90;205;2,8;,8;
2024-02-10;0500;0;920,2;1015,9;920,5;920,2;-3,5;19;19,2;16,3;19,4;18,5;17,5;16,1;12,7;93;83;83;74;2,8;,9;
2024-02-10;0600;0;920,1;1015,6;920,2;920;-3,5;19;19,9;16,1;20,1;19,2;16,4;16;12,7;83;78;79;127;6,4;,9;
2024-02-10;0700;0;920,3;1015,8;920,3;920;-3,5;19;19,9;16,2;19,9;19,1;16,3;16;12,6;83;79;79;110;5,4;,9;
2024-02-10;0800;0;920,3;1016,3;920,3;920,2;-3,5;19;18,5;15,7;20,1;18,5;16,3;15,6;12,6;85;78;84;196;3,1;,7;
2024-02-10;0900;0;920,4;1015,9;920,4;920,3;-,1;19;19,8;16,5;20,7;18,4;16,8;15,8;12,6;85;78;81;93;5,3;1;
2024-02-10;1000;0;921;1016;921;920,4;298,6;20;21,6;17,3;21,6;19,6;17,4;16,4;12,9;82;76;77;153;6,3;1,7;
2024-02-10;1100;,2;921,7;1016;921,7;921;1182,2;23;24;17,9;24;21,6;18,4;17,3;13,6;77;68;69;75;6,7;2,6;
2024-02-10;1200;0;922;1016;922,1;921,7;1915,6;25;24,8;17,8;25,4;24;18,7;17,6;13,7;72;63;65;78;7,4;2,6;
2024-02-10;1300;0;922,4;1016,3;922,4;922;2207,6;27;25,4;18,4;25,9;24,7;18,5;16,7;13,7;67;59;65;62;8,1;2,7;
2024-02-10;1400;,2;922,1;1015,3;922,4;922,1;3446,1;28;27,4;17,4;27,8;25,5;18,8;16,6;13,6;65;51;54;55;8,6;3;
2024-02-10;1500;,2;921,7;1014,6;922,2;921,7;3778,4;30;28,3;15,7;29;27,4;17,4;15,6;13,5;55;45;47;54;8,1;3,1;
2024-02-10;1600;0;921,4;1014,4;921,7;921,3;3693,1;31;27,7;15,6;29,9;27,7;18,6;15;13,6;51;43;48;45;8,1;4,1;
2024-02-10;1700;,2;920,7;1013,2;921,4;920,7;3548,1;32;29;16,4;29,7;27,7;17,3;14,9;13,5;52;42;46;47;7,8;2,8;
2024-02-10;1800;0;920,1;1012,2;920,7;920,1;3389,2;33;30,1;16,6;30,5;29;18,4;15,6;13,6;49;42;44;74;7,2;2,2;
2024-02-10;1900;,2;919,7;1011,8;920,1;919,7;2631,3;33;30;16,7;30,5;29,2;17,7;14,7;13,2;48;41;45;75;5,9;,9;
2024-02-10;2000;0;919,3;1012,1;919,7;919,3;1076,7;32;27,8;16,4;30;27,8;17,9;15,6;13;55;43;50;89;5;1,4;
2024-02-10;2100;0;919,4;1012,8;919,4;919,2;479,7;30;26;18,3;27,8;26;19,2;16,3;13;64;49;63;164;4,4;,4;
2024-02-10;2200;0;919,7;1014,3;919,7;919,3;121,9;28;22,5;18,1;26;22,5;20,1;17,5;12,8;79;61;76;142;1,4;,4;
2024-02-10;2300;0;920,1;1015,3;920,1;919,7;-3,5;24;20,8;17,9;22,5;20,8;18,5;17,8;12,8;84;76;84;153;1,9;1,3;
2024-02-11;0000;0;921,1;1016,6;921,1;920,1;-3,5;23;20,2;17,5;21,4;20,1;18,3;17,4;12,8;85;79;84;156;2,3;1,4;
2024-02-11;0100;0;922;1017,7;922;921;-3,5;21;19,7;17,4;20,2;19,5;18,6;17,3;12,8;94;84;87;164;1,9;,7;
2024-02-11;0200;0;922,3;1018,3;922,3;922;-3,5;20;19,1;18,3;19,7;18,5;18,6;17,6;12,7;97;87;95;145;2,4;1,8;
2024-02-11;0300;0;922,2;1018,5;922,3;922,2;-3,5;20;18,2;17,7;19,1;18,2;18,3;17,7;12,7;97;95;97;157;2,5;1,5;
2024-02-11;0400;0;921,9;1018,4;922,2;921,9;-3,5;19;17,6;17,3;18,3;17,6;17,8;17,3;12,7;98;97;98;163;2,8;1,1;
2024-02-11;0500;,2;921,3;1017,7;921,9;921,3;-3,5;19;17,6;17,3;17,9;17,4;17,6;17;12,7;99;97;98;153;2,4;1,4;
2024-02-11;0600;0;920,9;1017,1;921,3;920,9;-3,5;18;18;17,5;18,1;17,2;17,6;17;12,7;99;96;97;158;2,7;1,4;
2024-02-11;0700;0;920,7;1016,5;920,9;920,7;-3,5;19;19,2;16,4;19,4;18;17,7;16,4;12,6;97;83;84;149;4,8;1,8;
2024-02-11;0800;0;920,8;1016,5;920,8;920,6;-3,5;19;19,4;16,2;19,8;19,2;16,5;16,2;12,6;84;80;82;147;6;2,4;
2024-02-11;0900;0;921,2;1016,9;921,3;920,7;-1,8;20;19,7;16,2;20,1;19,3;16,4;16,2;12,6;82;79;80;141;6;2,2;
2024-02-11;1000;0;921,9;1017,1;921,9;921,2;275,2;21;21,3;16,9;21,3;19,7;17;16,3;12,8;81;76;76;133;6,8;2,7;
2024-02-11;1100;0;922,3;1016,8;922,4;921,9;1152,8;23;23,6;17,9;23,7;21,3;18;16,9;13,5;77;69;70;112;8;2,5;
2024-02-11;1200;0;923,2;1017,2;923,3;922,3;2061,4;25;25,3;17,9;25,5;23,5;18,8;17,5;13,7;71;63;64;51;7,4;2,8;
2024-02-11;1300;0;923,5;1016,8;923,7;923,2;2433,4;27;27,4;18,9;27,4;24,8;19,8;17,8;13,8;69;60;60;67;6,8;2,1;
2024-02-11;1400;0;923,4;1016,8;923,6;923,4;2894,9;29;27,1;18,9;28,7;26,3;19,8;17,8;13,6;65;55;61;43;8,7;2,9;
2024-02-11;1500;0;923;1015,9;923,4;923;3881,3;31;28,7;19,2;29,5;27,1;19,8;17,7;13,5;62;51;57;61;8,2;2,4;
2024-02-11;1600;0;922,2;1015,4;923;922,2;2431,9;31;27,5;17,7;29,5;27,4;19,9;17,4;13,3;60;51;55;52;7,7;2,9;
2024-02-11;1700;0;921,3;1013,9;922,2;921,3;2563,1;31;29,1;19,3;30,2;27,4;20,9;17,7;13,6;59;50;56;82;8;2,2;
2024-02-11;1800;0;920,8;1013,3;921,3;920,7;2935,8;32;29,1;18,2;30,5;27,2;19,7;17,2;13,5;58;48;52;61;9,4;3;
2024-02-11;1900;0;920,4;1012,9;920,8;920,2;2685,8;32;29;18;29,9;28,8;20,2;16,9;13,5;58;48;51;58;8,8;2,9;
2024-02-11;2000;0;920,5;1013,5;920,5;920,2;1662,6;31;27,4;17,5;29;27,4;18,2;16,8;13;56;48;55;40;7,6;3,1;
2024-02-11;2100;0;921;1015,2;921,2;920,5;568,4;29;23,9;17,7;27,4;23,9;18,4;17;13;70;55;68;59;9,5;2,6;
2024-02-11;2200;0;921,5;1016;921,5;921;193,2;27;23,1;18,4;24,3;23;18,5;17,6;12,8;76;67;75;61;5,8;1,1;
2024-02-11;2300;0;922;1016,9;922;921,4;-3,5;25;22,2;18,6;23,2;22,1;18,6;18,3;12,8;80;75;80;52;6,3;2;
2024-02-12;0000;0;922,6;1017,6;922,6;922;-3,4;24;22,2;19;22,6;21,7;19,9;18,5;12,8;90;78;82;117;6;1;
2024-02-12;0100;0;923,3;1018,4;923,3;922,6;-1,8;23;22,1;19,3;22,3;21,8;20,4;19;12,8;92;82;84;109;3,4;1,1;
2024-02-12;0200;0;923,4;1018,6;923,5;923,2;-2,5;23;21,6;20,4;22,1;21,6;20,5;19,2;12,8;94;84;93;78;3,1;,9;
2024-02-12;0300;0;923,3;1018,6;923,4;923,2;-1,2;23;21,4;20,5;21,8;21,4;20,6;20,2;12,7;95;91;95;103;3,1;1,1;
2024-02-12;0400;0;923,2;1018,5;923,3;923,1;-2;23;21,3;20,4;21,7;21,3;20,5;19,5;12,7;95;88;95;107;3,6;,9;
2024-02-12;0500;0;923;1018,3;923,3;923;-2;22;21,3;20,2;21,6;21,2;20,4;20,1;12,7;95;91;93;139;2,3;1;
2024-02-12;0600;0;922,7;1018,1;923;922,7;-2,1;22;20,9;20,2;21,3;20,8;20,2;20;12,7;96;93;96;150;2;,7;
2024-02-12;0700;0;922,9;1018,4;922,9;922,6;-2,7;22;20,7;20,1;20,9;20,5;20,2;20;12,7;98;95;96;167;1,7;,8;
2024-02-12;0800;0;923,1;1018,7;923,1;922,9;-2,1;22;20,6;20;20,8;20,6;20,2;19,9;12,6;97;96;96;159;2;,8;
2024-02-12;0900;0;923,7;1019,4;923,7;923,1;-,9;21;20,2;20;20,7;20,2;20;19,9;12,6;98;96;98;136;1,4;,8;
2024-02-12;1000;0;924,3;1019,6;924,3;923,7;176,9;21;21,6;20,8;21,6;20,1;21,3;19,9;12,9;99;95;95;171;1,2;,4;
2024-02-12;1100;0;924,7;1019,7;924,7;924,3;577,5;23;22,6;19,7;22,7;21,2;21,2;19,7;13,3;95;84;84;130;1,5;,7;
2024-02-12;1200;0;924,9;1019,2;924,9;924,6;1063,7;25;24,9;19,3;25;22,6;20,3;19;13,6;87;70;71;85;2,1;1;
2024-02-12;1300;0;924,6;1018;924,9;924,6;2340,9;27;27,6;21;27,6;24,6;21;18,5;13,7;73;63;67;78;5,1;1;
2024-02-12;1400;0;924,3;1017,9;924,6;924,3;1574,2;29;26,9;18,5;28;25,7;20,2;17,3;13,6;68;57;60;23;4,4;2,5;
2024-02-12;1500;0;923,7;1018;924,3;923,7;1786,4;30;24,5;19,3;28,1;24,5;20,1;17,8;13,4;76;57;73;140;4,5;,9;
2024-02-12;1600;0;923;1015,9;923,7;923;2590,3;29;28,6;18,7;28,7;24,5;22;17,5;13,5;80;53;55;360;5,6;2,9;
2024-02-12;1700;0;922,2;1014,8;923;922,2;3194,6;32;29,2;18,6;30,6;28,6;20;15,6;13,5;57;42;53;330;null;2,3;
2024-02-12;1800;0;921,2;1014;922,2;921,2;2900,2;33;28,4;17,8;30,6;28,4;19,7;15,9;13,1;54;42;53;120;5,5;1,2;
2024-02-12;1900;0;921,2;1014,9;921,2;920,8;1056,9;32;25,4;17,5;30,5;25,4;19,4;16,7;13;62;44;62;318;11;3,8;
2024-02-12;2000;0;920,9;1014,6;921,2;920,8;1018,6;29;25,4;18,6;26,9;24,3;19;17;13;70;56;66;120;9;1,2;
2024-02-12;2100;0;921;1014,9;921;920,7;441,3;28;25;19,5;25,6;24,9;20;18,9;13;73;66;71;154;2,4;1,3;
2024-02-12;2200;0;921,2;1015,9;921,2;920,8;96,5;27;22,6;21,4;25,2;22,6;21,4;19,6;12,8;93;71;93;145;2,3;,7;
2024-02-12;2300;0;921,9;1017,1;921,9;921,2;-3,5;24;21,4;21;22,6;21,4;21,4;21;12,8;98;93;98;122;1,5;,9;
2024-02-13;0000;0;923,4;1018,3;923,4;921,9;-2,7;23;22,5;19,5;22,5;21,3;21,5;19,5;12,8;99;83;83;336;4,7;2,2;
2024-02-13;0100;0;924,3;1020,1;924,3;923,4;-3,1;23;20,1;19,6;22,9;20,1;19,6;17,4;12,8;97;76;97;254;5,1;1,2;
2024-02-13;0200;0;924,7;1020,7;924,8;924,3;-2,9;22;19,7;19,7;20,2;19,6;19,8;19,5;12,7;100;97;100;145;2,2;1;
2024-02-13;0300;0;924;1019,9;924,7;924;-1,6;21;19,9;19,6;20,2;19,7;20;19,5;12,7;100;97;98;148;3,4;1,8;
2024-02-13;0400;0;923,2;1019;924;923,2;-1,4;21;20;19,8;20;19,8;19,9;19,5;12,7;99;98;99;182;3,4;,6;
2024-02-13;0500;,2;922,4;1018,2;923,2;922,4;-1,4;21;19,7;19,7;20;19,7;20;19,7;12,7;100;99;100;173;1,6;,9;
2024-02-13;0600;0;922,2;1018;922,4;922,2;-2,1;21;19,7;19,6;20;19,7;19,9;19,6;12,7;100;100;100;132;1,5;,5;
2024-02-13;0700;0;922,2;1018,2;922,3;922,1;-2;21;19,1;19,1;19,7;19,1;19,6;19,1;12,6;100;100;100;134;2,3;1;
2024-02-13;0800;0;922,4;1018,4;922,5;922,2;-2,9;20;19;19;19,2;18,9;19,2;18,9;12,6;100;100;100;147;2,2;1,2;
2024-02-13;0900;0;922,8;1018,9;922,8;922,4;-,4;20;18,9;18,9;19,2;18,8;19,1;18,8;12,6;100;100;100;172;2,3;,4;
2024-02-13;1000;0;923,7;1019,5;923,7;922,8;299,2;20;20,1;20;20,1;18,7;20;18,7;13;100;99;99;152;2,1;1,1;
2024-02-13;1100;0;924,1;1018,9;924,1;923,7;1134,5;22;23,1;19,8;23,3;20,1;21,1;19,6;13,6;99;80;82;152;2,4;1,1;
2024-02-13;1200;0;924,4;1018,4;924,4;924,1;1965;25;25,7;19,9;26,1;23,1;20,8;19,3;13,7;83;68;70;135;3,1;1,6;
2024-02-13;1300;0;924,2;1017,4;924,4;924,2;2727,9;28;28,1;18,2;28,2;25,5;21;17,4;13,6;73;53;55;358;4,2;2,3;
2024-02-13;1400;0;924;1016,8;924,2;923,9;3272;30;29,3;18;29,5;28;19,5;17,6;13,5;57;50;51;305;4,5;2,6;
2024-02-13;1500;0;923,6;1016;924;923,5;3664,3;32;30,2;18,8;30,5;29,3;18,9;16,7;13,5;53;46;51;340;6,4;2,2;
2024-02-13;1600;0;922,7;1014,8;923,6;922,7;3822,1;33;30,8;18,1;31,4;30;19,1;15,2;13,4;51;40;47;285;5,1;1,6;
2024-02-13;1700;0;921,9;1013,7;922,8;921,9;3849,8;34;31,7;17,8;31,8;30,6;19;16,6;13,5;49;40;44;303;6,3;2,2;
2024-02-13;1800;0;921,2;1012,7;921,9;921,1;3774,9;35;32,4;16,9;33;31,4;18;15,1;13,5;45;35;40;287;5,3;2,5;
2024-02-13;1900;0;921;1013,6;921,3;920,8;2834,5;34;28,9;17;32,6;28,3;18,6;15,5;13,4;54;39;49;320;10;3,2;
2024-02-13;2000;0;921,2;1014,7;921,3;921;958;32;26;17,6;29,3;26;18;15,8;13;60;48;60;126;6,8;1,8;
2024-02-13;2100;0;920,9;1015,4;921,2;920,8;189,1;28;23;16,9;26;23;18;16,7;12,9;71;60;69;136;5,2;1,7;
2024-02-13;2200;0;921,6;1016,5;921,6;920,8;7,7;25;22,1;17,4;23;22,1;17,4;16,6;12,8;75;68;75;147;3,9;1,1;
2024-02-13;2300;0;922;1017,4;922,1;921,6;-3,4;24;20,7;19,5;22,1;20,7;19,7;17,4;12,8;94;75;93;132;2,5;1,2;
2024-02-14;0000;0;922,4;1017,8;922,4;922;-3,1;23;20,7;20,1;21,2;20,6;20,2;19,6;12,8;97;93;96;116;2,4;1;
2024-02-14;0100;0;922,4;1017,8;922,5;922,3;-2,8;22;20,9;20,2;21,4;20,4;20,3;19,1;12,8;98;87;96;154;2,9;1,6;
2024-02-14;0200;0;922,8;1018,4;922,8;922,4;-3,3;22;20,4;19,6;21,4;20,4;20,2;18,6;12,7;96;84;96;168;2,9;1;
2024-02-14;0300;0;922,6;1018,3;922,9;922,5;-3,3;21;19,9;19,7;20,4;19,8;19,8;19,4;12,7;99;96;99;158;2,1;1,3;
2024-02-14;0400;0;922;1017,8;922,7;922;-2,8;21;19,4;19,3;20;19,4;19,8;19,3;12,7;100;99;100;147;2,4;1;
2024-02-14;0500;0;921,6;1017;922;921,4;-2,8;21;20,7;20,3;20,7;19,3;20,3;19,2;12,7;100;98;98;179;7,8;2,5;
2024-02-14;0600;0;921,3;1016,8;921,6;921,2;-3,5;21;20,1;19;21,2;20;20;18,2;12,7;97;84;94;158;7,8;1,7;
2024-02-14;0700;0;921,4;1017;921,6;921,3;-3,3;21;20;19,4;20,1;19,7;19,4;18,9;12,6;97;94;97;45;3,3;,7;
2024-02-14;0800;0;921,7;1017,3;921,7;921,4;-2,7;21;20,1;19,5;20,3;19,9;19,5;18,4;12,6;97;89;96;136;2,4;,2;
2024-02-14;0900;0;922,2;1017,9;922,2;921,7;-1,5;21;19,8;19,5;20,1;19,7;19,7;19,1;12,6;98;94;98;141;1,6;,7;
2024-02-14;1000;0;922,9;1018,5;922,9;922,2;152,6;21;20,5;19,8;20,5;19,6;19,9;19,3;13;99;95;96;147;3,3;1,4;
2024-02-14;1100;0;923;1018;923,1;922,9;654,6;22;22,3;19,6;22,3;20,5;20,5;18,4;13,4;96;82;85;115;3,3;,6;
2024-02-14;1200;0;922,9;1017,1;923;922,7;1081,6;24;24,5;19,2;24,5;22,3;20,5;18,9;13,7;89;71;72;106;2,9;1,2;
2024-02-14;1300;0;923,4;1017,2;923,4;922,9;1516,7;26;25,9;19,2;26,2;24,4;19,8;18,7;13,6;74;65;67;95;2,8;,7;
2024-02-14;1400;0;922,9;1016,6;923,4;922,9;1120,8;28;26;19,2;26,2;25,7;19,9;18,4;13,4;69;63;66;89;2,1;,7;
2024-02-14;1500;0;922,7;1016,2;922,9;922,7;1254,4;28;26,7;19,7;26,7;25,8;19,8;18,5;13,6;69;63;65;154;2,2;,7;
2024-02-14;1600;0;921,9;1015,1;922,7;921,9;1597,3;30;27,4;20,1;27,5;26,6;20,1;18,6;13,6;67;60;64;24;2,2;1;
2024-02-14;1700;0;920,9;1013,8;921,9;920,9;1641,7;31;27,8;19,8;28,3;27,2;20,2;19,1;13,7;65;58;62;317;4,2;1,1;
2024-02-14;1800;0;919,9;1012,6;920,9;919,9;1966,2;32;28,1;19,1;29;27,8;20,4;18,1;13,5;64;54;58;285;4,2;1,7;
2024-02-14;1900;0;919,3;1011,8;919,9;919,3;1582;32;28,5;19,7;29,1;28;19,8;18,3;13,5;61;53;59;307;4,1;1,8;
2024-02-14;2000;0;919,7;1013,5;919,7;919,3;1359,1;31;24,9;18,9;30,3;24,9;20,6;18,3;13;69;52;69;303;11,3;4,8;
2024-02-14;2100;0;920,5;1015,1;920,5;919,7;239,1;27;22,7;19,6;24,9;22,7;19,6;18,9;12,9;83;69;83;62;8;,7;
2024-02-14;2200;0;921,6;1016,4;921,6;920,4;17,8;25;22,3;19,7;22,7;22,3;21,2;19,6;12,8;93;82;85;250;4,6;3;
2024-02-14;2300;0;922,8;1018,5;922,8;921,6;-2,4;24;20,1;19,5;22,5;20,1;19,8;17,7;12,8;97;78;97;232;8,8;1,7;
2024-02-15;0000;0;923,3;1019,2;923,3;922,7;-2,3;22;19,7;19,7;20,1;19,6;19,7;19,4;12,8;100;97;100;304;3;,6;
2024-02-15;0100;0;923,9;1019,7;924;923,3;-1,8;22;20;20;20;19,7;20;19,7;12,8;100;100;100;243;2,8;1,3;
2024-02-15;0200;0;924;1019,9;924,1;923,8;-1,5;21;19,9;19,9;20;19,8;20;19,8;12,7;100;100;100;194;2;,8;
2024-02-15;0300;0;922,7;1018,6;924;922,7;-1,9;21;19,6;19,6;19,9;19,6;19,9;19,5;12,7;100;100;100;144;2,1;,6;
2024-02-15;0400;0;921,6;1017,4;922,7;921,6;-2,3;21;19,5;19,4;19,6;19,5;19,6;19,4;12,7;100;100;100;147;1,7;,9;
2024-02-15;0500;0;920,3;1016;921,6;920,3;-2,1;21;19,4;19,4;19,5;19,4;19,4;19,4;12,7;100;100;100;143;2,1;1,1;
2024-02-15;0600;0;919,7;1015,3;920,3;919,7;-2,3;21;19,3;19,3;19,4;19,3;19,4;19,2;12,7;100;100;100;148;2,2;,6;
2024-02-15;0700;0;919,7;1015,4;919,8;919,7;-2,9;20;19,1;19,1;19,3;19,1;19,3;19,1;12,6;100;100;100;137;1,6;,5;
2024-02-15;0800;0;920,3;1016;920,3;919,7;-2,4;20;19,2;19,1;19,2;19;19,1;18,9;12,6;100;100;100;222;1,1;,3;
2024-02-15;0900;0;920,6;1016,4;920,7;920,2;-1;20;19,2;19,1;19,3;19,1;19,2;19,1;12,6;100;99;99;145;1,1;,6;
2024-02-15;1000;0;921,4;1017,1;921,4;920,6;116,5;20;19,7;19,6;19,7;19,1;19,6;19;12,9;100;99;99;219;1,3;,6;
2024-02-15;1100;0;921,8;1017,3;921,9;921,4;355,7;21;20,5;20,5;20,5;19,7;20,5;19,7;13,2;100;99;100;358;1,9;,5;
2024-02-15;1200;0;922,6;1017,8;922,6;921,8;686,1;22;21,6;20,7;21,6;20,5;21;20,4;13,5;100;93;95;276;3,6;2,3;
2024-02-15;1300;0;922,7;1017,5;922,8;922,6;1322,8;24;22,7;19,5;22,9;21,6;21,2;19,3;13,7;96;82;82;284;5,5;3,6;
2024-02-15;1400;0;922,6;1017,5;922,7;922,6;1056,7;24;22,5;19,8;23,1;22,4;20,3;19,2;13,6;86;81;85;260;5,8;2,4;
2024-02-15;1500;,2;922,2;1016,9;922,6;922,2;1082,6;24;22,8;19,5;23,1;21,8;21,4;19,2;13,7;95;80;82;206;5,1;2,2;
2024-02-15;1600;0;921,8;1016,1;922,2;921,8;1597;25;23,8;18,9;24,2;22,7;20;18,6;13,9;84;72;74;262;7;4,5;
2024-02-15;1700;0;921,1;1015;921,8;921,1;1628,9;26;24,8;19;25,2;23,6;20,1;18,7;13,8;76;70;70;240;7;3,6;
2024-02-15;1800;0;920,3;1013,7;921,1;920,3;2324,2;27;26,3;19,8;26,4;24,2;20;18,6;13,8;74;67;67;240;7,7;4,1;
2024-02-15;1900;0;919,9;1013,6;920,3;919,9;1651,5;28;25,2;19,8;27;24,6;20,1;18,7;13,7;74;64;72;216;7,9;3,5;
2024-02-15;2000;0;919,4;1012,8;919,9;919,4;1099;27;25,9;19,6;26;24,4;20;19,2;13,4;75;68;69;222;6,2;3,1;
2024-02-15;2100;0;919,6;1014,1;919,6;919,3;646,4;27;22,7;19,4;26,1;22,7;19,7;18,8;12,9;82;65;82;189;6,1;3,5;
2024-02-15;2200;0;920,1;1014,9;920,1;919,6;21,9;24;21,8;21,4;22,7;21,8;21,4;19,4;12,8;97;82;97;264;6,7;,4;
2024-02-15;2300;0;920,4;1015,4;920,4;920,1;-2,6;23;21,4;20,8;21,9;21,4;21,5;20,8;12,8;98;96;96;172;3,6;,9;
2024-02-16;0000;0;921,2;1016,3;921,2;920,4;-3,3;23;21,3;20,8;21,6;21,2;20,9;20,5;12,8;97;94;97;351;2,3;,5;
2024-02-16;0100;0;921,7;1017;921,7;921,2;-2,1;22;20,9;20,8;21,3;20,9;20,9;20,6;12,8;99;97;99;26;1,4;,8;
2024-02-16;0200;0;921,8;1017,1;922;921,7;-1,3;22;20,9;20,9;20,9;20,8;20,9;20,7;12,8;100;99;100;346;1,3;,2;
2024-02-16;0300;0;921,2;1016,5;921,8;921,2;-1,5;22;20,7;20,7;20,9;20,7;20,9;20,7;12,7;100;100;100;90;1,6;,3;
2024-02-16;0400;0;920,7;1016;921,2;920,7;-2,2;22;20,5;20,5;20,7;20,5;20,7;20,5;12,7;100;100;100;233;,7;,2;
2024-02-16;0500;0;920,1;1015,3;920,7;920,1;-,6;22;20,6;20,6;20,6;20,5;20,6;20,5;12,7;100;100;100;340;1,5;,8;
2024-02-16;0600;0;919,8;1015;920,1;919,7;-,9;22;20,6;20,6;20,6;20,5;20,6;20,5;12,7;100;100;100;298;2;1,2;
2024-02-16;0700;0;919,6;1014,8;919,8;919,4;-1;22;20,5;20,5;20,7;20,5;20,7;20,5;12,7;100;100;100;295;2;1;
2024-02-16;0800;0;919,6;1014,8;919,6;919,5;-1;22;20,6;20,6;20,6;20,5;20,6;20,5;12,6;100;100;100;335;1,8;,5;
2024-02-16;0900;0;919,9;1015,2;919,9;919,6;1,1;21;20,5;20,5;20,6;20,5;20,6;20,5;12,6;100;100;100;267;1,2;,7;
2024-02-16;1000;0;920,5;1015,7;920,5;919,9;64,6;22;20,8;20,8;20,8;20,5;20,8;20,5;12,7;100;100;100;303;1,3;,6;
2024-02-16;1100;0;921;1016;921;920,5;306,6;22;21,5;20,9;21,6;20,8;21,2;20,8;13,1;100;96;96;238;1,8;,8;
2024-02-16;1200;0;921,3;1016;921,4;921;526,3;23;22,6;20,8;22,6;21,4;21,5;20,7;13,5;97;90;90;274;2,9;1,9;
2024-02-16;1300;0;921,1;1015,4;921,4;921,1;1605,7;25;23,7;19,4;24,1;22,5;21;19,3;13,7;91;76;77;273;3,7;1,7;
2024-02-16;1400;0;920,8;1014,8;921,1;920,8;1576,5;27;24,4;19;25,5;23,7;20,5;19;13,9;78;71;72;293;3,4;1,4;
2024-02-16;1500;0;920,1;1013,8;920,8;920,1;2376,1;29;25,1;20;27,2;24,4;20,3;18,2;13,5;73;59;73;314;5,3;2,8;
2024-02-16;1600;0;919,6;1014,1;920,1;919,5;1519,3;29;22,5;21,9;27,3;22,3;21,9;19;13,2;96;63;96;307;6,9;3;
2024-02-16;1700;0;918,7;1011,9;919,6;918,7;2394;27;26,2;20,7;27;22,5;23,6;20,4;13,4;98;70;72;278;6,9;2,4;
2024-02-16;1800;0;917,7;1010,3;918,7;917,7;1980,3;28;27,7;19,7;27,8;25,9;21,9;19,7;13,8;74;62;62;211;6,8;3,9;
2024-02-16;1900;0;917,5;1010,3;917,8;917,4;2476,6;30;27;19,3;28,3;27;20,9;19;13,3;65;59;63;216;7;3,3;
2024-02-16;2000;0;917,5;1011,2;917,6;917,4;690,5;29;24,3;20,6;27,1;24,3;20,8;18,9;13,1;80;62;80;58;6,3;1,2;
2024-02-16;2100;0;918,2;1012,8;918,2;917,5;345,8;27;21,8;21,2;24,3;21,8;21,4;19,9;12,9;97;78;97;151;3,9;1;
2024-02-16;2200;0;919,2;1014,4;919,2;918,2;8;24;20,5;20,2;21,8;20,5;21,2;20,2;12,8;99;96;98;4;4,5;2;
2024-02-16;2300;0;918,9;1014,2;919,4;918,9;-1,2;22;20;20;20,4;19,9;20,2;19,9;12,8;100;98;100;142;3,6;1,2;
2024-02-17;0000;,2;919,1;1014,4;919,2;918,9;-1,9;22;20,2;20,2;20,2;20;20,2;20;12,8;100;100;100;156;2,5;,9;
2024-02-17;0100;0;919,5;1014,9;919,5;919,1;-2,4;21;19,9;19,9;20,2;19,8;20,2;19,8;12,8;100;100;100;283;2,9;2;
2024-02-17;0200;0;919,3;1014,8;919,6;919,1;-3;21;19,6;19,6;19,9;19,5;19,9;19,5;12,7;100;100;100;136;3,2;,7;
2024-02-17;0300;0;919,2;1014,7;919,3;919,1;-1,9;21;19,6;19,6;19,7;19,3;19,7;19,3;12,7;100;100;100;330;3,2;1,4;
2024-02-17;0400;0;919;1014,4;919,3;919;-1,8;21;19,7;19,7;19,7;19,5;19,7;19,5;12,7;100;100;100;123;2,4;,7;
2024-02-17;0500;0;917,8;1013,1;919;917,8;-1,1;21;19,8;19,8;19,8;19,7;19,8;19,7;12,7;100;100;100;137;2,6;1,2;
2024-02-17;0600;0;918;1013,4;918,1;917,8;-2,8;21;19,4;19,4;19,8;19,3;19,8;19,3;12,7;100;100;100;44;2,5;,7;
2024-02-17;0700;0;918;1013,4;918,1;917,9;-1,4;20;19,4;19,4;19,6;19,4;19,5;19,3;12,7;100;100;100;140;1,9;1;
2024-02-17;0800;0;918,1;1013,6;918,1;917,9;-2,6;20;19,3;19,3;19,4;19,1;19,4;19,1;12,6;100;100;100;136;2;1;
2024-02-17;0900;0;918,4;1013,9;918,4;918,1;-1,2;20;19,4;19,3;19,4;19,2;19,3;19,2;12,6;100;100;100;143;2;,4;
2024-02-17;1000;0;918,9;1014,3;918,9;918,4;72,7;20;19,7;19,6;19,8;19,4;19,6;19,3;12,7;99;99;99;163;1,5;,7;
2024-02-17;1100;0;919;1014;919;918,8;450,4;21;21;21;21;19,7;21;19,7;13,2;100;99;100;139;2,6;1,1;
2024-02-17;1200;0;919,2;1013,1;919,2;919;1775,6;23;24,2;20,1;24,4;21;22,2;19,4;13,8;100;77;78;null;3;null;
2024-02-17;1300;0;919,1;1012,2;919,3;919,1;2688,3;27;26,6;20,3;26,6;24,1;21;19,2;13,6;80;66;68;null;null;null;
2024-02-17;1400;0;918,9;1012,1;919,1;918,9;2264,1;28;26,2;21,6;27;23,9;22;19,1;13,6;86;65;76;321;5,3;2,3;
2024-02-17;1500;0;918,6;1012,4;918,9;918,6;1759,6;27;24,5;22,8;27;22,8;22,8;19,2;13,8;97;64;91;291;7,5;1,7;
2024-02-17;1600;0;917,8;1011,5;918,6;917,8;2303,5;28;24,4;20,6;27;24,3;23,3;20,1;13,7;91;69;79;238;null;3,6;
2024-02-17;1700;0;916,8;1010,1;917,8;916,7;2442,2;28;25,4;21,8;28,1;24,4;22,4;19,5;13,1;83;62;81;207;5,8;1,8;
2024-02-17;1800;0;916,6;1010;917;916,4;2736,8;28;25,1;20,6;26,7;21,8;24,1;19;13,2;97;71;76;196;11,2;3,3;
2024-02-17;1900;0;916;1008,4;916,6;916;2372,5;28;27,8;21,3;27,8;24,9;21,8;20,1;13,7;78;66;68;184;5,9;1,9;
2024-02-17;2000;0;915,1;1007,7;916;915,1;1681,6;30;27,1;19;29;26,9;21,6;18,8;13;68;57;61;198;5,7;3,3;
2024-02-17;2100;0;915,2;1008;915,2;914,8;741,1;29;26,5;18,8;28;26,5;19,9;18;13;63;57;63;229;5,4;2,6;
2024-02-17;2200;0;916,1;1009,9;916,1;915,2;121,9;27;23,7;19,3;26,5;23,6;19,3;18,6;12,8;76;63;76;187;4,5;1,9;
2024-02-17;2300;0;917;1011,2;917;916,1;-3,5;25;22,6;21,7;23,8;22,5;21,7;19,4;12,8;95;76;95;92;3,1;,3;
2024-02-18;0000;0;918;1012,5;918;916,9;-3,4;24;22,1;21,4;22,6;22;21,9;21,4;12,8;97;95;96;173;2,3;1,2;
2024-02-18;0100;0;918,8;1013,8;918,8;918;-3,5;23;20,9;20,8;22,1;20,9;21,5;20,6;12,8;100;96;100;138;2;,9;
2024-02-18;0200;0;918,5;1013,6;919;918,5;-3,5;22;20,6;20,6;20,9;20,4;20,9;20,4;12,8;100;100;100;141;2;1,2;
2024-02-18;0300;0;917,6;1012,9;918,5;917,5;-3,5;21;19,7;19,6;20,6;19,7;20,6;19,6;12,7;100;100;100;163;2,3;1;
2024-02-18;0400;0;916,9;1012,4;917,6;916,9;-3,4;21;19;19;19,7;18,9;19,6;18,9;12,7;100;100;100;133;2;,6;
2024-02-18;0500;0;916,3;1011,7;917;916,3;-3,5;20;19;19;19,3;18,5;19,3;18,5;12,7;100;100;100;173;2;1,1;
2024-02-18;0600;0;915,8;1011,3;916,3;915,8;-3,5;20;18,4;18,4;19,1;18,2;19,1;18,2;12,7;100;100;100;157;2,3;1,4;
2024-02-18;0700;0;916,4;1012;916,4;915,8;-3,5;19;18,5;18,5;18,6;17,7;18,6;17,7;12,7;100;100;100;165;2;1,1;
2024-02-18;0800;,2;916,6;1012,2;916,6;916,4;-3,5;19;18,5;18,4;18,5;17,7;18,5;17,7;12,6;100;100;100;150;1,8;1,2;
2024-02-18;0900;0;917,1;1012,7;917,1;916,6;-2,7;19;18,7;18,6;18,7;18;18,6;18;12,6;100;99;99;150;2,8;1,2;
2024-02-18;1000;0;917,8;1013;917,8;917,1;142,1;20;20;19,9;20;18,7;19,9;18,7;13;100;99;100;149;2,8;1;
2024-02-18;1100;0;918,7;1013,2;918,7;917,7;1117,5;22;22,3;18,7;23;20;21,1;18,7;13,6;100;78;80;144;2;,8;
2024-02-18;1200;0;918,7;1012,5;918,8;918,6;1985,7;25;24,6;19,4;24,8;22,3;20,2;18,8;13,8;82;71;73;302;4,1;1,8;
2024-02-18;1300;0;918,8;1012,2;918,9;918,6;2460,6;27;25,7;19,8;26;24;20,7;19,2;13,6;77;67;70;299;4,5;2,1;
2024-02-18;1400;0;918,2;1011,2;918,9;918,2;2808;28;26,8;19,3;27,1;24,9;20,5;19,2;13,7;74;63;64;null;5,8;null;
2024-02-18;1500;0;917,6;1009,8;918,2;917,6;3752,4;30;28,9;19,2;29,2;26,7;20,9;17,9;13,5;68;54;56;321;5,3;2,1;
2024-02-18;1600;0;917,4;1012,1;917,7;917,2;1579,5;29;21,4;17,9;29,5;21,3;20,7;16,5;13,2;80;54;80;291;9,4;4,2;
2024-02-18;1700;0;916;1009,3;917,4;916;2159,8;27;25,1;19,8;25,4;21,1;20,4;17,3;13,4;92;66;72;298;9,4;1,4;
2024-02-18;1800;0;915,4;1009,2;916;915,3;1587,4;27;23,5;18,4;26;23,3;20,4;15,2;13,2;77;50;73;357;8,1;1,9;
2024-02-18;1900;0;914,8;1008,5;915,4;914,6;904,5;27;23,5;19,6;25,5;23,4;19,8;18,3;13,1;80;65;79;203;5,1;1,2;
2024-02-18;2000;0;915,3;1011,5;916;914,2;293;24;16,4;16,1;23,7;16,2;19,5;13,8;12,9;98;67;98;157;24,4;5,8;
2024-02-18;2100;0;915,7;1011,5;915,7;914,4;32,6;20;17,6;16,7;18,3;16,5;16,9;14,6;12,8;98;79;94;292;14,1;2,4;
2024-02-18;2200;0;916,1;1011,9;916,1;915,3;1,6;19;17,9;17,9;18,2;17,5;17,9;16,7;12,8;100;94;100;200;4,6;,3;
2024-02-18;2300;0;916,7;1012,7;916,8;916;-1,9;19;17,4;17,4;17,9;17,3;17,9;17,3;12,8;100;100;100;147;2,9;1,2;
2024-02-19;0000;0;916,6;1012,6;916,9;916,4;-2,6;19;17,3;17,3;17,8;17,3;17,8;17,3;12,7;100;100;100;161;2,9;1,2;
2024-02-19;0100;0;916,8;1012,8;916,8;916,4;-3;18;17,3;17,2;17,7;17,3;17,7;17,2;12,7;100;99;99;272;2,5;,5;
2024-02-19;0200;0;917,2;1013,4;917,2;916,7;-3,2;18;17;17;17,3;16,9;17,3;16,9;12,7;100;99;100;195;2,3;,8;
2024-02-19;0300;0;916,7;1012,8;917,3;916,7;-2,6;18;17,1;17,1;17,2;17;17,2;17;12,7;100;100;100;149;1,5;,9;
2024-02-19;0400;0;916,3;1012,5;916,7;916,3;-2,4;18;16,7;16,7;17,1;16,6;17,1;16,6;12,7;100;100;100;136;1,8;1,2;
2024-02-19;0500;0;915,9;1011,8;916,3;915,9;-2,4;18;17,4;17,4;17,4;16,6;17,4;16,6;12,6;100;100;100;149;3;1,5;
2024-02-19;0600;0;915,3;1010,9;915,9;915,3;-1,6;18;18;17,8;18;17,4;17,8;17,4;12,6;100;99;99;159;3,1;1;
2024-02-19;0700;0;915,2;1011;915,3;915,1;-1,2;18;17,6;17,6;18;17,6;17,9;17,5;12,6;100;99;100;171;2,1;,7;
2024-02-19;0800;0;915,3;1011,1;915,3;915,1;-2,1;18;17,5;17,5;17,8;17,3;17,8;17,3;12,6;100;100;100;134;2,2;,9;
2024-02-19;0900;0;915,1;1011;915,4;915,1;-1,5;18;17,1;17,1;17,5;17,1;17,5;17,1;12,6;100;100;100;157;2;1,2;
2024-02-19;1000;0;915,8;1011,6;915,8;915,1;106,5;18;17,8;17,8;17,8;17,1;17,8;17,1;12,8;100;100;100;151;1,7;,8;
2024-02-19;1100;0;916,1;1010,7;916,2;915,8;1077;20;21,3;16,9;21,3;17,8;19;16,6;13,6;100;76;76;173;1,4;,6;
2024-02-19;1200;0;916,7;1010,4;916,7;916,1;1575,3;23;24,2;18,7;24,2;21,3;19,1;16,8;13,9;79;71;72;313;3,7;1,6;
2024-02-19;1300;0;916,8;1010,2;916,9;916,7;2492,9;26;25,2;19,6;25,7;23,5;20,6;18;13,7;76;68;71;327;null;1,8;
2024-02-19;1400;0;916,5;1009,2;916,8;916,5;3293,8;28;27;19,7;27,4;25,2;20,9;19,3;13,7;74;63;64;null;5,5;null;
2024-02-19;1500;0;915,8;1008;916,6;915,8;2868,6;29;28,5;19,9;28,5;26,2;20,4;18,5;13,5;68;58;60;302;5,8;2,5;
2024-02-19;1600;0;914,7;1006,5;915,8;914,7;4049,8;31;29,3;19,6;29,3;27,8;20,3;17,9;13,4;61;54;56;10;6,2;2,5;
2024-02-19;1700;0;914,1;1006,2;914,7;914,1;2095,6;31;28,3;18,9;29,3;27,1;20,9;17,5;13,2;65;54;57;1;6,5;2,3;
2024-02-19;1800;0;913,2;1006,1;914,1;913,2;594,4;30;25,5;20,1;28,3;25,5;20,2;18,2;13;72;57;72;193;4,4;1,3;
2024-02-19;1900;0;913,6;1006,8;913,7;913,2;816,6;27;24,8;19,5;25,5;22,5;20,1;18,7;13,8;82;69;72;112;8,3;1,8;
2024-02-19;2000;0;914,6;1009,4;914,6;913,3;580,6;27;20,3;19,3;24,8;20,3;20,6;18,9;13;94;71;94;276;9,3;4;
2024-02-19;2100;0;914,4;1008,9;914,8;914,3;311,3;24;20,9;20,9;20,9;20;20,9;19,5;13;100;94;100;248;9,3;,8;
2024-02-19;2200;0;914,6;1009,4;914,6;914,1;62,5;23;20,1;20,1;20,9;20,1;20,9;20;12,8;100;99;100;184;3,2;,8;
2024-02-19;2300;0;914,6;1009,5;914,7;914,5;-1,9;22;19,8;19,8;20,2;19,8;20,1;19,8;12,8;100;100;100;156;1,8;1;
2024-02-20;0000;0;914,8;1009,8;914,8;914,6;-2,6;21;19,8;19,8;19,9;19,7;19,9;19,7;12,8;100;100;100;149;2,5;1,3;
2024-02-20;0100;0;915,1;1010;915,1;914,8;-2,1;21;20;20;20,2;19,8;20,2;19,8;12,8;100;100;100;144;2,6;1,2;
2024-02-20;0200;,2;914,8;1009,8;915,1;914,8;-2,6;21;19,8;19,8;20;19,7;20;19,7;12,7;100;100;100;153;3;1,1;
2024-02-20;0300;0;914,5;1009,5;914,9;914,4;-1,4;21;19,6;19,6;19,8;19,6;19,8;19,6;12,7;100;100;100;166;2,4;1;
2024-02-20;0400;0;914,2;1009,3;914,7;914,2;-2,3;20;19,1;19,1;19,6;19;19,6;19;12,7;100;100;100;169;2,1;1;
2024-02-20;0500;0;913,4;1008,5;914,3;913,4;-2,4;20;19,1;19,1;19,5;19,1;19,5;19,1;12,7;100;100;100;148;2;1,1;
2024-02-20;0600;0;913,2;1008,1;913,5;913,1;-,7;20;19,5;19,5;19,5;19,1;19,5;19,1;12,7;100;100;100;158;2,5;,8;
2024-02-20;0700;0;912,8;1007,8;913,1;912,7;-2,3;20;19,2;19,2;19,5;19,2;19,5;19,2;12,7;100;100;100;141;2;1;
2024-02-20;0800;0;912,9;1007,9;912,9;912,8;-2,9;20;19,2;19,2;19,3;19,1;19,3;19,1;12,6;100;100;100;146;2,6;1,3;
2024-02-20;0900;0;913,6;1008,5;913,6;912,9;-,3;20;19,5;19,5;19,5;19,1;19,5;19,1;12,6;100;100;100;151;2,6;,8;
2024-02-20;1000;0;914,1;1008,9;914,1;913,6;79,7;20;20;20;20;19,5;20;19,5;12,8;100;100;100;142;1,9;,9;
2024-02-20;1100;0;914,7;1009,3;914,8;914,1;167,8;21;20,7;20,7;20,7;20;20,7;20;13;100;100;100;320;3,1;1,3;
2024-02-20;1200;0;915,2;1009,5;915,2;914,7;532,8;22;21,8;21,5;22;20,7;21,7;20,8;13,1;100;96;98;282;2,9;1,1;
2024-02-20;1300;0;915,1;1009,1;915,3;915,1;830,5;23;22,7;19,9;22,9;21,7;21,9;19,9;13,4;99;84;84;293;5;2,6;
2024-02-20;1400;0;915;1008,6;915,2;914,9;1737,1;25;24;19,4;25,1;22,6;22,3;19,3;13,5;92;72;75;329;5,3;2,4;
2024-02-20;1500;0;914,1;1007;915;914,1;2525,7;27;25,7;19,4;26,4;23,1;21,6;19;13,8;85;67;68;333;5,9;2,1;
2024-02-20;1600;0;913,3;1005,5;914,1;913,3;2332,3;28;27,6;20,3;27,8;24,7;21,4;19,5;13,7;81;64;65;null;4,8;null;
2024-02-20;1700;0;912,2;1004,1;913,4;912,2;2645,2;29;28,2;20,8;28,2;26,2;20,9;18,6;13,5;68;59;64;326;5,1;1;
2024-02-20;1800;0;911,4;1003,6;912,2;911,4;2333,9;31;27;18,9;28,9;27;19,9;18;13,2;64;54;61;333;4,5;2,7;
2024-02-20;1900;0;911;1002,7;911,4;910,9;1750,8;31;28,6;19,3;29,6;27;20,4;17,9;13,6;65;53;57;292;4,4;2,3;
2024-02-20;2000;0;911,2;1002,9;911,2;910,8;1186,4;30;28,5;19,2;29,4;26,3;20,7;18,2;13,7;69;52;57;305;4,8;2,4;
2024-02-20;2100;0;911,3;1004,5;911,3;911;565,9;30;24,1;18,1;28,5;24,1;19,6;18,1;13;69;56;69;327;6,7;2,8;
2024-02-20;2200;0;912,3;1006,6;912,3;911,3;53,6;25;21;20,6;24,1;19,9;20,6;17,6;12,8;97;69;97;105;12;1,3;
2024-02-20;2300;0;913,5;1008,3;913,7;912,3;-,8;23;20;18,3;21,1;20;20,8;17,5;12,8;100;82;90;238;10;1,7;
2024-02-21;0000;0;914,2;1009,2;914,2;913,5;-1,4;21;19,5;19,4;20,1;19,3;19,4;17,8;12,8;100;87;100;127;4,1;1,2;
2024-02-21;0100;0;915,2;1010,1;915,2;914,2;-2,4;21;20,1;19,9;20,1;19,4;19,9;19,4;12,8;100;99;99;136;2,9;1,3;
2024-02-21;0200;0;915;1009,8;915,2;914,9;-1,3;21;20,2;19,9;20,3;19,7;20,3;19,7;12,8;100;98;98;127;4;1,5;
2024-02-21;0300;0;914,5;1009,2;915;914,5;-1,3;21;20,5;20,2;20,5;20;20,4;19,9;12,7;100;98;99;118;4,5;1,7;
2024-02-21;0400;0;914,7;1010;915,1;914,4;-1;21;18,7;18,6;20,6;18,7;20,2;16,9;12,7;99;84;99;103;7,1;2;
2024-02-21;0500;0;914,4;1009,8;914,7;914,4;-,6;20;18,5;18,5;18,7;18,5;18,6;18,5;12,7;100;99;100;162;3,6;,6;
2024-02-21;0600;,2;913,3;1008,4;914,4;912,8;-,5;20;18,8;18,8;19,3;18,4;19,3;18,4;12,7;100;100;100;197;6,4;1,7;
2024-02-21;0700;0;913,4;1008,4;913,4;913,1;-1,7;20;19,2;19,2;19,2;18,8;19,2;18,8;12,7;100;100;100;145;3,3;1;
2024-02-21;0800;0;913,6;1008,7;913,7;913,3;-1,1;20;19,1;19,1;19,2;18,9;19,1;18,9;12,6;100;100;100;60;1,9;,6;
2024-02-21;0900;0;913,8;1009;913,9;913,6;-1,6;20;18,7;18,7;19,1;18,6;19,1;18,6;12,6;100;100;100;138;2,1;1;
2024-02-21;1000;0;914,6;1009,3;914,6;913,8;217,6;20;20,4;20;20,4;18,6;20,2;18,7;13;100;98;98;110;3;1,3;
2024-02-21;1100;0;915,1;1009,3;915,1;914,6;1030,4;22;22,2;19;22,2;20,4;19,8;18,2;13,6;97;81;82;121;3,5;1,6;
2024-02-21;1200;0;915,4;1009;915,5;915;1633,5;24;23,9;19,7;24,1;22,2;20,1;18,7;13,5;83;74;77;45;3,8;1,4;
2024-02-21;1300;0;915,4;1008,4;915,4;915,3;1947,7;26;25,8;19,6;26;23,8;20,6;18,9;13,7;81;67;69;26;6;2,1;
2024-02-21;1400;,2;915,2;1007,8;915,4;915,2;2837,2;28;27,1;19;27,3;25,5;20,1;17,9;13,6;70;59;61;17;4,5;1,7;
2024-02-21;1500;0;914,6;1006,9;915,2;914,6;3531,2;30;27,7;18,4;28,4;27;20,2;17,7;13,8;64;55;57;299;5;2,2;
2024-02-21;1600;0;913,7;1005,7;914,6;913,6;3157,3;31;28,4;19,8;29,8;27,1;20,1;17,3;13,6;61;51;60;330;null;2,8;
2024-02-21;1700;,2;913,2;1006,1;913,7;913,2;2980,1;31;25,5;18,9;29;25,5;20,5;18,2;13,2;68;55;67;122;5,6;1,9;
2024-02-21;1800;,2;912;1004,1;913,3;912;2098,9;29;27,7;19,7;28,2;24,9;20,3;18,6;13,5;72;60;62;null;4,6;null;
2024-02-21;1900;0;911,5;1004,2;912,1;911,5;2420,8;31;25,7;19,8;28,9;25,6;20,3;18,1;13,1;70;53;70;61;5,4;2;
2024-02-21;2000;,2;911,9;1005,4;911,9;911,5;469,5;29;23,4;21,1;25,7;23,4;21,1;18,9;13;87;68;87;50;5,4;1,1;
2024-02-21;2100;0;912,6;1006,6;912,6;911,8;120,6;26;22,1;22;23,4;22,1;22,1;21;12,9;99;86;99;61;5,3;,6;
2024-02-21;2200;,4;913,7;1008,2;913,7;912,3;-1,2;24;20,9;20,6;22,1;20,8;22;19,4;12,8;100;88;98;296;7,5;3;
2024-02-21;2300;,2;915;1010;915;913,5;-,3;22;19,7;19,7;21;19,6;20,7;19,6;12,8;100;98;100;273;10,3;3,2;
2024-02-22;0000;,2;915,4;1010,6;915,5;915;-,3;21;19,4;19,4;19,8;19,4;19,8;19,4;12,8;100;100;100;163;5,5;1,7;
2024-02-22;0100;,2;915,8;1011;915,8;915,4;-,7;21;19,4;19,4;19,5;19,1;19,5;19,1;12,8;100;100;100;190;3,3;,7;
2024-02-22;0200;,4;916;1011,2;916;915,6;-,1;21;19,5;19,5;19,5;19,1;19,5;19,1;12,7;100;100;100;121;3,3;1;
2024-02-22;0300;,2;915,6;1010,6;916,1;915,6;-1,5;21;19,8;19,8;19,8;19,5;19,8;19,5;12,7;100;100;100;124;3;1,1;
2024-02-22;0400;,4;915,1;1010,1;915,6;915,1;-1,9;21;19,8;19,8;20;19,7;20;19,7;12,7;100;100;100;145;3,5;,9;
2024-02-22;0500;,2;914,5;1009,5;915,1;914,5;-2,3;21;19,6;19,6;20;19,6;20;19,6;12,7;100;100;100;186;2,8;1,2;
2024-02-22;0600;,4;914,4;1009,3;914,5;914,2;-1,4;21;19,9;19,9;19,9;19,6;19,9;19,6;12,7;100;100;100;137;2,4;1;
2024-02-22;0700;,4;914,7;1009,8;914,7;914,3;-2,3;21;19,5;19,5;19,9;19,5;19,9;19,5;12,6;100;100;100;134;3,2;1,3;
2024-02-22;0800;,4;915;1010,2;915;914,7;-2,9;20;19,2;19,2;19,6;19,1;19,6;19,1;12,6;100;100;100;133;2,8;1,3;
2024-02-22;0900;,4;915,4;1010,7;915,4;915;-2,7;20;19;19;19,2;18,9;19,2;18,9;12,6;100;100;100;140;3,7;1,5;
2024-02-22;1000;,6;915,9;1010,9;915,9;915,4;179,1;20;19,9;19,9;20;18,9;19,9;18,9;12,8;100;100;100;129;3,4;1,6;
2024-02-22;1100;,4;916,6;1011,1;916,6;915,9;1037,4;21;21,8;19,9;22,1;19,9;21;19;13,5;100;84;89;129;3,8;1,5;
2024-02-22;1200;,4;917,2;1010,9;917,2;916,6;1799,6;24;24,3;19,9;24,3;21,8;20,4;19,1;13,8;90;76;77;103;3,5;1,3;
2024-02-22;1300;,8;917,6;1010,4;917,6;917,2;2600,7;26;27,1;20,4;27,2;24,3;21,2;19,6;13,8;79;67;67;334;4,1;1,1;
2024-02-22;1400;,6;917,3;1010;917,7;917,3;2888,8;29;27,5;20,4;27,6;26,1;20,6;19,4;13,6;69;62;65;null;5,5;null;
2024-02-22;1500;,6;916,7;1009,1;917,4;916,7;3154,7;30;28,1;18,5;29,2;27,5;21,1;17,4;13,4;66;51;56;331;null;1,7;
2024-02-22;1600;,8;916,1;1008;916,7;916;2616,8;31;29,6;17,9;29,9;27,3;20,2;16,6;13,3;63;45;50;350;5,2;1,1;
2024-02-22;1700;,8;915,1;1007;916;915,1;3124,3;32;29,1;18,4;30;28,6;20,1;17,7;13,2;58;48;52;326;7,1;2;
2024-02-22;1800;,8;914,5;1007;915,1;914,5;2281,7;33;27,1;19,7;31;27,1;19,9;17,6;13;64;47;64;70;5,3;1,2;
2024-02-22;1900;,8;913,9;1006,2;914,5;913,9;1036,5;31;27,6;19,6;28,4;27,1;21,1;19,3;13,1;66;60;62;134;3;1,3;
2024-02-22;2000;,8;914,5;1007;914,6;913,6;703,4;30;27,1;20,3;27,9;27,1;21,5;19,6;13;69;61;66;83;4,5;,7;
2024-02-22;2100;,8;915,9;1010,6;916,4;914,5;127,8;26;20,8;20,8;27,1;19,9;20,8;18,1;12,9;100;65;100;40;11,9;2,6;
2024-02-22;2200;,8;916,4;1011,1;916,4;915,7;127,6;23;21;20,7;21,6;20,9;21,4;20,7;12,8;100;95;98;68;6,9;1,4;
2024-02-22;2300;1;917,2;1012,1;917,2;916,4;-1,2;23;20,8;20,6;21,7;20,7;20,8;18,7;12,8;99;83;99;167;4,1;1,5;
2024-02-23;0000;,8;917,4;1012,4;917,5;917,2;-1,8;22;20,5;20,5;21,1;20,5;20,9;20,5;12,8;100;98;100;66;4,1;1;
2024-02-23;0100;1,2;918,2;1013,4;918,2;917,4;-3;22;20,2;20,2;20,5;20,1;20,5;20,1;12,8;100;100;100;129;2,1;1,1;
2024-02-23;0200;1;918,3;1013,5;918,4;918,2;-3;21;20,1;20,1;20,5;20,1;20,5;20,1;12,8;100;100;100;129;2,6;1;
2024-02-23;0300;1;918;1012,9;918,3;918;-3;21;20,9;20,9;20,9;20,1;20,9;20,2;12,7;100;100;100;129;4;1,2;
2024-02-23;0400;1;918,1;1013;918,2;918;-3,2;22;21;20,9;21;20,8;21;20,7;12,7;100;99;100;134;4;1,6;
2024-02-23;0500;1;918;1012,9;918,2;917,9;-2,3;22;21,1;21,1;21,1;20,9;21,1;20,8;12,7;100;99;100;117;3,8;1,2;
2024-02-23;0600;1;918,1;1012,9;918,1;917,8;-2,1;22;21,2;21,1;21,3;21;21,2;21;12,7;100;99;99;135;4,3;1,6;
2024-02-23;0700;1;918,2;1013,1;918,2;918;-1,5;22;21,1;21;21,3;21;21,1;20,9;12,7;99;99;99;119;4,4;1,2;
2024-02-23;0800;1,2;918,5;1013,5;918,5;918,2;-2,7;22;20,9;20,9;21,2;20,8;21,1;20,7;12,6;100;99;100;129;3,1;1,3;
2024-02-23;0900;1,4;919,3;1014,4;919,3;918,5;-2,1;21;20,8;20,7;21,1;20,7;21;20,7;12,6;100;99;100;127;3,1;,9;
2024-02-23;1000;1,4;919,8;1014,9;919,8;919,3;112,9;21;20,9;20,9;20,9;20,4;20,9;20,4;12,8;100;100;100;133;2,3;1,2;
2024-02-23;1100;1,4;920,5;1014,8;920,5;919,7;843,8;23;23,6;20,4;23,6;20,9;22;19,9;13,5;100;82;82;91;3,6;1;
2024-02-23;1200;1,4;921;1014,6;921;920,5;1864,2;25;25,9;21;25,9;23,5;21,4;20,1;13,8;84;74;74;56;3,5;1,4;
2024-02-23;1300;1,4;921,2;1014,5;921,2;921;2228,5;28;26,8;20,5;27,9;25,7;22,2;19,7;13,7;76;64;68;19;4,4;2;
2024-02-23;1400;1,4;921;1014,1;921,3;921;1492,6;29;27,2;21,4;28,1;26,7;22,2;19,6;13,7;73;62;71;316;4,2;1;
2024-02-23;1500;1,4;920,5;1013,3;921;920,5;1950,8;30;28,1;21,5;28,7;27,1;22,3;18,7;13,6;71;56;67;30;4,2;1,9;
2024-02-23;1600;1,4;919,7;1012,2;920,5;919,7;3247,7;31;28,8;20;30;28,1;21,6;18,8;13,4;67;53;59;75;4,3;1,3;
2024-02-23;1700;1,4;919,8;1012,5;919,9;919,6;2586,5;32;28,1;19,7;29,8;27,7;22,1;18,9;13,2;69;57;60;339;null;1,8;
2024-02-23;1800;1,2;919,5;1012,1;919,8;919;1695,5;32;28,5;20,4;29,4;27,7;21,4;19,7;13,1;66;56;61;241;4;1,6;
2024-02-23;1900;1,2;918,8;1012,1;919,5;918,8;419,4;30;26,1;21,6;28,5;26,1;21,7;19,7;13;77;60;76;147;3,3;,7;
2024-02-23;2000;1,2;919,5;1013,5;919,5;918,8;277,1;28;24,1;20,5;26,1;24,1;21,6;20,3;13;81;74;80;319;4;1,5;
2024-02-23;2100;1;920,1;1014,6;920,3;919,5;178,3;26;22,8;21;24,2;22,8;21;19,8;12,9;90;77;90;11;6;1,4;
2024-02-23;2200;1;920,3;1015,1;920,6;920,1;10,3;25;22;21,1;22,9;22;21,5;19,8;12,8;95;83;95;112;2,8;,6;
2024-02-23;2300;1;920,9;1016;920,9;920,3;-3,5;24;21,3;20,8;22;21,3;21,4;20,8;12,8;99;95;97;111;2,6;,9;
2024-02-24;0000;,8;921,5;1016,7;921,5;920,9;-3,3;23;21,1;20,8;21,3;21;20,9;20,8;12,8;99;97;98;152;2,3;,9;
2024-02-24;0100;1;922,4;1017,7;922,4;921,5;-2,7;22;21,1;21;21,2;20,9;21;20,8;12,8;99;98;99;144;2,4;1,1;
2024-02-24;0200;,8;922,8;1017,9;922,8;922,4;-2,2;23;21,7;21,5;21,7;21,1;21,5;21;12,7;99;98;98;145;3;1,2;
2024-02-24;0300;,8;922,4;1017,5;922,8;922,4;-2,6;23;21,6;21,4;21,8;21,6;21,5;21,4;12,7;99;98;99;99;2,9;,6;
2024-02-24;0400;,8;922;1017,1;922,4;921,9;-3,1;22;21,6;21,5;21,6;21,3;21,5;21,3;12,7;100;99;99;141;2,6;1,2;
2024-02-24;0500;,8;921,8;1017;922;921,8;-2,8;22;21,2;21,1;21,6;21,2;21,5;21,1;12,7;100;99;100;138;2,5;,8;
2024-02-24;0600;,8;921,7;1017;921,8;921,6;-2,3;22;21;21;21,2;20,9;21,2;20,9;12,7;100;100;100;138;1,5;,7;
2024-02-24;0700;,6;922,1;1017,5;922,1;921,7;-2,4;22;20,7;20,7;21,1;20,7;21,1;20,7;12,7;100;100;100;115;1,6;,9;
2024-02-24;0800;,6;922,3;1017,7;922,5;922,1;-2,4;22;20,7;20,7;21;20,6;21;20,6;12,6;100;100;100;140;3,2;1,2;
2024-02-24;0900;,6;922,8;1018,4;922,8;922,3;-2,8;21;20,4;20,4;20,8;20,3;20,8;20,3;12,6;100;100;100;131;2,6;,9;
2024-02-24;1000;,6;923,3;1018,7;923,3;922,8;152,7;21;21,2;21,2;21,2;20,3;21,2;20,3;12,9;100;100;100;131;2,1;1,2;
2024-02-24;1100;,6;923,8;1018;923,8;923,3;1008;23;24,7;20,4;24,7;21,2;21,9;20,2;13,5;100;77;77;120;3;1,1;
2024-02-24;1200;,4;924,2;1017,9;924,2;923,8;1843,6;26;26,4;20,5;26,5;24,7;20,9;19,7;13,8;78;67;70;96;3,7;1,5;
2024-02-24;1300;,4;924,3;1017,4;924,4;924,2;2515;28;28,3;20;28,6;25,7;21,4;19,7;13,7;75;60;61;69;4,1;1,6;
2024-02-24;1400;,4;924;1016,8;924,4;924;2212,7;30;29,1;19,7;29,2;27,2;20,9;19;13,5;67;55;57;23;5,4;2,6;
2024-02-24;1500;,4;923,7;1017,9;924;923,7;2121,2;31;24,9;18,4;29,9;24,9;20,2;17,8;13,1;67;50;67;317;7,8;3,6;
2024-02-24;1600;,2;922,7;1015,7;923,8;922,7;1991,4;29;28,1;17,4;28,7;23,5;19,5;17,4;13,7;73;52;52;235;8,3;3;
2024-02-24;1700;,2;922,3;1015,2;922,7;922,2;2794,9;31;28,2;19,4;30,2;27,8;20,5;17,9;13,4;63;50;59;330;4,7;1,6;
2024-02-24;1800;,2;922,1;1015,5;922,5;922;632,2;30;26,6;20,7;28,1;25,5;21,1;19,2;13,2;76;58;70;245;3,2;,5;
2024-02-24;1900;0;921,8;1015,1;922,1;921,7;1276,4;29;26,8;20,9;27,7;26,2;21,4;19,8;13,7;73;63;70;277;9,6;5,3;
2024-02-24;2000;,2;921,7;1014,9;921,9;921,4;1738;30;27,2;20,5;27,6;26,4;21,3;20,2;13,2;72;66;67;17;9,6;1,1;
2024-02-24;2100;0;922,8;1017,6;922,8;921,7;391,9;29;22,6;19,7;27,3;22,6;21;19,7;12,9;84;67;84;128;6,1;1,7;
2024-02-24;2200;,2;922,6;1017,9;923,1;922,5;11,9;25;21,3;21,1;22,6;21,3;21,3;20;12,8;99;84;99;133;5,2;1,9;
2024-02-24;2300;,2;923,2;1018,7;923,2;922,6;-3,5;23;20,7;20,7;21,3;20,6;21,1;20,6;12,8;100;98;100;299;4,2;,9;
2024-02-25;0000;0;923,9;1019,7;923,9;923,2;-3,5;22;20,1;20,1;20,8;20;20,7;20;12,8;100;100;100;152;2,9;1;
2024-02-25;0100;,2;924,2;1020;924,3;923,9;-2,8;22;20,3;20,2;20,3;20;20,3;20;12,8;100;99;99;162;4;1,6;
2024-02-25;0200;,2;923,9;1019,7;924,4;923,9;-3,3;21;20,2;20;20,4;20,2;20,2;20;12,7;99;98;98;152;3,4;1,8;
2024-02-25;0300;0;923,5;1019,3;923,9;923,5;-3,5;21;20;19,7;20,3;19,7;20;19,6;12,7;100;98;99;137;3,4;1,4;
2024-02-25;0400;,2;923,1;1019,1;923,5;923,1;-3,2;21;19,3;19,3;20;19,3;19,8;19,3;12,7;100;98;100;167;2,7;1;
2024-02-25;0500;0;923,1;1019,1;923,1;923;-3,1;20;19,2;19,1;19,7;19,1;19,6;19;12,7;100;99;100;147;2,9;1,4;
2024-02-25;0600;,2;923;1018,9;923,1;923;-2,4;20;19,6;19,4;19,7;19,1;19,5;19,1;12,7;100;98;98;145;2,5;1;
2024-02-25;0700;0;923,1;1019,1;923,1;922,7;-2,9;20;19,3;19,2;19,6;19,1;19,4;18,9;12,7;100;98;100;141;3;1,3;
2024-02-25;0800;0;923,4;1019,5;923,4;923,1;-3,1;20;19,2;19,2;19,4;19;19,3;18,9;12,6;100;99;100;147;2,7;1,4;
2024-02-25;0900;,2;923,9;1019,8;923,9;923,4;-1,4;20;19,8;19,3;19,9;18,8;19,4;18,8;12,6;100;97;97;136;3,7;1,7;
2024-02-25;1000;0;924,4;1019,9;924,4;923,9;201,7;20;21;19,9;21;19,4;19,9;19;12,9;99;89;94;150;3,3;,9;
2024-02-25;1100;0;924,9;1019,7;924,9;924,4;978,6;22;23,4;20;23,4;21;20,4;18,9;13,6;94;79;81;135;4,3;2;
2024-02-25;1200;0;925;1019;925,1;924,9;1780,8;25;25,9;20,7;26;23,4;20,9;19,8;13,7;82;71;73;121;4,9;1,8;
2024-02-25;1300;0;925,1;1018,4;925,2;925;2555,1;28;28;21,7;28,2;25,9;21,7;20,3;13,6;74;64;69;118;4,3;1,8;
2024-02-25;1400;0;924,7;1017,6;925,1;924,7;3219,2;30;29,1;20;29,6;27,7;21,8;20;13,5;68;57;58;120;4,1;1,8;
2024-02-25;1500;0;924,1;1016,6;924,8;924,1;3420,3;32;30;18,2;30,5;29,1;21,9;18,2;13,5;62;49;49;345;4,5;1,4;
2024-02-25;1600;0;923,4;1016;924,1;923,4;3449,8;32;29,6;17,8;31;28,1;20,1;16,9;13,5;60;47;49;180;7,7;3,1;
2024-02-25;1700;0;922,9;1016,1;923,4;922,8;2902,7;31;27,6;19,1;30;26,9;21,4;16,9;13,2;70;46;60;192;10,3;5;
2024-02-25;1800;0;921,9;1014,8;922,9;921,9;1571,8;30;28,2;19,7;28,3;26,2;21,2;18,9;13,6;70;60;60;86;8,5;1;
2024-02-25;1900;0;921,1;1013,3;921,9;921,1;2322;32;30,2;19,4;30,5;28,2;21,4;19,2;13,6;63;52;53;173;3,9;1,6;
2024-02-25;2000;0;920,7;1013,1;921,1;920,7;1149,6;32;29,5;20,5;30,5;29,5;20,5;19;13,1;58;50;58;202;3,9;1,7;
2024-02-25;2100;0;920,8;1013,8;920,9;920,6;442,4;31;27,7;22,4;29,5;27,7;22,4;20,2;13;73;58;73;168;3,9;,6;
2024-02-25;2200;0;920,4;1014,2;920,9;920,4;69,1;29;25,1;21,6;27,7;24,9;22,6;21,5;12,8;84;71;81;158;1,9;1;
2024-02-25;2300;0;920,8;1015;920,8;920,3;-3,5;26;23,9;20,9;25,1;23,6;23,1;20,6;12,8;95;81;83;77;2,9;1,1;
2024-02-26;0000;0;921,7;1016,5;921,7;920,8;-3,5;25;22,3;21,4;24,3;22,3;21,4;20;12,8;94;78;94;150;2,2;,3;
2024-02-26;0100;0;922,3;1017,3;922,3;921,7;-3,1;24;21,9;21,7;22,4;21,7;22;21,3;12,8;99;94;99;133;1,3;,8;
2024-02-26;0200;0;922;1017,2;922,3;922;-3,3;23;21,3;21,2;22;21,2;21,8;21,2;12,8;100;99;100;180;1,4;,4;
2024-02-26;0300;0;921,8;1016,5;922;921,8;-3;23;22,7;20,1;22,8;21,3;21,7;20,1;12,7;100;85;85;131;3;1,2;
2024-02-26;0400;0;921,4;1016;921,8;921,4;-3,1;23;22,9;21,1;23,9;22,7;21,2;19,8;12,7;91;78;89;133;5,1;1,7;
2024-02-26;0500;0;921,5;1016,1;921,6;921,4;-2,4;24;22,8;20,9;23,3;22,7;21,1;20;12,7;91;82;89;121;4,5;1,5;
2024-02-26;0600;0;921;1015,8;921,5;921;-3,2;23;22,3;20,9;22,9;22,3;21,2;20,2;12,7;92;85;92;118;3,7;1,5;
2024-02-26;0700;0;921,2;1016,1;921,2;921;-3,5;23;22;19,7;22,3;21,8;21;19,6;12,7;93;86;87;145;4,2;1;
2024-02-26;0800;0;921,3;1016,2;921,3;921,1;-3,5;22;21,9;19;22,2;21,4;20,5;18,9;12,6;93;83;84;115;4,9;1,8;
2024-02-26;0900;0;921,6;1016,8;921,6;921,2;-3,3;22;21,3;18,8;22;21,3;19;18,6;12,6;86;83;86;100;4,5;,8;
2024-02-26;1000;0;922,1;1016,8;922,1;921,6;172,9;22;22,9;19,4;22,9;20,8;20,5;18,9;12,8;96;80;81;131;3,7;,6;
2024-02-26;1100;0;922,5;1016,5;922,5;922,1;1018;24;25,1;19,7;25,1;22,9;19,9;19;13,5;81;71;72;61;4,3;1,8;
2024-02-26;1200;0;923,1;1016,9;923,1;922,5;1667,1;27;25,9;19,7;26,2;25;20,6;19,1;13,7;72;66;69;65;6,7;2,6;
2024-02-26;1300;0;923,5;1017,1;923,5;923,1;2449,4;29;26,7;19,6;27,9;25,9;21,1;18,9;13,7;69;61;65;62;9,3;2,4;
2024-02-26;1400;0;923,2;1016;923,5;923,2;2658,6;30;28,9;20,7;28,9;26,6;21,1;19,2;13,5;67;60;61;71;6,5;1,9;
2024-02-26;1500;0;922,7;1015,8;923,2;922,7;2620,4;31;27,9;19;29,7;27,9;20,8;18,7;13,4;63;55;58;35;6,5;2,7;
2024-02-26;1600;0;921,9;1014,3;922,7;921,9;2338,8;31;29,8;19,5;30;27,8;20,6;18,5;13,5;64;51;54;84;5,2;1,8;
2024-02-26;1700;0;921,1;1013,2;921,9;921,1;2909,3;33;30,4;19,8;30,6;29;21;18,5;13,5;61;50;53;89;5,5;1,6;
2024-02-26;1800;0;920,2;1012,2;921,1;920,2;2638;33;30,5;18,8;31,2;29,3;19,9;17,8;13,5;56;45;50;57;4,8;1,8;
2024-02-26;1900;0;919,6;1011,8;920,2;919,6;2068,6;33;29,8;19,2;31;29,7;20,2;18,1;13,6;57;48;53;43;4,2;2,1;
2024-02-26;2000;0;919,5;1012,4;919,6;919,5;858,4;33;27,6;19,8;30,4;27,6;20,5;18,7;13;63;50;63;143;4,7;1,5;
2024-02-26;2100;0;919,4;1012,7;919,6;919,4;264,4;30;26,1;20,7;27,6;26,1;20,8;19,5;13;73;62;72;150;3,5;1;
2024-02-26;2200;0;919,6;1013,4;919,6;919,3;45;28;24,7;20,7;26,1;24,7;21,3;20,5;12,8;80;72;79;164;2,2;,9;
2024-02-26;2300;0;919,7;1014,1;919,7;919,6;-3,5;26;23,1;22,2;24,7;23,1;22,4;20,7;12,8;95;78;95;150;2,3;1,2;
2024-02-27;0000;0;920;1014,6;920;919,7;-3,5;24;22,4;21,8;23,3;22;22,4;21,4;12,8;97;94;97;149;1,8;1,3;
2024-02-27;0100;0;920,3;1015,3;920,3;920;-3,5;23;21,5;21,3;22,4;21,4;21,9;21,2;12,8;99;97;99;156;2,2;1,2;
2024-02-27;0200;0;920,3;1015,5;920,4;920,3;-3,5;23;20,7;20,6;21,5;20,7;21,3;20,6;12,8;100;99;100;137;2,1;1,3;
2024-02-27;0300;0;919,7;1014,9;920,3;919,7;-3,5;22;20,5;20,4;20,8;20,4;20,8;20,3;12,7;100;99;99;154;2;1,5;
2024-02-27;0400;0;919,5;1014,9;919,7;919,5;-3,4;22;20;20;20,6;19,9;20,5;19,8;12,7;100;99;100;141;2,1;1,1;
2024-02-27;0500;0;919,1;1014,6;919,5;919,1;-3,4;21;19,4;19,4;20;19,4;20;19,4;12,7;100;100;100;179;1,7;,4;
2024-02-27;0600;0;918,9;1014,6;919,1;918,7;-3,4;20;19;19;19,7;18,9;19,7;18,9;12,7;100;100;100;154;1,7;1,1;
2024-02-27;0700;0;919,2;1014,8;919,2;918,9;-3;20;19,2;19,2;19,4;18,8;19,4;18,8;12,7;100;100;100;152;2,7;1,1;
2024-02-27;0800;0;919,4;1014,8;919,4;919,2;-2,3;20;19,8;19,8;20,1;19,2;20,1;19,2;12,6;100;100;100;160;2,6;1,4;
2024-02-27;0900;0;920;1015,1;920;919,4;-2,4;21;21;20,2;21;19,7;20,3;19,5;12,6;100;95;95;154;3;1,4;
2024-02-27;1000;0;920,5;1015,3;920,5;920;154,9;21;21,9;20,7;21,9;20,2;20,8;19,7;12,9;98;93;93;151;2,4;1,1;
2024-02-27;1100;0;920,7;1014,7;920,8;920,5;944,1;23;24,4;20,1;24,4;21,7;21;19,4;13,5;94;77;77;138;2,9;1,5;
2024-02-27;1200;0;920,8;1014,1;920,8;920,7;1863,9;26;26,7;19,6;26,8;24,4;20,7;19;13,7;77;63;65;72;4,9;1,8;
2024-02-27;1300;0;920,8;1013,5;920,9;920,7;2646,4;29;28,6;19,2;28,9;26,7;20,4;18,1;13,5;66;54;57;44;4,9;1,4;
2024-02-27;1400;0;920,4;1012,5;920,9;920,3;3215,9;30;30,1;17;30,1;28,3;19,7;15,6;13,6;58;42;46;359;5,7;2,1;
2024-02-27;1500;0;919,9;1011,8;920,4;919,9;2811,2;31;30,8;17,6;30,8;28,8;18,4;15,4;13,5;52;42;45;339;8,1;1,9;
2024-02-27;1600;0;919,2;1011,1;919,9;919,2;3150,1;32;30,5;15,2;31,2;29,5;18,3;15,2;13,5;50;39;40;null;null;null;
2024-02-27;1700;0;918,8;1010,7;919,2;918,8;3544,4;34;30,5;17,2;32,2;30,5;17,4;15;13,4;45;36;45;18;4,8;1,6;
2024-02-27;1800;0;917,9;1009,6;918,8;917,9;1537,9;34;30,7;17,3;32;30,4;18,8;15,6;13,2;50;39;45;188;3;1,1;
2024-02-27;1900;0;917,3;1008,9;917,9;917,3;1913,6;34;30,7;16,1;32;30,3;18,7;15,7;13;50;38;41;2;3,9;1,4;
2024-02-27;2000;0;917,2;1008,6;917,3;917,2;1694,8;34;31,5;16,8;32,3;30,7;17,9;15,5;13,2;45;38;41;316;4,1;1,3;
2024-02-27;2100;0;917,2;1009;917,2;917,1;778,5;34;30,1;18,4;31,5;30;18,5;16,2;13;50;40;50;312;3,1;,9;
2024-02-27;2200;0;917,5;1011;917,5;917,2;93,2;31;25,1;20,6;30,1;25,1;21,7;17,4;12,8;77;47;76;168;1,7;,8;
2024-02-27;2300;0;918,1;1012,3;918,1;917,5;-3,5;27;23;20,6;25,1;23;20,6;20;12,8;87;74;87;123;2;,8;
2024-02-28;0000;0;918,7;1013,5;918,7;918,1;-3,5;25;21,6;21,1;23;21,6;21,3;20,6;12,8;97;87;97;140;1,9;1,1;
2024-02-28;0100;0;919,5;1014,5;919,5;918,7;-3,5;23;21,1;21;21,7;21;21,2;20,8;12,8;99;97;99;162;1,6;,8;
2024-02-28;0200;0;919,9;1015,1;919,9;919,5;-3,2;23;20,8;20,6;21,3;20,8;21;20,6;12,8;99;98;99;173;1,6;1,1;
2024-02-28;0300;0;919,7;1015;919,9;919,7;-3,5;22;20,3;20,2;21,1;20,3;20,8;20,2;12,7;100;98;99;157;2,2;1,1;
2024-02-28;0400;0;919,7;1015;919,7;919,5;-3,5;22;20,2;20,2;20,3;19,9;20,3;19,9;12,7;100;99;100;159;2,5;1,2;
2024-02-28;0500;0;919,2;1014,4;919,7;919,2;-2,7;21;20,4;20,3;20,4;20,1;20,4;19,9;12,7;100;99;99;149;2;,9;
2024-02-28;0600;0;918,7;1014;919,2;918,6;-3,5;21;19,9;19,9;20,5;19,7;20,3;19,6;12,7;100;98;100;173;1,7;1,1;
2024-02-28;0700;0;918,6;1014,1;918,8;918,6;-3,4;21;19,5;19,5;20;19,3;20;19,3;12,7;100;100;100;151;2;1,1;
2024-02-28;0800;0;918,5;1013,9;918,7;918,5;-2,1;21;19,7;19,7;19,8;19,2;19,8;19,2;12,6;100;100;100;124;1,6;,6;
2024-02-28;0900;0;918,7;1014,4;918,8;918,5;-2,5;20;18,9;18,9;19,7;18,9;19,7;18,9;12,6;100;100;100;161;2;,9;
2024-02-28;1000;0;919;1014,3;919;918,6;170;20;20,2;20,1;20,2;18,9;20,2;19;13;100;99;99;145;2;1,1;
2024-02-28;1100;0;919,5;1013,4;919,5;919;960,9;22;24,3;19,3;24,3;20,2;20,9;18,7;13,6;99;74;74;144;2,4;,9;
2024-02-28;1200;0;920,1;1012,9;920,1;919,5;1762,7;26;27,9;17,9;28;24,3;20;17,6;13,7;75;54;55;321;2,1;1;
2024-02-28;1300;0;920,1;1012,4;920,2;920,1;2238;29;29,4;17,5;29,4;27,6;19,3;17,3;13,5;59;49;49;304;3,9;1,6;
2024-02-28;1400;0;920;1011,8;920,2;920;3063,9;31;31,1;18,9;31,1;28,7;19,7;17,7;13,5;55;47;48;275;4,8;2,7;
2024-02-28;1500;0;919,7;1011,3;920;919,7;3374,3;33;31,7;17,7;32;30,2;19,4;16,8;13,4;50;41;43;264;5;1,8;
2024-02-28;1600;0;919,3;1010,8;919,7;919,3;2966,9;33;31,9;18,8;32,1;30,3;20,1;17,4;13,4;52;42;46;286;6,8;2,9;
2024-02-28;1700;0;918,6;1009,9;919,3;918,6;2757,9;34;32,2;19,6;32,8;30,3;20,5;17,1;13,5;52;41;47;267;5,7;3;
2024-02-28;1800;0;918;1008,9;918,6;917,9;2865,1;34;33,2;19;33,4;30,3;20,2;17,6;13,4;51;41;43;240;6,9;3,3;
2024-02-28;1900;0;917,8;1008,8;918;917,7;2334,7;35;32,8;18,7;33,2;31,2;19,4;17,8;13,5;48;42;43;270;5,8;2,8;
2024-02-28;2000;0;917,5;1009,4;917,8;917,5;1096,1;34;30;18,7;32,8;30;19,4;18;12,9;51;42;51;271;5,8;3,4;
2024-02-28;2100;0;917,7;1010,2;917,8;917,5;532,1;32;28,2;19,7;30;28,2;19,9;18,9;13;60;51;60;302;5,4;1,5;
2024-02-28;2200;0;917,7;1011,3;917,8;917,6;108,9;30;24,8;20,8;28,2;24,8;21,3;19,3;12,8;78;59;78;307;3,2;,6;
2024-02-28;2300;0;918,5;1012,6;918,5;917,7;-3,5;27;23,5;20,9;24,8;23,5;22,1;20,4;12,8;91;78;85;167;1,6;,9;
2024-02-29;0000;0;919,2;1013,8;919,2;918,5;-3,5;25;22,3;21,9;23,6;22,3;22,2;20,6;12,8;98;84;98;193;1,7;1,2;
2024-02-29;0100;0;919,3;1014,1;919,3;919,1;-3,5;24;21,7;21,6;22,3;21,7;21,9;21,5;12,8;99;97;99;153;1,8;,9;
2024-02-29;0200;0;919,3;1014,1;919,4;919,2;-2,9;23;21,6;21,4;22;21,4;21,9;21,3;12,8;100;99;99;173;1,9;,6;
2024-02-29;0300;0;919,5;1014,5;919,5;919,2;-2,5;23;21;21;21,6;21;21,4;21;12,7;100;98;100;127;2,2;,7;
2024-02-29;0400;0;919,3;1014,4;919,6;919,2;-3;22;20,8;20,8;21;20,7;21;20,7;12,7;100;100;100;145;1,9;,9;
2024-02-29;0500;0;919,2;1014,4;919,3;919,1;-2,5;22;20,5;20,5;20,9;20,5;20,9;20,5;12,7;100;100;100;157;1,8;1,1;
2024-02-29;0600;0;919,1;1014,1;919,2;919,1;-1,2;22;21,1;21,1;21,2;20,5;21,1;20,5;12,7;100;100;100;80;1,8;,2;
2024-02-29;0700;0;918,8;1014;919,1;918,8;-2,8;22;20,3;20,3;21,2;20,3;21,2;20,3;12,7;100;100;100;196;1,2;,8;
2024-02-29;0800;0;918,9;1014,3;918,9;918,8;-3;21;19,9;19,9;20,4;19,9;20,4;19,9;12,6;100;100;100;182;1,7;,9;
2024-02-29;0900;0;919,5;1015;919,5;918,9;-2,9;21;19,8;19,8;20,3;19,8;20,3;19,8;12,6;100;100;100;178;1,6;,7;
2024-02-29;1000;0;920,1;1015,3;920,1;919,5;169,6;21;20,7;20,7;20,7;19,7;20,7;19,7;13;100;100;100;153;2,2;,9;
2024-02-29;1100;0;920,5;1014,5;920,5;920,1;825,7;23;24,3;20,9;24,3;20,8;21,8;20,1;13,5;100;79;82;142;1,5;,6;
2024-02-29;1200;0;920,9;1013,5;920,9;920,5;1815,3;26;28,8;20,4;28,8;24,3;21,4;19,9;13,8;82;59;61;344;2,4;1;
2024-02-29;1300;0;921,1;1013,3;921,1;920,9;2508;30;30,2;20,1;30,4;28,2;21;19,4;13,5;63;54;55;232;4,4;2,2;
2024-02-29;1400;0;920,9;1012,9;921,1;920,9;2567;32;30,7;19,4;31,4;29,6;20,8;18,9;13,5;58;49;51;223;7;3,7;
2024-02-29;1500;0;920,1;1012,1;920,9;920,1;2251,3;32;30,5;19,4;31,6;29,8;20,7;19,1;13,4;56;50;51;222;7,3;3,7;
2024-02-29;1600;0;919,4;1010,8;920,1;919,4;2981,3;33;32;19,3;32,7;30,3;20,5;18,9;13,4;54;45;47;242;6,8;3,4;
2024-02-29;1700;0;918,7;1009,9;919,4;918,7;3023,5;34;32,7;18,7;32,8;31,5;20,3;17,8;13,5;49;41;44;253;8,7;4,2;
2024-02-29;1800;0;917,7;1008,8;918,7;917,7;2632,9;35;32,6;19,2;33,6;31,9;19,9;18,1;13,4;46;41;45;256;7,6;3,1;
2024-02-29;1900;0;917,2;1008,2;917,7;917;2296,8;35;32,8;18,3;33,5;32,4;19,6;18;13,4;46;41;42;null;null;null;
2024-02-29;2000;0;917;1008,2;917,3;917;1432,5;34;32;19,1;33;31,7;19,3;17,5;13,2;47;41;47;228;6,6;3,7;
2024-02-29;2100;0;916,9;1008,7;917,2;916,9;591,8;33;30,1;20;32;30,1;20,3;18,8;13;55;46;55;209;5,9;2,4;
2024-02-29;2200;0;917,2;1010,3;917,2;916,6;86,5;31;26,1;21,3;30,1;26,1;21,4;20,1;12,8;75;55;75;195;4,5;1,4;
2024-02-29;2300;0;918,2;1011,9;918,2;917,2;-3,5;28;24,7;21,6;26,1;24,2;21,6;20,8;12,8;84;74;83;152;2,8;,8;
2024-03-01;0000;0;919,1;1013,2;919,1;918,2;-3,5;26;23,8;23,1;24,8;23,7;23,1;21,6;12,8;96;83;96;249;2,7;,7;
2024-03-01;0100;0;919,2;1013,1;919,3;918,8;-3;26;24,3;19,4;25,8;23,8;23,1;19,4;12,8;96;74;74;76;4,6;1,3;
2024-03-01;0200;0;919,6;1014,1;919,6;919,1;-3,5;25;22,6;19,1;24,5;22,1;20,9;19;12,8;93;72;81;189;3;,6;
2024-03-01;0300;0;919,5;1014,1;919,7;919,5;-3,4;24;22,3;19,3;22,6;21,5;20,7;19,1;12,7;94;81;83;160;1,8;1,2;
2024-03-01;0400;0;919,4;1013,5;919,5;919,2;-3;23;23,7;18,2;23,9;21,4;20;18,1;12,7;92;70;71;193;5,7;3,3;
2024-03-01;0500;0;919,4;1014;919,4;919,1;-3,5;24;22,3;17,9;23,8;22,3;18,1;17,8;12,7;76;70;76;30;5,7;1,4;
2024-03-01;0600;0;918,8;1013,6;919,4;918,7;-3,5;23;21,4;17,6;22,6;21,3;18,1;17,4;12,7;80;73;79;86;4,8;1;
2024-03-01;0700;0;918,7;1013,9;919;918,7;-3,5;22;20,3;17,2;21,7;20,1;17,8;17,1;12,7;85;77;82;105;2,4;,9;
2024-03-01;0800;0;918;1013,6;918,7;918;-3,5;21;18,9;18,6;21,4;18,9;18,8;16,9;12,6;98;76;98;135;2,5;1;
2024-03-01;0900;0;918,7;1014,2;918,7;917,9;-3,4;20;19,3;18,1;19,9;18,7;19,1;17,8;12,6;99;88;93;156;2,3;1,2;
2024-03-01;1000;0;919;1014;919;918,6;153,9;20;21;17,8;21;18,8;18,6;17,4;12,9;97;82;82;167;3;1,5;
2024-03-01;1100;0;919,5;1013,4;919,5;919;970,2;23;24,5;19,2;24,5;21,1;19,2;17,8;13,6;82;72;73;157;2,5;1,1;
2024-03-01;1200;0;919,8;1012,8;919,8;919,5;1827,4;26;27,3;20,1;27,3;24,5;20,3;18,8;13,7;73;64;65;154;2,8;1,3;
2024-03-01;1300;0;919,6;1011,8;919,9;919,6;2349,8;29;29,8;19;29,8;27,3;20,7;18,5;13,5;65;53;53;123;2,9;1,1;
2024-03-01;1400;0;919,9;1011,9;919,9;919,6;3192,4;32;30,5;18;31,3;29,5;20,3;17,7;13,6;55;46;47;286;6,9;2,9;
2024-03-01;1500;0;919,2;1010,4;919,9;919,2;3487,9;33;32,6;19,4;32,8;30,3;19,9;17,7;13,4;51;44;46;252;6,9;2,5;
2024-03-01;1600;0;918,6;1009,5;919,2;918,5;2977,3;34;33,4;17,6;33,4;31,3;20;17,6;13,4;48;39;39;247;7,9;3,6;
2024-03-01;1700;0;917,7;1009,1;918,6;917,7;2701,6;34;31,5;18;34,2;31,3;19,6;16,1;13,2;47;36;45;null;8,9;null;
2024-03-01;1800;0;917;1008,1;917,7;916,9;1892;34;32,2;18,2;33,1;31,1;19;16,4;13,5;47;38;43;226;8,4;4;
2024-03-01;1900;0;916,1;1007,7;917;916,1;1436,2;33;30,6;18;33;30,6;18,6;15,6;13;47;37;47;245;8,5;4,5;
2024-03-01;2000;0;916,3;1008,3;916,4;915,9;898,1;32;29,1;19,1;31;29,1;19,1;17,8;13;55;46;55;160;8,1;1,8;
2024-03-01;2100;0;916,7;1009,6;916,7;916;461,6;31;26,5;19,1;29,1;26,5;19,4;17,9;12,9;65;55;64;19;4,5;1,1;
2024-03-01;2200;,2;917,7;1011,4;917,7;916,7;45,4;28;24,4;20;26,8;23,9;20,7;18,7;12,8;81;61;76;3;3,8;1,6;
2024-03-01;2300;1,2;918,8;1013,7;918,8;917,7;-,5;25;21,2;20,4;24,4;21,2;22,3;18,8;12,8;100;76;95;50;7,2;,7;
2024-03-02;0000;1;919,5;1014,3;919,5;918,8;-1,5;24;21,8;20,9;21,9;21,2;21,8;20,5;12,8;100;95;95;246;5,1;2,7;
2024-03-02;0100;,8;920,5;1015,4;920,7;919,5;,4;23;21,7;21,4;22,1;21,5;21,9;20,9;12,8;100;95;98;50;5,1;1;
2024-03-02;0200;,6;920,3;1015,4;920,5;920,1;-2,2;23;21,1;21,1;21,7;21;21,5;21;12,7;100;98;100;170;2,6;1,1;
2024-03-02;0300;,6;919,8;1015,2;920,4;919,8;-3,5;22;20;20;21,1;20;21,1;20;12,7;100;100;100;106;2;,5;
2024-03-02;0400;,6;918,9;1014,4;919,8;918,9;-3,4;21;19,6;19,6;20,1;19,6;20,1;19,6;12,7;100;100;100;125;1,6;1;
2024-03-02;0500;,6;918;1013,5;918,9;918;-2,2;21;19,3;19,3;19,6;19,2;19,6;19,2;12,7;100;100;100;160;1,6;,9;
2024-03-02;0600;,4;917,3;1012,8;918,1;917,3;-2,5;20;19;19;19,3;18,8;19,3;18,8;12,7;100;100;100;172;2,1;,8;
2024-03-02;0700;,4;917,2;1012,9;917,3;917;-3,1;20;18,5;18,5;19;18,3;19;18,3;12,6;100;100;100;121;1,7;,7;
2024-03-02;0800;,4;917,7;1013,6;917,7;917,2;-3;19;18;18;18,5;18;18,5;18;12,6;100;100;100;159;1,7;,7;
2024-03-02;0900;,4;918,2;1014,2;918,2;917,7;-2,6;19;17,9;17,9;18,2;17,9;18,1;17,9;12,6;100;100;100;166;1,4;,7;
2024-03-02;1000;,2;918,7;1014,4;918,7;918,2;145,7;19;18,8;18,7;18,8;17,7;18,7;17,7;13;100;99;100;161;2;1,2;
2024-03-02;1100;,2;919,3;1014,1;919,3;918,7;902,8;21;21,7;21,7;21,7;18,8;21,7;18,8;13,6;100;99;100;163;3;1,2;
2024-03-02;1200;,2;919,9;1013,7;919,9;919,3;1909,5;23;24,8;20;24,8;21,7;22,1;19,3;13,8;100;73;74;134;4,4;1,6;
2024-03-02;1300;,2;920,1;1013,2;920,2;919,9;2671,1;26;27;20,8;27;24,3;21,2;19,3;13,7;77;68;69;74;4,3;1,6;
2024-03-02;1400;0;919,9;1012,8;920,1;919,9;3418;28;27,5;19,1;28,1;26,5;21;18,7;13,6;71;59;60;107;4,4;1,4;
2024-03-02;1500;,4;919,4;1011,8;919,9;919,4;3872,5;30;29,1;18,3;29,5;27,3;20,6;17,9;13,5;66;51;52;54;4,3;1,6;
2024-03-02;1600;,4;918,7;1010,9;919,4;918,7;3481,5;32;29,3;17,9;30,1;28,9;19,6;17,6;13,5;57;48;50;90;3,9;1,6;
2024-03-02;1700;,4;917,7;1009,7;918,7;917,7;1464,7;32;29,8;19,9;29,8;28,6;19,9;17,6;13,6;56;50;56;null;null;null;
2024-03-02;1800;,2;916,6;1007,9;917,7;916,6;3252,9;33;31,6;18;31,9;29,9;19,7;17,1;13,4;56;42;45;269;6,8;3,1;
2024-03-02;1900;,2;916;1007,8;916,6;916;2291,7;33;29,7;16,9;32;29,7;18,5;16,6;13,1;49;41;46;207;6,9;4,2;
2024-03-02;2000;,2;915,8;1007,4;916,1;915,8;1582;32;30,2;15,8;30,8;29,6;17,7;15,4;13,2;48;39;42;216;7,3;3,4;
2024-03-02;2100;0;916;1008,3;916;915,7;716,8;31;28,3;17,8;30,3;28,3;17,9;16;13;53;42;53;228;6,2;2,8;
2024-03-02;2200;0;916,6;1009,8;916,6;916;58,7;29;25,7;18,1;28,3;25,2;18,4;17,7;12,8;66;53;63;189;4,2;2,4;
2024-03-02;2300;0;917,4;1011,8;917,4;916,6;-3,5;26;22,4;19;25,8;22,4;19;18,1;12,8;81;63;81;119;3,8;,6;
2024-03-03;0000;0;918,5;1013,2;918,6;917,4;-3,5;24;21,7;19,6;22,7;21,3;20,3;18,9;12,8;93;80;88;128;2,2;,7;
2024-03-03;0100;,2;919;1014;919;918,5;-3,5;22;21;19,8;21,8;20,8;20;18,6;12,8;94;84;93;98;2,1;1,1;
2024-03-03;0200;0;919,3;1014,3;919,3;919;-3,5;22;21,1;18,6;21,3;20,4;19,8;18,2;12,8;95;83;85;146;2,1;1,1;
2024-03-03;0300;0;918,9;1014,3;919,3;918,9;-3,5;21;19,9;19,3;21,3;19,8;19,3;18,1;12,7;97;83;96;193;1,9;,8;
2024-03-03;0400;0;918,5;1013,9;918,9;918,5;-3,5;21;19,5;19,5;20,1;19;19,5;18,9;12,7;100;95;99;130;2,1;1,3;
2024-03-03;0500;0;918,1;1013,4;918,5;918,1;-3,4;20;19,7;19,7;19,7;18,8;19,7;18,8;12,7;100;99;100;156;2,1;,8;
2024-03-03;0600;0;917,5;1013,1;918,1;917,5;-3,2;20;18,9;18,8;19,8;18,9;19,7;18,8;12,7;100;98;100;159;2,4;1,3;
2024-03-03;0700;0;917,3;1012,4;917,5;917,1;-3,4;20;20,1;19,8;20,1;18,9;19,8;18,9;12,6;100;98;98;136;3,7;1,4;
2024-03-03;0800;0;917,8;1013;917,8;917,3;-3,5;20;20,1;19,8;20,1;19,4;19,8;19,1;12,6;99;97;98;132;3,7;1,5;
2024-03-03;0900;0;918,3;1013,6;918,3;917,8;-3;20;19,9;19,8;20,3;19,8;19,8;19,5;12,6;99;97;99;143;3,8;1,3;
2024-03-03;1000;0;919;1013,9;919;918,3;152,5;21;21,3;19,6;21,3;19,9;20,3;19,6;12,9;99;90;90;129;3,4;1,5;
2024-03-03;1100;0;919,8;1014;919,8;919;1011,8;22;23,5;19,3;23,5;21,3;20;18,9;13,6;91;76;78;120;5;2;
2024-03-03;1200;,2;919,9;1013,3;920;919,8;1861,2;25;26;19,7;26,2;23,5;20,3;19,2;13,8;78;67;68;106;5;1,9;
2024-03-03;1300;0;919,8;1012,8;920;919,7;2654,5;28;27,2;19,8;27,7;26;20,7;19,3;13,7;71;63;64;66;5;2,3;
2024-03-03;1400;0;919,1;1011,5;919,8;919,1;3292;29;28,8;20,8;28,8;27;20,8;19,1;13,6;67;57;62;50;5,9;2,8;
2024-03-03;1500;0;918,8;1010,9;919,2;918,7;3362,3;31;29,7;19,9;29,7;27,8;21,1;18,8;13,5;62;54;56;49;5,4;2,1;
2024-03-03;1600;0;917,7;1009,4;918,8;917,7;3817;32;30,5;19,6;30,6;29,1;20,8;18,4;13,5;59;49;52;35;5,6;1,6;
2024-03-03;1700;0;917,2;1008,9;917,8;917,2;3261,8;33;30,5;18,6;31,2;29,4;20,3;17,3;13,5;54;46;49;334;4,5;1,6;
2024-03-03;1800;0;916,6;1008,2;917,2;916,6;3104,5;34;30,6;17,8;32,2;30,6;19,5;17;13,1;49;41;46;130;3,6;1,5;
2024-03-03;1900;0;916,1;1007,6;916,6;916;1425,4;34;30,8;18,4;31,7;29,8;19;16,6;13,6;52;42;47;287;2,9;1,3;
2024-03-03;2000;0;915,9;1007,7;916,2;915,9;1363,8;33;29,9;17,1;32,3;29,9;18,9;16,4;13;49;41;46;298;3,9;2,1;
2024-03-03;2100;0;916,4;1010,1;916,5;915,9;186,1;30;24,2;18,8;29,9;24,2;19,7;17,3;12,9;73;46;72;294;8,8;3,4;
2024-03-03;2200;0;916,9;1010,4;916,9;916,1;23,2;27;24,7;19,4;25,2;24,2;19,6;18,7;12,8;75;68;72;82;7,6;,9;
2024-03-03;2300;0;917,4;1011,5;917,4;916,9;-3,5;26;23,3;19,6;24,7;23,3;19,8;19,4;12,8;80;72;80;159;3;1,6;
2024-03-04;0000;0;918,4;1012,6;918,4;917,4;-3,3;25;23,3;19;23,3;22,8;19,9;18,9;12,8;83;77;77;161;3,1;1,2;
2024-03-04;0100;0;918,9;1013,4;918,9;918,4;-2,5;24;22,5;19,7;23,4;22,5;19,7;19;12,8;84;76;84;153;2,7;1,1;
2024-03-04;0200;0;919,2;1013,9;919,2;918,9;-3,5;24;21,8;19,7;22,6;21,8;20,4;19,5;12,8;91;83;88;164;2,1;1,4;
2024-03-04;0300;0;919;1014;919,2;919;-3,5;23;20,9;20,6;22;20,8;20,8;19,6;12,7;98;86;98;143;2,1;1;
2024-03-04;0400;0;918,4;1013,6;919;918,3;-3,5;22;20,3;20,2;21;20,2;20,7;20,1;12,7;100;98;100;152;2,3;1,1;
2024-03-04;0500;0;917,7;1012,8;918,4;917,7;-3,4;21;20,4;20,4;20,4;19,8;20,4;19,8;12,7;100;100;100;153;2,1;1,3;
2024-03-04;0600;0;917,8;1013,1;917,8;917,6;-3,4;21;19,6;19,6;20,5;19,5;20,5;19,5;12,7;100;98;100;140;2,3;,9;
2024-03-04;0700;0;918,1;1013,3;918,1;917,8;-3;21;20,2;20;20,3;19,3;20,2;19,3;12,6;100;98;98;147;2,5;1;
2024-03-04;0800;0;918,3;1013,3;918,3;918,1;-3,5;21;20,9;20,2;21;20,1;20,5;19,7;12,6;98;96;96;116;3,5;1,4;
2024-03-04;0900;0;918,6;1013,5;918,6;918,2;-3,3;21;21,1;20,7;21,1;20,4;20,7;20;12,6;99;96;98;109;3,9;1,5;
2024-03-04;1000;0;918,9;1013,4;919;918,5;145,4;21;22,3;19,9;22,3;20,6;21,4;19,9;12,9;99;87;87;112;4,1;,9;
2024-03-04;1100;0;919,2;1013;919,3;918,8;978,6;23;24,6;20,1;24,7;22,2;20,4;19,7;13,5;90;75;76;119;4,2;1,5;
2024-03-04;1200;0;919,8;1013,2;919,9;919,2;1844;26;26;20;26,2;24,6;20,9;19,5;13,7;76;69;69;58;6,4;2,8;
2024-03-04;1300;0;919,7;1012,5;919,9;919,7;2640,2;28;27,8;20,4;28;26;21,1;19,8;13,6;72;64;64;53;6,7;2,4;
2024-03-04;1400;0;919,4;1011,7;919,8;919,4;3207,3;30;29,2;21,3;29,2;27,3;21,3;19,3;13,5;67;59;63;68;5,8;2,1;
2024-03-04;1500;0;919,1;1011,2;919,4;919,1;3502,3;31;29,8;19,8;30,1;28,8;21,6;19,5;13,5;63;54;55;73;6,4;2,3;
2024-03-04;1600;0;918,5;1010,4;919,1;918,5;3678,2;32;30,4;20,1;31,2;29,8;21,1;19;13,5;58;50;54;42;6,1;2,3;
2024-03-04;1700;0;917,5;1008,7;918,5;917,5;3048,1;33;32,2;19,7;32,2;29,8;20,8;18,5;13,5;55;47;48;28;6,5;2,7;
2024-03-04;1800;0;916,5;1007,9;917,5;916,4;2238,6;34;31,2;19,3;32,2;30,1;19,9;17,7;13,6;53;45;49;null;6,5;null;
2024-03-04;1900;0;916,3;1008,4;916,5;916,3;1567,6;34;29;18,7;32,2;29;19,7;18,1;12,9;56;45;54;27;4,8;1,1;
2024-03-04;2000;0;917,1;1010,8;917,4;916,3;251;29;24,4;18,2;29;24;19,5;17,7;13;75;54;68;316;10,4;2,5;
2024-03-04;2100;0;917,6;1011,7;917,6;917,1;288;26;23,2;18,8;24,4;22,9;19,5;17,7;13;80;67;76;64;6,3;1,6;
2024-03-04;2200;0;917,4;1011,7;918;917,4;31,3;25;22,6;19,2;23,5;22,6;19,3;18,6;12,8;81;74;81;142;4,1;,9;
2024-03-04;2300;0;918,1;1012,6;918,1;917,3;-3,5;24;22,2;20,2;22,8;22;20,2;19,2;12,8;89;81;88;120;3,4;1,1;
2024-03-05;0000;0;919,1;1013,8;919,1;918,1;-3,5;23;22;18,7;22,5;21,8;20,6;18,6;12,8;92;80;82;110;2,6;,6;
2024-03-05;0100;0;919,7;1014,6;919,7;919,1;-3,5;23;21,5;18,8;22;21,3;19,1;18,6;12,8;87;81;85;143;2,7;1;
2024-03-05;0200;0;919,9;1014,9;919,9;919,6;-3,4;22;21,1;20;21,5;20,8;20;18,8;12,7;94;85;94;149;2,9;1,2;
2024-03-05;0300;0;919,7;1015;919,9;919,7;-3,5;22;20,4;19,9;21,1;20,3;20,2;19,8;12,7;98;93;97;149;4,1;1,6;
2024-03-05;0400;0;919,2;1014,5;919,7;919,2;-3;22;20,2;20;20,8;20,2;20;19,6;12,7;99;94;98;139;3,5;,8;
2024-03-05;0500;0;919,2;1014,6;919,3;919,1;-3,1;21;20;19,7;20,5;19,9;20;19,6;12,7;99;96;99;127;2;1,1;
2024-03-05;0600;0;918,7;1013,6;919,2;918,7;-2,1;21;21,2;18,5;21,2;20;20,1;18,5;12,7;99;85;85;139;2,8;1,6;
2024-03-05;0700;0;919;1014;919;918,7;-2,5;22;21,1;18,1;21,2;20,8;18,7;18,1;12,6;87;83;83;161;2,8;1,1;
2024-03-05;0800;0;919,1;1014,4;919,2;919;-3;21;20,1;19,5;21,3;20;19,5;17,9;12,6;97;81;97;183;1,9;,4;
2024-03-05;0900;0;919,5;1015,3;919,5;919,1;-3,1;21;18,9;18,7;20,1;18,9;19,6;18,7;12,6;99;96;99;106;2,1;,7;
2024-03-05;1000;0;920,2;1015,4;920,2;919,5;177,5;20;20,7;18,3;20,7;18,5;20,1;18,3;12,9;100;86;86;156;2;,8;
2024-03-05;1100;0;921;1015,7;921;920,2;729,9;22;22,5;18,9;22,9;20,2;19,6;17,9;13,3;94;77;80;163;1,8;,8;
2024-03-05;1200;0;921,4;1015,4;921,4;921;1166,5;25;24,7;19,2;24,7;22,5;19,9;18,1;13,6;81;70;71;24;2,3;,8;
2024-03-05;1300;0;921,6;1015;921,6;921,4;1967,2;27;26,5;18,7;26,9;24,5;19,4;17,4;13,6;72;61;62;330;5,5;2,1;
2024-03-05;1400;0;921;1013,9;921,6;921;2712;29;27,8;19,4;28,1;25,5;20,1;18,2;13,6;67;59;60;347;5,5;2,7;
2024-03-05;1500;0;920,9;1015,1;921;920,7;1534,4;29;23,9;18,2;29;23,9;19,9;17,7;13,4;70;55;70;310;9,3;4,7;
2024-03-05;1600;0;920,6;1014,9;921,2;920,5;1043,7;27;23,6;19,8;23,9;22,3;20,5;17,8;13,8;83;70;79;87;9,3;1,2;
2024-03-05;1700;0;919,4;1012,4;920,6;919,3;2525,6;28;27,1;20,1;27,1;23,6;20,4;18,3;13,7;79;66;66;33;3,3;1;
2024-03-05;1800;0;918,5;1011;919,4;918,5;2716,7;30;28,4;21;28,5;26,6;21,2;19,1;13,5;68;61;64;4;5,1;2,3;
2024-03-05;1900;0;918,7;1011,4;918,7;918,5;2383,6;31;27,8;18;29,3;27,1;20,8;18;13,2;67;54;55;347;5,7;2,6;
2024-03-05;2000;0;918,5;1012,1;918,7;918,5;461,1;30;25,1;19,6;27,8;25,1;20;18,3;12,9;72;55;72;294;7,4;2,8;
2024-03-05;2100;0;917,9;1012,2;918,5;917,9;71,9;26;22,6;20,3;25,1;22,6;20,3;19,5;12,9;87;72;87;310;7,4;1,3;
2024-03-05;2200;0;918,7;1013,4;918,7;917,9;90,3;25;21,9;21,6;22,8;21,9;21,6;20;12,8;98;85;98;66;2,4;,7;
2024-03-05;2300;0;919,2;1014,1;919,2;918,5;-3,5;24;21,4;21,3;21,9;21,4;21,6;21,3;12,8;100;98;100;124;1,7;,8;
2024-03-06;0000;null;919,9;1014,9;919,9;919,2;-3,5;23;21,1;21,1;21,5;21;21,4;21;12,8;100;99;100;147;2,7;1,2;
2024-03-06;0100;null;920,7;1015,9;920,7;919,9;-2,9;22;21;21;21,2;20,8;21,2;20,8;12,8;100;100;100;157;2,5;1,2;
2024-03-06;0200;null;920,7;1015,8;920,7;920,6;-1,9;22;21,2;21,2;21,4;21;21,4;21;12,7;100;99;100;154;2,1;1,3;
2024-03-06;0300;null;920,2;1015,2;920,7;920,2;-1,8;22;21,3;21,3;21,4;21,2;21,4;21,2;12,7;100;100;100;154;2,6;1,3;
2024-03-06;0400;null;919,7;1014,8;920,2;919,7;-3,3;22;21;21;21,5;20,9;21,4;20,9;12,7;100;99;100;154;2,8;1,2;
2024-03-06;0500;null;919,2;1014,2;919,7;919,2;-3,4;22;20,9;20,7;21,1;20,9;21,1;20,7;12,7;100;99;99;159;2,7;1,4;
2024-03-06;0600;null;919,2;1014,5;919,2;918,9;-3,4;21;20,1;20,1;20,9;20;20,8;20;12,7;100;98;100;190;2,7;,9;
2024-03-06;0700;null;919,1;1014,6;919,2;919;-2,7;21;19,4;19,4;20,3;19,4;20,3;19,4;12,6;100;100;100;150;1,8;,7;
2024-03-06;0800;null;919,3;1014,7;919,4;919,1;-,7;21;19,8;19,8;19,9;19,3;19,9;19,3;12,6;100;100;100;112;1,8;,8;
2024-03-06;0900;null;920,1;1015,3;920,1;919,3;-,6;21;20,8;20,8;20,8;19,8;20,8;19,8;12,6;100;100;100;256;3;1,4;
2024-03-06;1000;null;920,3;1015,6;920,3;920,1;66,5;21;20,4;20,4;20,9;20,3;20,9;20,3;12,7;100;98;100;135;4,1;1;
2024-03-06;1100;null;920,9;1015,8;920,9;920,3;421,5;22;21,7;21,7;21,7;20,4;21,7;20,4;13,3;100;100;100;142;2,4;,9;
2024-03-06;1200;null;921,1;1015,4;921,1;920,9;929,1;23;23,7;20,7;23,7;21,7;22,3;20,3;13,9;100;83;83;140;2,5;1,1;
2024-03-06;1300;null;921,2;1014,3;921,3;921,1;2523,2;26;27,3;19,4;27,7;23,7;21,3;19;13,7;84;61;62;240;3;1,1;
2024-03-06;1400;null;921,1;1013,8;921,2;921,1;3274,2;29;28,6;19,1;28,9;27,3;20,3;18;13,4;65;54;56;304;3,9;1,6;
2024-03-06;1500;null;920,3;1012,8;921,1;920,3;3427,5;31;29;18,5;30,2;27,9;20,1;18;13,3;59;49;53;251;5,6;1,8;
2024-03-06;1600;null;919,5;1011,5;920,3;919,5;3160;32;30,2;18,5;30,9;28,9;20;17,8;13,5;56;48;50;293;4,6;2,1;
2024-03-06;1700;null;918,8;1011;919,5;918,8;2959;32;29,5;19,6;30,9;28,3;20,8;17,7;13,5;61;47;55;10;8,2;4,8;
2024-03-06;1800;null;918;1010,2;918,8;918;2933,8;33;29,2;18,6;30,5;28,7;20,6;17,8;13,5;59;47;53;323;8,2;2,5;
2024-03-06;1900;null;917,4;1009,3;918;917,4;2453,6;33;30;18,3;31,1;29,1;19,6;17,5;13,1;55;45;50;193;5,4;3,4;
2024-03-06;2000;null;917,4;1009,3;917,5;917,3;1540,2;33;30;17,9;30,6;29,2;19,3;17,6;13;53;47;48;182;5,4;1,7;
2024-03-06;2100;null;918;1010,7;918;917,4;663,6;32;27,7;20;30,2;27,7;20,2;17,5;12,9;63;47;63;66;3,9;,9;
2024-03-06;2200;null;918,7;1013,5;919,6;918;16,2;26;21,5;21,5;27,6;19,1;21,5;16,8;12,8;100;63;100;78;19,1;1,9;
2024-03-06;2300;null;920,8;1015,8;920,8;918,7;0;23;21,4;21,4;22,1;20,5;21,8;20,4;12,8;100;95;100;249;9;4,3;
2024-03-07;0000;null;921,5;1017;921,5;920,8;,7;22;20,2;20,2;21,4;20,1;21,4;20,1;12,8;100;100;100;144;8,3;1,3;
2024-03-07;0100;null;922,2;1017,8;922,2;921,5;-,5;22;20,3;20,3;20,5;20,2;20,5;20,2;12,8;100;100;100;346;3,6;1,5;
2024-03-07;0200;null;922,3;1017,8;922,5;922,2;-1,5;22;20,5;20,5;20,5;20,3;20,5;20,3;12,7;100;100;100;114;3,3;,8;
2024-03-07;0300;null;921,1;1016,5;922,3;921,1;-2;22;20,3;20,3;20,5;20,2;20,5;20,2;12,7;100;100;100;136;3,5;1,1;
2024-03-07;0400;null;920,8;1016,1;921,1;920,4;-1,8;21;20,5;20,5;20,7;20,3;20,7;20,4;12,7;100;100;100;78;3,3;,7;
2024-03-07;0500;null;920,7;1016,1;920,9;920,7;-,7;21;20,4;20,4;20,9;20,4;20,9;20,4;12,7;100;100;100;157;2,9;1,5;
2024-03-07;0600;null;920,2;1015,5;920,7;920,2;-2;21;20,5;20,5;20,5;20,3;20,5;20,3;12,7;100;100;100;135;3;1,2;
2024-03-07;0700;null;920,2;1015,6;920,2;920,1;-2;21;20,1;20,1;20,5;20;20,5;20;12,7;100;100;100;118;4;1,8;
2024-03-07;0800;null;920,5;1016;920,5;920,2;-2,4;21;20;20;20,1;19,8;20,1;19,8;12,6;100;100;100;159;4;1,2;
2024-03-07;0900;null;921,1;1016,6;921,1;920,5;-2,6;21;20,2;20,2;20,3;20;20,3;20;12,6;100;100;100;110;4,6;1,3;
2024-03-07;1000;null;921,8;1016,9;921,8;921,1;205,3;21;21,4;21,2;21,4;20,1;21,2;20,1;13,1;100;98;99;112;3,7;1,7;
2024-03-07;1100;null;922,7;1017,5;922,7;921,8;1050,7;23;22,6;19,6;23,4;21,4;21,4;19,5;13,5;99;80;83;116;5,3;1,6;
2024-03-07;1200;null;923,1;1017,1;923,2;922,7;1980,9;25;25,3;20;25,8;22,6;20,5;19,6;13,7;84;70;73;102;5,3;1,8;
2024-03-07;1300;null;923,4;1016,9;923,4;923,1;2393,9;27;26,7;20,5;27,1;24,4;21,1;19,2;13,6;76;65;69;46;5,5;2,4;
2024-03-07;1400;null;923,4;1017;923,6;923,4;2956,5;29;26,6;19,5;27,8;26,1;21,1;19,4;13,8;70;63;65;50;6,4;2,6;
2024-03-07;1500;null;922,9;1015,7;923,4;922,9;2047,5;30;28,8;21,6;28,8;26,5;21,6;19,2;13,5;69;61;65;64;5;1,8;
2024-03-07;1600;null;921,7;1014,5;922,9;921,7;2914,6;31;28,5;18,9;29,8;27,9;21,4;18,9;13,2;65;55;56;83;5,5;1,6;
2024-03-07;1700;null;920,7;1013,2;921,7;920,7;2592,2;32;29,1;20,3;30,2;28,3;21,5;18,9;13,5;63;53;59;151;3,4;1,5;
2024-03-07;1800;null;920;1012,5;920,7;919,9;2414,1;32;28,7;20,1;30,8;28,6;21;19,1;13;63;52;60;63;3,5;1;
2024-03-07;1900;null;920,3;1014,8;920,5;920;185,4;28;22,9;19,9;28,7;22,6;21,4;19,6;13;91;59;83;204;10,1;2,1;
2024-03-07;2000;null;920,1;1014,7;920,3;919,4;218,1;25;22,5;22,4;22,9;21,4;22,4;19,9;13;100;83;100;154;4,7;,5;
2024-03-07;2100;null;920,4;1015,1;920,5;920,1;150,4;24;22,3;22,3;22,5;22,3;22,4;22,1;12,9;100;98;100;185;2,1;1,1;
2024-03-07;2200;null;920,7;1015,5;920,7;920,4;19,6;24;22,1;22,1;22,6;21,9;22,3;21,8;12,8;100;95;100;198;2,5;,5;
2024-03-07;2300;null;920,9;1015,8;920,9;920,6;-2,7;23;21,7;21,7;22,2;21,6;22,2;21,6;12,8;100;100;100;195;3,5;,8;
2024-03-08;0000;null;921,5;1016,7;921,5;920,7;-2,9;23;21;21;21,7;21;21,7;21;12,8;100;100;100;148;1,3;,7;
2024-03-08;0100;null;922,3;1017,6;922,4;921,5;-2,2;22;21,1;21,1;21,1;20,9;21,1;21;12,8;100;100;100;204;2,5;1,3;
2024-03-08;0200;null;922,3;1017,7;922,4;922,3;-2,5;22;20,8;20,8;21,2;20,8;21,2;20,8;12,7;100;100;100;146;2,5;,4;
2024-03-08;0300;null;922;1017,5;922,3;922;-3;22;20,4;20,4;20,8;20,4;20,8;20,4;12,7;100;100;100;121;1,8;,4;
2024-03-08;0400;null;921,5;1017,1;922;921,5;-2,6;21;20,1;20,1;20,5;20,1;20,5;20,1;12,7;100;100;100;162;2,2;1,3;
2024-03-08;0500;null;920,9;1016,4;921,5;920,9;-2,3;21;20,2;20,2;20,6;20,1;20,6;20,1;12,7;100;100;100;147;2,6;1,2;
2024-03-08;0600;null;920,3;1015,7;921;920,3;-2,4;21;20,2;20,2;20,4;20,1;20,4;20,1;12,7;100;100;100;154;2,3;1,2;
2024-03-08;0700;null;920;1015,2;920,3;919,9;-2,2;21;20,7;20,7;20,7;20,1;20,7;20,1;12,6;100;100;100;145;2,7;,7;
2024-03-08;0800;null;920,6;1015,7;920,6;920;-3,3;21;21,2;21,2;21,2;20,6;21,2;20,6;12,6;100;100;100;132;2,4;,9;
2024-03-08;0900;null;921,1;1016,3;921,1;920,6;-2,5;21;21,1;21,1;21,5;20,9;21,5;20,9;12,6;100;100;100;134;3,1;1,4;
2024-03-08;1000;null;921,8;1016,9;921,8;921,1;154,4;21;21,6;21,6;21,6;20,7;21,6;20,7;13;100;100;100;149;2,6;,5;
2024-03-08;1100;null;922,1;1016,4;922,1;921,8;939,4;23;24,1;20,6;24,1;21,6;22,5;20,6;13,5;100;81;81;101;4,6;1,9;
2024-03-08;1200;null;922,6;1016,4;922,6;922,1;1689;25;25,7;20,5;26,4;24,1;21,7;20,4;13,6;83;71;73;80;5,3;1,8;
2024-03-08;1300;null;923;1016,4;923;922,6;2046,4;28;26,9;20,6;27,3;25,3;21,6;20;13,7;77;67;69;79;4,8;1,6;
2024-03-08;1400;null;922,6;1015,8;923;922,6;2185,7;29;27,6;21,2;28;26,5;22;20,2;13,8;72;65;68;49;5,8;2,6;
2024-03-08;1500;null;921,7;1014,5;922,6;921,7;2900;31;28,6;21,2;29,4;27,6;21,9;20;13,6;69;58;64;84;5,8;1,6;
2024-03-08;1600;null;921,2;1015,7;921,7;921,2;1075,4;29;23,2;19,5;29,6;23;21,3;17,7;13,1;80;57;80;293;8,1;2,4;
2024-03-08;1700;null;920,2;1014;921,2;920,2;571,4;27;24,8;20;24,8;23,2;20,2;19,3;13,1;80;73;75;276;4,5;1;
2024-03-08;1800;null;919,8;1013,3;920,2;919,8;836,5;27;25,7;20,2;25,7;24,2;20,8;19,7;13,6;80;70;72;270;3,2;1,7;
2024-03-08;1900;null;918,8;1012;919,8;918,7;1415,5;29;26,3;20,2;28,1;25,7;21,1;19,3;13,1;72;60;69;9;4,1;,6;
2024-03-08;2000;null;918,8;1011,9;918,9;918,5;660,7;29;26,6;21,1;26,8;26,3;21,3;20,3;13;73;69;72;87;2,3;,6;
2024-03-08;2100;null;919,2;1012,8;919,2;918,6;180,5;28;25,1;21,4;26,6;25,1;21,4;20,3;12,9;80;71;80;136;2,4;,9;
2024-03-08;2200;null;919,2;1013,4;919,4;919,2;6,7;26;23,5;21,9;25,1;23,5;21,9;21;12,8;91;79;91;102;1,9;,5;
2024-03-08;2300;null;919,9;1014,4;919,9;919,2;-3,5;25;22,7;22,5;23,5;22,7;22,5;20,9;12,8;98;86;98;228;1,5;,4;
2024-03-09;0000;null;920,5;1015,2;920,5;919,9;-3,3;24;22,2;22,2;22,8;22,2;22,5;22,1;12,8;100;98;100;166;1,6;,7;
2024-03-09;0100;null;921;1015,9;921;920,5;-2,7;23;21,9;21,9;22,2;21,9;22,2;21,9;12,8;100;100;100;156;2;,9;
2024-03-09;0200;null;921;1015,9;921,2;921;-1,6;23;21,9;21,9;22,1;21,9;22,1;21,9;12,8;100;100;100;133;2,1;,8;
2024-03-09;0300;null;920,8;1015,6;921;920,7;-2;23;22;21,9;22,6;21,9;22,4;21,9;12,7;100;97;99;159;2,6;1,1;
2024-03-09;0400;null;920,4;1015,2;920,8;920,4;-2;23;22,1;22,1;22,2;21,8;22,1;21,8;12,7;100;99;100;173;2,1;1,1;
2024-03-09;0500;null;919,6;1014,3;920,4;919,6;-2,4;23;22;21,8;22,4;22;22,1;21,8;12,7;100;97;99;151;2,1;1,3;
2024-03-09;0600;null;919,1;1013,7;919,6;919,1;-3,4;23;22,1;21,6;22,1;21,9;21,8;21,6;12,7;99;97;97;155;2,8;1,5;
2024-03-09;0700;null;919,2;1013,9;919,2;919,1;-3,2;23;22;21,5;22,4;22;21,7;21,5;12,7;97;96;97;149;2,9;1,1;
2024-03-09;0800;null;919;1013,7;919,2;919;-3,5;23;22;21,5;22,1;21,8;21,6;21,5;12,6;98;97;97;151;2,8;1,6;
2024-03-09;0900;null;919,5;1014,3;919,5;919;-3,4;23;21,8;21,4;22;21,8;21,6;21,4;12,6;98;97;98;156;2,8;1,5;
2024-03-09;1000;null;920;1014,7;920;919,5;97,5;23;22,3;21,8;22,3;21,8;21,9;21,5;12,9;98;97;97;144;2,6;,8;
2024-03-09;1100;null;920,5;1014,9;920,5;920;339,1;23;23,3;22,4;23,3;22,3;22,4;21,7;13,1;97;92;94;152;2,7;1,2;
2024-03-09;1200;null;920,9;1014,2;921,1;920,5;1127,2;25;26,8;20,8;26,8;23,3;22,4;20,3;13,9;95;70;70;227;2,8;,9;
2024-03-09;1300;null;920,9;1014;921;920,8;2674,1;29;27,3;19,9;28,1;26,4;21,6;19,2;13,6;73;61;64;314;4,4;1,7;
2024-03-09;1400;null;920,6;1013,6;921;920,6;1927;30;27,5;20;28;26,5;20,7;19,2;13,5;67;60;64;291;4,4;1,6;
2024-03-09;1500;null;919,8;1012,1;920,6;919,7;3468;31;29,5;20,3;30;27,4;21,5;19,3;13,5;67;56;58;296;7,9;2,6;
2024-03-09;1600;null;918,8;1010,8;919,8;918,8;3129,9;33;29,9;20,2;30,9;29,3;21,2;19,3;13,6;59;53;56;294;7,9;1,9;
2024-03-09;1700;null;918,1;1010,5;918,8;918,1;1688,8;32;28,7;21,2;30,2;28;21,3;19,9;13,5;65;55;64;null;6,4;null;
2024-03-09;1800;null;917,1;1009,3;918,1;917,1;2478,4;31;28,8;21,6;28,8;24,8;23;19,1;13,6;85;62;65;357;9,7;1,9;
2024-03-09;1900;null;916,6;1008,7;917,1;916,6;1709,1;32;29;20,9;30,5;28,5;22,7;20,5;13,1;69;57;62;344;4,2;1,9;
2024-03-09;2000;null;917,1;1010,1;917,1;916,5;376,4;31;26,5;22,1;29;26,5;22,5;20,5;13;78;61;77;156;3,7;,6;
2024-03-09;2100;null;919,2;1014;919,2;917,1;84,2;28;21,5;18,9;26,5;21,5;22,1;18,8;12,8;85;73;85;352;9,2;2,5;
2024-03-09;2200;null;919,5;1014,6;919,8;919;1;24;20,7;20,7;21,9;20,7;21,1;19,4;12,8;100;85;100;151;10,4;1,5;
2024-03-09;2300;null;920,5;1015,7;920,5;919,4;-,5;23;20,7;20,7;21,1;20,6;21,1;20,6;12,8;100;100;100;46;7,5;,6;
2024-03-10;0000;null;921,4;1016,7;921,9;920,5;-,2;22;20,9;20,9;21,3;20,7;21,3;20,7;12,8;100;100;100;334;5,8;,7;
2024-03-10;0100;null;921,1;1016,3;921,6;921,1;-,4;22;21;21;21,1;20,9;21,1;20,9;12,7;100;100;100;91;3,2;1,1;
2024-03-10;0200;null;920,7;1016;921,2;920,7;-1,1;22;20,6;20,6;21;20,6;21;20,6;12,7;100;100;100;305;4,2;1,8;
2024-03-10;0300;null;919,7;1015;920,7;919,7;-1,7;22;20,4;20,4;20,7;20,4;20,7;20,4;12,7;100;100;100;254;4,2;,8;
2024-03-10;0400;null;919,7;1015;919,7;919,5;-1,4;22;20,4;20,4;20,5;20,4;20,5;20,4;12,7;100;100;100;146;1,4;,5;
2024-03-10;0500;null;919,1;1014,4;919,8;919,1;-2,1;21;20,2;20,2;20,4;20,2;20,4;20,2;12,7;100;100;100;163;1,5;,5;
2024-03-10;0600;null;918,5;1013,7;919,1;918,5;-2,3;21;20,1;20,1;20,2;20,1;20,2;20,1;12,7;100;100;100;147;1,6;1;
2024-03-10;0700;null;918,2;1013,4;918,5;918;-2,1;21;20,1;20,1;20,1;19,9;20,1;19,9;12,6;100;100;100;167;2,1;,9;
2024-03-10;0800;null;918,9;1014,3;918,9;918,2;-2,4;21;19,8;19,8;20,3;19,8;20,3;19,8;12,6;100;100;100;76;2;,7;
2024-03-10;0900;null;919,1;1014,6;919,2;918,9;-2,7;21;19,6;19,6;19,9;19,6;19,9;19,6;12,6;100;100;100;293;1,2;,5;
2024-03-10;1000;null;919,8;1015;919,8;919,1;159,1;21;20,6;20,6;20,7;19,6;20,7;19,6;13,1;100;100;100;270;1,4;,4;
2024-03-10;1100;null;920,3;1014,9;920,3;919,8;847,9;22;22,6;22,4;22,8;20,6;22,8;20,7;13,5;100;97;99;311;3,6;1,8;
2024-03-10;1200;null;920,8;1015,6;920,8;920,3;794,4;23;22,2;21,4;23;22,1;22,4;20,9;13,5;99;89;95;296;5,5;2,7;
2024-03-10;1300;null;921;1015,5;921;920,8;783,1;24;23,1;22,3;23,1;21,9;22,3;20,4;13,6;98;88;95;270;6,3;3;
2024-03-10;1400;null;921,2;1015,7;921,3;921;730,8;24;23,2;21,5;23,2;22,4;22,3;20,3;13,5;97;85;90;276;5,7;2,4;
2024-03-10;1500;null;920,9;1014,8;921,3;920,9;1099;25;24,8;21,5;24,8;23,2;22;20,4;13,8;92;79;82;251;4,8;2,3;
2024-03-10;1600;null;920,4;1014,1;920,9;920,4;807,9;26;25,4;21,3;25,4;24,3;21,6;20,2;13,6;82;77;78;236;3,5;1,8;
2024-03-10;1700;null;919,2;1012,6;920,4;919,1;1671;27;25,8;20,6;26,4;25,3;21,4;20,3;13,4;78;72;73;211;4,4;2,6;
2024-03-10;1800;null;918,6;1011,9;919,2;918,6;1425;28;25,8;21;26,1;25,2;21,4;20,4;13,3;77;72;75;196;5,1;2,2;
2024-03-10;1900;null;918,2;1011,2;918,6;918,1;1367;28;26,7;20,9;27;25,8;21,1;20,1;13,2;75;68;71;212;3,8;2,5;
2024-03-10;2000;null;917,6;1010,4;918,2;917,6;1380,3;29;27,1;20,3;27,6;26,2;21,1;19,8;13,2;71;65;66;198;4,3;1,5;
2024-03-10;2100;null;918,5;1012;918,5;917,5;500,2;29;25,2;21,2;27,8;25,2;21,2;19,8;13;78;64;78;193;2,7;1,1;
2024-03-10;2200;null;919,1;1013,4;919,1;918,5;20,7;26;23;22,3;25,2;23;22,4;20,9;12,8;96;78;96;129;2,2;,7;
2024-03-10;2300;null;919,2;1013,8;919,3;919,1;-3,5;24;22,3;22,3;23,1;22,2;22,9;22,2;12,8;100;96;100;159;1,9;1,3;
2024-03-11;0000;null;919,8;1014,6;919,8;919,2;-3,4;23;21,7;21,7;22,4;21,6;22,4;21,6;12,8;100;100;100;298;1,9;1;
2024-03-11;0100;null;920;1015,1;920,2;919,8;-3,1;23;20,9;20,9;21,8;20,9;21,8;20,9;12,8;100;100;100;132;2;,7;
2024-03-11;0200;null;919,9;1015,1;920,1;919,8;-2,9;22;20,8;20,8;21,2;20,5;21,2;20,5;12,8;100;100;100;230;1,4;,6;
2024-03-11;0300;null;920;1015,3;920;919,8;-3;22;20,5;20,5;20,9;20,1;20,9;20,1;12,7;100;100;100;209;2,4;1,6;
2024-03-11;0400;null;919,8;1015,2;920;919,7;-3,2;21;20,1;20,1;20,6;20;20,6;20;12,7;100;100;100;170;2,4;,6;
2024-03-11;0500;null;919,5;1014,7;919,8;919,5;-,7;21;20,4;20,4;20,4;20;20,4;20;12,7;100;100;100;76;1,1;,6;
2024-03-11;0600;null;919,6;1014,9;919,6;919,5;-1,3;21;20,3;20,3;20,6;20;20,6;20;12,7;100;100;100;266;2;1,3;
2024-03-11;0700;null;919,6;1014,7;919,6;919,4;-,3;21;20,8;20,8;20,8;20,2;20,8;20,2;12,7;100;100;100;114;1,9;,3;
2024-03-11;0800;null;919,7;1014,8;919,8;919,5;-,3;22;20,9;20,9;21;20,6;21;20,6;12,6;100;100;100;51;1,6;,9;
2024-03-11;0900;null;919,8;1014,9;919,8;919,7;-1,2;22;20,9;20,9;20,9;20,7;20,9;20,7;12,6;100;100;100;137;2,1;1,1;
2024-03-11;1000;null;920,7;1015,6;920,7;919,8;150;22;21,9;21,9;21,9;20,7;21,9;20,7;12,9;100;100;100;167;2,8;,7;
2024-03-11;1100;null;921,4;1015,9;921,4;920,7;480,8;23;23,3;20,9;23,3;21,9;22,7;20,9;13,2;100;86;86;123;3,4;1,2;
2024-03-11;1200;null;921,7;1015,9;921,8;921,4;693,1;24;24,3;20,4;24,4;23,3;21,2;20,1;13,6;88;78;79;115;3,7;1,3;
2024-03-11;1300;null;921,7;1015,3;921,9;921,7;1568,5;26;25,9;20,2;26,7;24,3;21,5;20,2;13,6;80;69;71;102;4,8;2,2;
2024-03-11;1400;null;921,7;1014,8;921,7;921,6;2302,3;29;27,6;20,5;28;25,8;21,3;20;13,6;74;62;65;94;5,5;1,6;
2024-03-11;1500;null;920,9;1013,7;921,7;920,9;2154,9;30;28,3;20;29;27,1;21,4;19,6;13,5;68;58;61;118;3,7;1,5;
2024-03-11;1600;null;920;1011,9;920,9;920;3857,1;32;30,6;20,1;30,9;28,2;21,2;18,8;13,5;64;51;54;10;4,5;1,3;
2024-03-11;1700;null;919,4;1011,3;920;919,4;2891,5;33;30,4;19,3;31,3;29,5;20,2;18,5;13,5;57;48;51;145;7;1,2;
2024-03-11;1800;null;918,8;1010,7;919,4;918,8;2581,1;34;30,5;19,3;31,7;30,3;19,5;17,3;13,2;52;44;51;162;3,5;,9;
2024-03-11;1900;null;918,2;1009,8;918,8;918,2;1672,7;34;31,2;19,8;31,9;29,5;20,5;18,6;13,4;57;46;51;null;null;null;
2024-03-11;2000;null;918,2;1011;918,3;918,1;518,9;32;27,3;19,7;31,3;27,3;20,2;18,8;13;64;48;63;193;6,3;2,9;
2024-03-11;2100;null;918,6;1011,6;918,7;918,1;376;30;26,9;21,4;27,5;26,9;21,4;19,6;13;72;63;72;82;4,8;,8;
2024-03-11;2200;null;919,1;1012,9;919,1;918,6;29,3;28;24,6;20,8;26,9;24,6;21,9;20,8;12,8;83;72;79;165;2;,9;
2024-03-11;2300;null;919,5;1013,8;919,5;919,1;-3,5;26;23,3;22,4;24,8;23,3;22,4;20,2;12,8;95;77;94;67;2,3;1,1;
2024-03-12;0000;null;920,5;1015;920,5;919,5;-3,5;25;22,8;21,6;23,6;22,6;22,5;20;12,8;95;82;93;12;2,1;1,2;
2024-03-12;0100;null;921;1015,8;921,1;920,5;-3,5;24;22,3;19,8;23,2;22,3;21,9;19,7;12,8;96;82;86;132;2,3;,7;
2024-03-12;0200;null;920,8;1015,8;921,1;920,8;-3,5;23;21,5;20,6;22,7;21,3;21,3;19,6;12,8;96;83;94;50;2;1;
2024-03-12;0300;null;920,8;1015,9;921;920,8;-3,5;22;21,2;20,5;22,2;21;20,8;19;12,7;96;83;96;143;2,2;,6;
2024-03-12;0400;null;920,8;1016;920,8;920,7;-3,3;22;20,9;20,4;22;20,9;20,6;18,6;12,7;97;82;97;81;2,4;,8;
2024-03-12;0500;null;920,6;1016;920,8;920,6;-2;22;20,4;20,4;21,3;20,4;21;20,4;12,7;100;97;100;140;1,3;,8;
2024-03-12;0600;null;920,6;1016;920,6;920,4;-3,1;22;20,4;20;21,3;20,3;20,9;20;12,7;100;95;97;117;2,6;,9;
2024-03-12;0700;null;920,3;1015,3;920,6;920,3;-3,5;22;21,4;20,9;21,7;20,3;20,9;20;12,7;99;95;97;141;3,6;1,3;
2024-03-12;0800;null;920,6;1015,7;920,6;920,3;-3,5;22;21,1;21;21,6;21;21,1;20,8;12,6;99;96;99;138;3,1;,7;
2024-03-12;0900;null;920,8;1015,9;920,8;920,5;-3,2;21;21,3;20,8;21,6;20,5;21,3;20,4;12,6;100;96;97;82;2,6;1,2;
2024-03-12;1000;null;921,2;1015,9;921,2;920,8;142,9;22;22,4;19,5;22,4;21,3;21,2;19,5;12,9;97;84;84;95;4,3;1,7;
2024-03-12;1100;null;921,9;1016;921,9;921,1;915,2;24;24,4;19,5;24,4;22,4;19,9;19,3;13,5;85;73;74;102;5,4;2,2;
2024-03-12;1200;null;922,1;1015,4;922,1;921,9;1799,5;26;27;20,4;27;24,4;20,4;19,3;13,8;76;65;67;92;5,8;2,2;
2024-03-12;1300;null;922,2;1015,2;922,3;922,1;2566,9;28;28,1;20;28,1;27;20,6;19,4;13,6;67;61;62;80;7;2,3;
2024-03-12;1400;null;922;1014,5;922,2;922;3135,4;30;29,6;20,6;29,7;27,7;21,1;19,5;13,5;64;57;58;57;6,4;2;
2024-03-12;1500;null;921,7;1013,8;922;921,7;3527,6;32;30,5;20,3;30,8;29,1;21,2;19,2;13,5;60;52;54;82;5,9;2;
2024-03-12;1600;null;920,8;1012,6;921,7;920,8;2632,2;32;31,2;20,2;31,2;29,4;21,1;19;13,5;58;51;52;25;4,4;1,7;
2024-03-12;1700;null;919,7;1011,4;920,8;919,7;3069,4;34;31,3;19,3;31,9;29,6;21,2;18,8;13,5;57;48;49;62;4,1;1,9;
2024-03-12;1800;null;919;1010,4;919,7;919;2997;35;32,1;19,8;32,5;31,1;20,5;18,4;13,4;53;44;48;357;4,6;1,7;
2024-03-12;1900;null;918,5;1009,9;919;918,5;2391,5;35;32;18,3;33;31,8;20,5;17,9;13,5;49;42;44;139;3,6;1,1;
2024-03-12;2000;null;918,1;1009,3;918,5;918,1;1408,2;35;32,3;18,8;32,8;31,7;19,6;17,3;13,1;48;41;45;94;2,8;,8;
2024-03-12;2100;null;918,2;1010,6;918,3;918;378,5;34;28,7;20,5;32,3;28,7;20,5;18;12,9;61;44;61;140;2,4;1,3;
2024-03-12;2200;null;918,7;1011,8;918,7;918,2;7,8;30;26,6;21,1;28,7;26,6;21,2;20,3;12,8;72;61;72;160;2,4;1,3;
2024-03-12;2300;null;919,2;1012,9;919,2;918,6;-3,5;28;25;21;26,6;24,4;21,5;20,5;12,8;83;70;79;152;2,7;,8;
2024-03-13;0000;null;920;1014,1;920;919,2;-2,3;26;24,1;21,5;25,1;23,9;23,2;20,7;12,8;94;77;86;281;2,4;,8;
2024-03-13;0100;null;920,5;1015,1;920,6;920;-3,4;25;22,7;22,5;24,3;22,7;23,1;21,6;12,8;99;86;99;149;2;1;
2024-03-13;0200;null;920,8;1015,5;920,8;920,5;-3,5;24;22,3;22,1;22,8;22,2;22,7;22,1;12,8;100;98;98;147;2,2;1,5;
2024-03-13;0300;null;920,6;1015,5;920,9;920,6;-3,5;23;21,7;21,7;22,4;21,5;22,2;21,5;12,7;100;98;100;153;2,3;1,6;
2024-03-13;0400;null;920,5;1015,6;920,7;920,5;-3,4;23;21,2;21,2;21,9;21,1;21,8;21,1;12,7;100;99;100;146;2,3;1,3;
2024-03-13;0500;null;920,2;1015,5;920,6;920,2;-3,2;22;20,5;20,5;21,4;20,5;21,4;20,5;12,7;100;100;100;169;2,5;,8;
2024-03-13;0600;null;919,8;1015;920,2;919,8;-3,1;22;20,6;20,6;20,7;20,4;20,7;20,4;12,7;100;100;100;160;3;1,7;
2024-03-13;0700;null;919,9;1015,2;920;919,8;-2,8;22;20,5;20,5;20,8;20,3;20,8;20,3;12,7;100;100;100;153;3;,9;
2024-03-13;0800;null;920,1;1015,4;920,1;919,9;-3,5;21;20,3;20,3;20,7;20;20,7;20;12,6;100;100;100;111;2,9;,9;
2024-03-13;0900;null;920,8;1016,4;920,8;920,1;-2,8;21;19,9;19,9;20,3;19,6;20,3;19,7;12,6;100;100;100;164;2,4;1,1;
2024-03-13;1000;null;921,4;1016,6;921,4;920,8;137;21;21,1;21,1;21,1;19,9;21,1;19,9;12,9;100;100;100;149;2,5;,7;
2024-03-13;1100;null;922;1016,4;922;921,4;927,9;23;23,8;20,7;23,8;21,1;21,9;20,3;13,6;100;82;83;132;3,1;1,8;
2024-03-13;1200;null;922,6;1016,1;922,7;922;1850,7;26;26,5;21,3;26,5;23,8;21,6;20,4;13,8;84;71;73;45;5,9;2,9;
2024-03-13;1300;null;922,4;1015,3;922,6;922,3;2592,5;28;28,5;21,4;28,5;26,5;21,7;20,4;13,7;73;64;66;46;6,9;2,9;
2024-03-13;1400;null;922,1;1014,5;922,3;922,1;3141,1;30;29,7;21,3;29,7;28,3;21,3;20,3;13,5;66;59;61;39;6,7;3,2;
2024-03-13;1500;null;921,4;1013,5;922,1;921,4;3386,1;32;30,6;20,7;31;28,7;21,9;19,5;13,5;64;53;56;46;6,9;2,5;
2024-03-13;1600;null;920,6;1012,4;921,4;920,6;3369,4;33;31,1;20,9;31,3;29,6;21,4;19,6;13,5;59;52;55;64;6,5;2,3;
2024-03-13;1700;null;919,5;1011,1;920,6;919,5;3344,4;34;31,5;19,7;32,2;30,5;21,2;19,5;13,5;55;48;50;92;5,2;1,7;
2024-03-13;1800;null;918,8;1010,1;919,5;918,8;3028,4;35;32,3;19,7;32,8;31,5;20,8;18,3;13,4;52;43;47;46;5;1,6;
2024-03-13;1900;null;918,3;1009,6;918,8;918,3;2210,4;35;32;17,5;32,7;31,7;20,6;17,4;13,5;51;42;42;111;3,8;1,4;
2024-03-13;2000;null;918,1;1009,6;918,3;918;1338,9;35;31,3;18,1;32,1;31,3;19;16,4;13,1;47;39;45;66;3,3;,9;
2024-03-13;2100;null;918,4;1010,9;918,4;918;418,2;34;28,4;19,9;31,8;28,4;20,2;18;12,9;61;45;60;144;2,9;,6;
2024-03-13;2200;null;918,8;1012,3;918,8;918,4;5,4;30;25,4;20,2;28,3;25,2;20,6;19,7;12,8;75;60;73;162;2;1,1;
2024-03-13;2300;null;919,7;1013,7;919,7;918,7;-3,5;27;24,1;19,8;25,8;23,9;20,2;19,6;12,8;77;68;77;145;2,5;,7;
2024-03-14;0000;null;920,6;1015,1;920,6;919,7;-3,5;25;22,8;20,7;24,1;22,8;20,7;19,8;12,8;88;77;88;155;2,5;1,3;
2024-03-14;0100;null;921;1015,8;921,1;920,6;-3,5;24;22,2;21,7;23;21,8;21,8;20,8;12,8;98;88;97;161;2,6;1,5;
2024-03-14;0200;null;920,7;1015,5;921;920,5;-3,5;23;22;21,5;22,2;21,3;21,7;21,1;12,8;99;96;97;155;2,6;1,3;
2024-03-14;0300;null;920,7;1015,9;920,9;920,7;-3,5;23;20,8;20,7;22,9;20,6;21,5;19,3;12,7;99;83;99;141;2,3;1,1;
2024-03-14;0400;null;920,4;1015,6;920,7;920,3;-3,5;22;20,7;20,7;21,6;20,5;21,2;20,5;12,7;100;97;100;154;2,5;1,1;
2024-03-14;0500;null;920;1015,5;920,4;920;-3,5;21;19,7;19,7;20,8;19,4;20,7;19,4;12,7;100;99;100;137;1,8;,5;
2024-03-14;0600;null;919,8;1015,4;920,1;919,7;-3,2;21;19,4;19,4;19,8;19,3;19,8;19,3;12,7;100;100;100;290;3;1,5;
2024-03-14;0700;null;919,8;1015,6;919,9;919,7;-3,4;20;18,8;18,8;19,7;18,8;19,7;18,8;12,6;100;100;100;145;3;1,2;
2024-03-14;0800;null;920,1;1016,1;920,1;919,8;-3,4;20;18,5;18,5;18,9;18,5;18,9;18,5;12,6;100;100;100;176;2,1;,9;
2024-03-14;0900;null;920,4;1016,5;920,4;920,1;-2,5;20;18,1;18,1;18,6;18,1;18,6;18,1;12,6;100;100;100;182;2,1;,9;
2024-03-14;1000;null;921;1016,7;921;920,4;147,8;19;19,4;19,4;19,4;18,1;19,4;18,1;12,9;100;100;100;145;1,6;,9;
2024-03-14;1100;null;921,5;1015,6;921,5;921;927,3;21;24,4;19,5;24,4;19,4;20,4;18,4;13,6;100;73;74;124;1,8;,5;
2024-03-14;1200;null;921,7;1015,1;921,7;921,3;1827,1;25;26,6;20,4;26,6;24;20,4;18,3;13,7;74;66;69;172;2,2;1,1;
2024-03-14;1300;null;921,8;1014,6;921,8;921,7;2507,9;28;28,4;19,9;29,8;26,6;21,5;19,7;13,5;69;57;60;82;3;1,3;
2024-03-14;1400;null;921,8;1014,1;921,9;921,8;2284,2;30;30;20,3;30,3;28,1;21,6;19,8;13,5;64;56;56;null;6,1;null;
2024-03-14;1500;null;921,3;1012,9;921,8;921,3;3216,5;32;32;19;32;29,3;20,8;18,3;13,5;58;46;46;360;null;1,2;
2024-03-14;1600;null;920,5;1012,6;921,3;920,5;2898,7;34;30,2;17,8;32,6;29,9;20,2;17,4;13,4;53;43;48;131;4,3;1,3;
2024-03-14;1700;null;919,4;1010,7;920,5;919,4;2121,4;33;32,3;15,9;32,4;30,2;18,8;15,7;13,5;50;37;37;53;3,2;1,3;
2024-03-14;1800;null;918,5;1010,1;919,4;918,5;2863;35;31,2;16,2;33,1;31,2;17,8;14,8;13;41;34;41;162;4,1;1,8;
2024-03-14;1900;null;918,2;1009,2;918,5;918,1;2133,9;35;33;15,2;33;30,9;16,5;14,3;13,5;42;33;34;65;4,1;1,3;
2024-03-14;2000;null;917,8;1008,9;918,2;917,8;1455,5;35;32,6;14,3;33,2;32,3;16,3;14;13,1;38;32;33;106;3,4;,6;
2024-03-14;2100;null;918,1;1010,1;918,1;917,7;564;34;29,9;18;32,7;29,6;19,2;14,2;12,9;54;33;49;57;1,4;,5;
2024-03-14;2200;null;918,5;1012,4;918,5;918,1;14,2;30;24,2;19,2;29,9;24,2;20,3;18,3;12,8;74;49;74;146;1,6;,8;
2024-03-14;2300;null;918,7;1013,1;918,7;918,5;-3,5;26;22,7;18,7;24,2;22,4;19,3;18,6;12,8;81;73;78;150;1,9;1,2;
2024-03-15;0000;null;918,8;1013,6;918,8;918,7;-3,5;24;21,5;18,5;22,7;21,5;18,7;18,3;12,8;83;78;83;144;2,3;,9;
2024-03-15;0100;null;919,5;1014,6;919,5;918,8;-3,5;23;20,8;19,7;21,5;20,7;19,7;18,3;12,8;93;83;93;149;2,4;1;
2024-03-15;0200;null;919,3;1014,5;919,5;919,3;-3,5;22;20,5;19,8;20,8;20,3;20,1;19,7;12,8;98;93;96;160;2,1;1,1;
2024-03-15;0300;null;919,3;1014,7;919,4;919,2;-3,5;22;19,9;19,7;20,6;19,9;20;19,6;12,7;99;96;99;157;2,5;1,1;
2024-03-15;0400;null;918,9;1014,3;919,3;918,9;-3,3;21;19,7;19,6;20,2;19,5;20;19,3;12,7;100;98;100;164;2,3;1;
2024-03-15;0500;null;918,4;1013,9;918,9;918,4;-3,4;21;19,3;19,3;19,7;19,3;19,6;19,3;12,7;100;99;100;165;2,4;1;
2024-03-15;0600;null;918,1;1013,6;918,4;918;-3,4;20;19,3;19,3;19,5;19;19,5;19;12,7;100;100;100;175;1,9;,9;
2024-03-15;0700;null;918,4;1014;918,4;918;-3;20;19;19;19,3;19;19,3;19;12,6;100;100;100;152;2,4;1,2;
2024-03-15;0800;null;919,1;1014,8;919,1;918,4;-3,2;20;19;19;19,1;18,7;19,1;18,7;12,6;100;100;100;157;2,1;1,6;
2024-03-15;0900;null;919,3;1015;919,3;919,1;-2,5;20;18,9;18,9;19,2;18,6;19,2;18,6;12,6;100;100;100;146;2,1;1,4;
2024-03-15;1000;null;919,6;1015;919,7;919,3;136,2;20;19,9;19,9;19,9;18,5;19,9;18,5;12,9;100;100;100;155;2,4;1,1;
2024-03-15;1100;null;920,2;1014,2;920,2;919,6;745,5;22;24,4;19,9;24,4;19,8;21,3;19,8;13,5;100;76;76;144;2,7;1,2;
2024-03-15;1200;null;920,5;1013,1;920,5;920,2;1776,1;26;28,6;20,9;28,6;24,3;21,2;19,8;13,7;77;61;63;99;3,1;1,4;
2024-03-15;1300;null;920,6;1013,2;920,6;920,4;2076,2;29;28,6;19;30,2;28;21,3;19;13,2;64;55;56;11;3,6;1,5;
2024-03-15;1400;null;920,1;1012,1;920,6;920;2829;31;30,3;18,8;31,5;28,3;20,2;17,5;13,3;57;43;50;327;5,3;1,9;
2024-03-15;1500;null;919,2;1010,6;920,1;919,2;2613;32;32;19,4;32,1;29,2;20,8;18,5;13,5;55;46;48;335;5,4;2,1;
2024-03-15;1600;null;918,4;1009,5;919,2;918,4;3065;34;32,8;18;33;30,4;20,5;18;13,4;51;41;42;304;6,2;2,5;
2024-03-15;1700;null;917,6;1008,6;918,4;917,6;3315;35;32,7;18,5;33,2;31,3;19,8;17;13,4;48;40;43;311;6,6;2,8;
2024-03-15;1800;null;917,4;1009,5;917,6;917,3;2886;35;29,3;19;33,1;29,3;20,6;17,5;13,1;54;41;54;81;6,6;1,9;
2024-03-15;1900;null;916,9;1008,2;917,5;916,9;1692;33;31,7;18,3;31,7;27,3;20,3;18,2;13,5;63;45;45;291;5;,9;
2024-03-15;2000;null;916,4;1007,8;916,9;916,4;1129,3;34;31,2;18;32;30,3;19,6;17,6;13;53;44;45;83;2,6;,6;
2024-03-15;2100;null;916,5;1008,6;916,5;916,4;516,4;33;28,9;20,1;31,3;28,9;20,2;18,1;12,9;59;45;59;135;1,8;,7;
2024-03-15;2200;null;916,8;1010,3;916,8;916,5;13,1;30;24,9;20,3;28,9;24,9;20,9;19,9;12,8;76;59;76;149;1,5;,7;
2024-03-15;2300;null;917,4;1011,5;917,4;916,8;-3,5;27;23,2;22,5;24,9;23,2;22,6;20;12,8;96;76;96;184;2,1;,6;
2024-03-16;0000;null;918;1012,5;918;917,3;-3,5;25;22,1;21,8;23,3;22,1;22,6;21,8;12,8;99;95;98;177;2;,9;
2024-03-16;0100;null;918,4;1013,2;918,4;917,9;-3,5;24;21,4;21,4;22,1;21,2;21,9;21,2;12,8;100;98;100;166;1,7;1;
2024-03-16;0200;null;918,4;1013,3;918,7;918,4;-3,5;23;21;21;21,6;20,7;21,5;20,7;12,8;100;99;100;162;1,9;1,1;
2024-03-16;0300;null;918,3;1013,4;918,5;918,3;-3,4;22;20,4;20,4;21;20,3;20,9;20,3;12,7;100;100;100;164;1,9;1;
2024-03-16;0400;null;917,8;1013;918,3;917,8;-3,3;21;19,9;19,9;20,4;19,9;20,4;19,9;12,7;100;100;100;180;2,1;,9;
2024-03-16;0500;null;917,5;1012,7;917,8;917,4;-3,3;21;20;20;20,1;19,5;20,1;19,5;12,7;100;100;100;155;1,9;1;
2024-03-16;0600;null;916,8;1012,1;917,5;916,8;-3,1;21;19,5;19,5;20,1;19,3;20,1;19,3;12,7;100;100;100;147;2,1;,9;
2024-03-16;0700;null;916,5;1011,8;916,8;916,4;-3,4;21;19,3;19,3;19,8;19,3;19,7;19,3;12,6;100;100;100;155;2,2;1,3;
2024-03-16;0800;null;916,6;1011,9;916,6;916,4;-3,5;20;19,4;19,4;19,5;19,1;19,5;19,1;12,6;100;100;100;150;2,6;2;
2024-03-16;0900;null;917,2;1012,5;917,2;916,5;-3;20;19,5;19,5;19,8;19,2;19,8;19,2;12,6;100;100;100;150;2,8;1,7;
2024-03-16;1000;null;917,5;1012,6;917,5;917,2;122;20;20,2;20,2;20,2;18,9;20,2;18,9;12,9;100;100;100;174;2,8;,9;
2024-03-16;1100;null;918,2;1012;918,2;917,5;878,6;22;24,2;20,4;24,2;20,3;21;19,7;13,5;100;78;79;156;1,8;,9;
2024-03-16;1200;null;918,6;1011,5;918,6;918,2;1590;26;27,3;20,6;27,4;24,2;21,3;20,2;13,7;80;66;67;146;2,5;1;
2024-03-16;1300;null;918,8;1010,6;918,8;918,6;2520,9;29;30,6;19;30,6;27,2;21,4;18,9;13,5;68;50;50;329;null;1,7;
2024-03-16;1400;null;918,5;1009,9;918,8;918,5;3172,7;32;31,8;18,3;31,9;30,5;19,9;17,5;13,5;52;43;45;322;6,4;2,5;
2024-03-16;1500;null;918,1;1009,9;918,5;918,1;2037,4;33;30,4;18,6;32,5;30;19;16,5;13,3;49;39;49;26;6,4;2,1;
2024-03-16;1600;null;917,7;1010,4;918,1;917,7;1113,3;32;27,6;19,3;30,3;27,5;20,1;18,5;13,2;62;49;61;120;5;1,3;
2024-03-16;1700;null;917,1;1010,9;917,7;917,1;834,4;30;23,9;19;28,6;23,9;20,2;18,4;13,1;75;55;74;311;10,7;2,7;
2024-03-16;1800;null;916,2;1010;917,3;916,2;374,7;26;23,7;18,9;23,9;22,8;19,7;18,7;13;81;74;74;252;9;3,1;
2024-03-16;1900;null;915,8;1009,4;916,6;915,8;460,4;26;24,3;19,9;24,6;23,1;20;18,8;13,1;81;73;76;123;5,5;1,1;
2024-03-16;2000;null;915,6;1008,4;915,8;915,5;1065;27;26,7;19,7;27,1;24,3;20,4;19,3;13,1;76;63;65;118;3,1;1,3;
2024-03-16;2100;null;916,4;1009,6;916,4;915,6;429,8;28;25,6;20,8;28;25,6;20,8;19;12,9;75;60;75;299;4,3;2,1;
2024-03-16;2200;null;917;1010,8;917,1;916,4;8,8;27;23,9;20,6;25,6;23,9;21;20,6;12,8;82;75;82;331;5,8;,6;
2024-03-16;2300;null;917,7;1012,1;917,7;917;-3,5;25;22,5;22;23,9;22,5;22,2;20,4;12,8;97;82;97;73;1,7;,8;
2024-03-17;0000;null;918,4;1013,1;918,4;917,7;-3,5;24;21,6;21,6;22,5;21,6;22,1;21,6;12,8;100;97;100;159;1,6;,7;
2024-03-17;0100;null;918,8;1013,8;918,8;918,4;-3,4;23;20,9;20,9;21,7;20,8;21,7;20,8;12,8;100;100;100;202;1,7;1;
2024-03-17;0200;null;919;1014,2;919,1;918,8;-2,7;22;20,5;20,5;21,3;20,5;21,3;20,5;12,7;100;100;100;147;2,7;1,3;
2024-03-17;0300;null;918,8;1013,6;919,1;918,8;-2,9;22;21,6;20,9;21,6;20,4;21,2;20,4;12,7;100;96;96;155;2,9;1,6;
2024-03-17;0400;null;918,5;1013,5;918,8;918,5;-3,5;22;20,9;20,4;21,6;20,9;20,9;20,3;12,7;98;94;97;147;2,9;,8;
2024-03-17;0500;null;918,2;1013,4;918,5;918,2;-3,3;21;20,1;20,1;20,9;19,7;20,7;19,7;12,7;100;97;100;158;2;1;
2024-03-17;0600;null;917,7;1013;918,2;917,7;-3,1;21;19,8;19,8;20,1;19,8;20,1;19,8;12,7;100;100;100;157;2;,9;
2024-03-17;0700;null;917,9;1013,1;917,9;917,7;-2,7;21;20;20;20,3;19,8;20,3;19,8;12,7;100;100;100;146;2,1;1,1;
2024-03-17;0800;null;918,4;1013,5;918,6;917,9;-1,7;21;20,6;20,6;20,8;20;20,8;20;12,6;100;100;100;275;5,4;1,7;
2024-03-17;0900;null;918,9;1014,2;918,9;918,4;-2,4;21;20;20;20,7;20;20,7;20;12,6;100;100;100;176;3,9;,7;
2024-03-17;1000;null;919,1;1014,3;919,1;918,9;86,9;21;20,5;20,5;20,5;20;20,5;20;12,7;100;100;100;121;2;,6;
2024-03-17;1100;null;919,6;1013,8;919,6;919,1;808,9;22;23,6;19,5;23,7;20,5;21,9;19,3;13,5;100;78;78;149;2,2;1,2;
2024-03-17;1200;null;919,8;1012,8;919,9;919,6;1589,8;26;27,2;20;27,3;23,6;20,7;19,2;13,6;79;64;65;106;2,2;1;
2024-03-17;1300;null;919,8;1012;919,9;919,7;2449,7;29;29,7;20,3;29,8;27,1;20,6;18,9;13,5;65;55;57;306;3,3;1,5;
2024-03-17;1400;null;919,5;1011,3;919,8;919,5;2985,1;32;30,8;19,8;31,3;29,4;21;19,3;13,5;58;51;52;313;4,4;2,1;
2024-03-17;1500;null;919;1010,6;919,6;919;3032,9;33;31,3;19,6;32,2;30,7;21,2;18,6;13,2;55;47;50;281;5,2;2,6;
2024-03-17;1600;null;918,9;1011,9;919,1;918,5;1910,4;33;27;20;32,8;27;20,1;18,3;13,1;66;44;65;47;6,4;2,2;
2024-03-17;1700;null;918,6;1012,9;919,2;918,6;330,6;27;23;22,4;27;21,5;22,4;18,5;13,2;98;65;97;214;9,9;4,2;
2024-03-17;1800;null;917,8;1011,6;918,6;917,8;752,1;26;24,3;23,8;24,7;23;23,8;21;13,1;97;80;97;153;5,7;,7;
2024-03-17;1900;null;917;1010,3;917,8;916,9;581,2;27;25,4;21,9;25,5;24,2;24,3;21,8;13,1;98;80;81;152;1,8;,6;
2024-03-17;2000;null;917,3;1010,5;917,3;917;685,5;27;26;21,9;26,2;25,4;23;21,5;13,1;86;76;78;152;2,7;1,4;
2024-03-17;2100;null;917,7;1010,9;917,8;917,3;309,7;27;25,9;21,3;26,3;25,8;22,4;21,2;12,9;81;74;76;131;2,7;1,3;
2024-03-17;2200;null;918;1011,7;918,1;917,7;21,1;27;24,5;21,4;25,9;24,5;22,1;20,7;12,8;83;75;83;128;2,6;1,1;
2024-03-17;2300;null;918,5;1012,5;918,7;918;-3,4;25;23,8;21,3;24,5;23,6;23,4;21,3;12,8;98;83;86;224;5,5;3,6;
2024-03-18;0000;null;919,4;1014;919,4;918,4;-3,5;25;22,4;20,1;24,3;22,4;21,1;18,7;12,8;87;72;87;128;5,1;1,9;
2024-03-18;0100;null;920,1;1014,5;920,1;919,3;-3,5;24;23,2;20,3;23,9;22,4;20,4;19,5;12,8;87;77;84;127;6,8;,9;
2024-03-18;0200;null;920,4;1014,9;920,5;920,1;-2,5;24;22,9;20;23,4;22,7;21,9;19,9;12,8;94;82;84;211;6,8;3,7;
2024-03-18;0300;null;919,6;1014,3;920,4;919,6;-3,1;23;21,9;21,2;22,9;21,8;21,3;19,8;12,7;96;83;96;156;7,7;1;
2024-03-18;0400;null;918,7;1013,6;919,6;918,6;-3,3;23;21,3;21,1;21,9;21,1;21,3;21,1;12,7;100;96;99;75;3,7;,9;
2024-03-18;0500;null;918,5;1013,6;918,8;918,4;-3,4;22;20,6;20,6;21,4;20,6;21,2;20,6;12,7;100;98;100;103;2;,4;
2024-03-18;0600;null;918,3;1013,4;918,5;918,3;-3,1;22;20,6;20,6;20,6;20,4;20,6;20,4;12,7;100;100;100;213;2;,8;
2024-03-18;0700;null;918;1013,3;918,3;917,8;-3,3;21;19,8;19,8;20,6;19,8;20,6;19,8;12,7;100;100;100;173;2,2;1;
2024-03-18;0800;null;918,1;1013,3;918,1;917,9;-3,2;21;20,2;20,2;20,2;19,6;20,2;19,6;12,6;100;100;100;160;2,7;1,4;
2024-03-18;0900;null;918,6;1013,6;918,6;918,1;-3,4;21;20,9;20,9;20,9;20,1;20,9;20,1;12,6;100;100;100;123;4,1;1,8;
2024-03-18;1000;null;919,4;1014,5;919,4;918,6;78,4;21;20,9;20,9;21;20,8;21;20,8;12,7;100;100;100;147;3,2;1,3;
2024-03-18;1100;null;920,1;1014,2;920,1;919,4;899;23;23,9;20,2;23,9;20,9;21,7;19,8;13,5;100;79;80;139;3,3;1,2;
2024-03-18;1200;null;920,4;1013,7;920,4;920,1;1755,5;26;26,4;21,1;26,8;23,9;21,5;20,1;13,9;80;70;73;125;3,8;1,6;
2024-03-18;1300;null;920,4;1012,8;920,5;920,3;2423,6;29;29,3;20,6;29,3;26,3;21,5;19,9;13,7;73;58;60;108;3,5;1,3;
2024-03-18;1400;null;920,2;1012;920,5;920,2;3051,3;31;31,1;18,7;31,2;28,8;21;18,3;13,5;61;46;48;306;3,7;1,6;
2024-03-18;1500;null;919,4;1010,9;920,2;919,4;3191,6;33;31,7;18,2;32,1;30,1;19,7;18,2;13,5;51;44;45;261;5,9;2,3;
2024-03-18;1600;null;918,6;1010;919,4;918,5;3446,1;33;31,8;19,9;32,5;29,8;20,9;17,5;13,4;54;43;49;234;8,4;4,8;
2024-03-18;1700;null;917,9;1009,8;918,6;917,9;2371,8;32;30,2;20,2;31,8;28,2;20,5;18,9;13,5;61;48;55;333;9,6;2,8;
2024-03-18;1800;null;917,1;1009;917,9;917,1;2242,5;33;29,8;18,8;31,6;29,8;20,9;18,6;13,2;56;49;52;242;6;2,3;
2024-03-18;1900;null;916,8;1008,8;917,1;916,7;816,9;32;29,3;20,8;29,9;29,2;20,8;18,5;13,1;61;51;61;60;4;1,1;
2024-03-18;2000;null;916,6;1008,7;916,8;916,5;772,3;32;29,1;20,8;30,4;29,1;21,3;20,2;12,9;62;56;61;107;2,1;,4;
2024-03-18;2100;null;916,9;1009,9;916,9;916,6;158,3;31;26,3;20,4;29,1;26,3;21,8;20,4;12,9;70;61;70;321;4,1;2,2;
2024-03-18;2200;null;917,5;1010,9;917,5;916,9;6,6;28;25,4;21,1;26,3;25,1;22,1;20,1;12,8;82;69;77;214;3,5;,7;
2024-03-18;2300;null;918,3;1012,4;918,3;917,5;-3,5;26;23,4;22,5;25,4;23,3;22,6;20,1;12,8;95;77;95;206;2,1;1,4;
2024-03-19;0000;null;918,9;1013,3;918,9;918,3;-3,5;25;22,8;22,4;23,5;22,7;22,6;20,7;12,8;98;84;98;176;2,2;,6;
2024-03-19;0100;null;919,4;1014;919,4;918,9;-3,5;24;22,2;22,2;22,8;22,2;22,6;22,1;12,8;100;98;100;149;1,8;,7;
2024-03-19;0200;null;919,1;1013,8;919,4;919,1;-2,8;24;22;22;22,4;22;22,4;22;12,8;100;100;100;156;1,8;,6;
2024-03-19;0300;null;918,4;1013,1;919,1;918,4;-3;23;21,8;21,8;22,1;21,7;22,1;21,7;12,7;100;100;100;152;2,6;1,5;
2024-03-19;0400;null;917,6;1012,1;918,4;917,6;-3,5;23;21,9;21,9;21,9;21,3;21,9;21,4;12,7;100;100;100;88;2,6;,7;
2024-03-19;0500;null;917,3;1012,3;917,6;917,3;-3,2;22;20,5;20,5;21,9;20,5;21,9;20,5;12,7;100;100;100;79;1,7;,7;
2024-03-19;0600;null;917,3;1012,3;917,3;917,2;-3,4;22;20,5;20,5;21;20,5;21;20,5;12,7;100;100;100;190;1,6;,7;
2024-03-19;0700;null;917,5;1012,6;917,5;917,2;-3,1;21;20,2;20,2;20,7;20,1;20,7;20,1;12,7;100;100;100;196;2,2;,4;
2024-03-19;0800;null;917,9;1013,1;917,9;917,5;-2,5;21;20,1;20,1;20,5;19,9;20,5;19,9;12,6;100;100;100;173;1,7;,6;
2024-03-19;0900;null;918,2;1013,5;918,2;917,9;-2,6;21;19,9;19,9;20,2;19,9;20,2;19,9;12,6;100;100;100;152;1,6;1;
2024-03-19;1000;null;918,7;1013,7;918,7;918,2;115,5;21;20,9;20,9;20,9;19,8;20,9;19,8;12,9;100;100;100;145;2,3;1,3;
2024-03-19;1100;null;919,2;1012,9;919,2;918,7;854,9;23;24,9;20,4;24,9;20,9;22,3;20,3;13,5;100;76;76;143;2,7;1;
2024-03-19;1200;null;919,5;1012,3;919,6;919,2;1736,2;26;27,9;20,6;28,1;25;21,7;20,2;13,7;77;64;64;98;3,9;1,4;
2024-03-19;1300;null;919,3;1011,7;919,6;919,3;2473,2;29;29,1;21,1;29,6;27,8;21,8;20,4;13,5;68;59;62;99;3,9;1,5;
2024-03-19;1400;null;918,9;1010,9;919,3;918,9;2953,3;31;30,1;20,5;30,3;28,8;21,8;19,7;13,6;64;54;56;143;3,9;1,7;
2024-03-19;1500;null;918,2;1009,6;918,9;918,1;3495,5;33;31,6;19,3;32;30,1;21,7;17,6;13,4;57;43;48;91;4,1;1,6;
2024-03-19;1600;null;917,4;1009,2;918,2;917,1;3781,6;35;30,3;19,7;33,6;30,3;20,2;16,8;13,3;53;38;53;190;5,5;2,5;
2024-03-19;1700;null;916,6;1010,8;918,2;916,6;278,9;27;22,5;22,5;30,3;21,1;22,7;19,2;13,1;100;53;100;174;12,9;1,5;
2024-03-19;1800;null;915,6;1009,2;916,6;915,5;943,7;26;24;21;24;22,5;23,1;20,7;13,8;100;83;83;143;3,5;1,7;
2024-03-19;1900;null;914,7;1007,3;915,6;914,7;1911,7;28;27;20,9;27,3;24;22,2;19,4;13,2;86;63;69;141;3,5;1,1;
2024-03-19;2000;null;915;1007,7;915;914,5;692,9;29;26,6;21,2;27,1;26,5;21,5;19,6;13;74;65;72;186;2,3;,6;
2024-03-19;2100;null;915,2;1008,4;915,2;915;227,6;28;25,1;24,3;26,6;25,1;24,3;21,4;12,9;96;72;96;202;1,4;,5;
2024-03-19;2200;null;916,1;1009,9;916,1;915,2;4,5;26;23,6;23,6;25,1;23,5;24,4;23,3;12,8;100;94;100;194;1,4;,8;
2024-03-19;2300;null;917,3;1011,4;917,3;916,1;-2,1;25;23,2;23,2;23,8;23,2;23,8;23,2;12,8;100;100;100;36;2;,6;
2024-03-20;0000;null;917,4;1011,5;917,4;917,1;-2,1;25;23,2;23,2;23,5;23,2;23,5;23,2;12,8;100;100;100;164;1,7;,4;
2024-03-20;0100;null;917,3;1011,6;917,5;917,3;-2,9;24;22,6;22,6;23,2;22,6;23,1;22,6;12,8;100;100;100;126;2,1;1;
2024-03-20;0200;null;918,2;1012,6;918,2;917,1;-2,1;24;22,5;19,4;23;22,4;22,9;19,4;12,8;100;82;82;122;4,8;2,4;
2024-03-20;0300;null;918,8;1013,9;918,8;918,1;-1,5;23;20,5;20,4;22,5;20,3;20,8;19,2;12,7;100;82;99;143;8,5;1,5;
2024-03-20;0400;null;917,9;1013;918,8;917,8;-1,4;22;20,4;20,4;20,8;20,3;20,5;20,3;12,7;100;98;100;66;3;1,1;
2024-03-20;0500;null;916,8;1011,7;917,9;916,8;-1;22;20,6;20,6;20,6;20,3;20,6;20,3;12,7;100;100;100;142;3,3;1,3;
2024-03-20;0600;null;916,7;1011,6;916,8;916,6;-1,6;22;20,7;20,7;20,7;20,6;20,7;20,6;12,7;100;100;100;127;3,3;1,1;
2024-03-20;0700;null;916,5;1011,4;916,8;916,5;-1,7;22;20,6;20,6;20,8;20,6;20,7;20,6;12,7;100;100;100;324;2,6;,8;
2024-03-20;0800;null;916,4;1011,3;916,5;916,4;-,4;22;20,4;20,4;20,6;20,4;20,6;20,4;12,6;100;100;100;333;1,8;,7;
2024-03-20;0900;null;916,5;1011,5;916,5;916,4;-1,2;21;20,2;20,2;20,5;20,2;20,5;20,2;12,6;100;100;100;97;1,6;,7;
2024-03-20;1000;null;916,3;1011,2;916,5;916,2;113,2;21;20,4;20,4;20,5;20,2;20,5;20,2;12,9;100;100;100;144;3,1;1,3;
2024-03-20;1100;null;916,9;1011,3;916,9;916,3;982,8;23;22,2;20,7;22,4;20,4;21,7;19,7;13,5;100;86;91;118;4,3;2;
2024-03-20;1200;null;917,7;1011,2;917,7;916,9;1447,5;24;25,2;20,8;25,2;22,1;21,6;19,8;13,8;96;75;77;120;4,3;1,7;
2024-03-20;1300;null;917,5;1010,2;917,7;917,5;2700,5;27;27,5;20,4;27,6;24,8;21,3;19,5;13,7;77;65;65;78;4,9;1,9;
2024-03-20;1400;null;917,1;1009,4;917,5;917,1;3070,9;29;28,6;20,4;29;26,8;21,4;19,6;13,5;70;58;61;64;5,3;1,7;
2024-03-20;1500;null;916,6;1008,6;917,1;916,6;3341,3;31;29,5;21;29,7;28;21,4;19,3;13,5;64;56;61;104;5,4;1,6;
2024-03-20;1600;null;916;1007,7;916,6;916;3440,7;32;30,2;19,9;30,2;29,1;21,5;18,9;13,5;62;53;54;87;5,6;1,7;
2024-03-20;1700;null;915,2;1006,6;916;915,2;2938;32;30,9;19,2;31,3;28,5;20,8;18,7;13,5;60;48;50;43;4,1;1,2;
2024-03-20;1800;null;913,9;1005,2;915,2;913,9;2784,2;34;30,8;18,5;32,1;30,4;20,7;18,1;13;54;46;48;6;4,6;1,2;
2024-03-20;1900;null;913,8;1005,2;913,9;913,7;1589,8;34;30,4;18,2;31,5;30,3;20,4;17,8;13;56;46;48;34;3;1,4;
2024-03-20;2000;null;914;1005,4;914,1;913,8;782,8;34;30,5;19,3;31,8;30,2;20,1;17,8;13;55;43;51;275;2,8;,9;
2024-03-20;2100;null;914,7;1007,7;914,8;914;230,7;30;25,7;19,7;30,5;25,7;19,7;18,6;13;70;51;70;312;7,4;1,1;
2024-03-20;2200;null;915,6;1009,3;915,6;914,7;23,6;27;23,8;19,4;25,7;23,8;19,8;18,9;12,8;77;69;77;323;4,4;1;
2024-03-20;2300;null;916,4;1010,5;916,4;915,6;-3,5;25;23;21,4;23,7;22,9;21,4;19,4;12,8;91;77;91;151;2,4;1;
2024-03-21;0000;null;917,5;1011,9;917,5;916,4;-3,5;24;22,4;21,9;23;22,4;22,2;21,6;12,8;98;91;97;137;3,2;1,4;
2024-03-21;0100;null;917,9;1012,5;918;917,5;-3,5;24;21,9;21,7;22,4;21,9;22;21,7;12,8;99;97;99;198;2;,4;
2024-03-21;0200;null;917,9;1012,6;918;917,8;-2,7;23;21,6;21,6;21,9;21,5;21,9;21,5;12,8;100;99;100;159;2,1;1,1;
2024-03-21;0300;null;917,8;1012,6;917,9;917,6;-3,1;23;21,3;21,3;21,8;21,1;21,8;21,1;12,7;100;100;100;151;2,2;,9;
2024-03-21;0400;null;917,4;1012,2;917,9;917,4;-2,5;22;21;21;21,4;21;21,4;21;12,7;100;100;100;153;2,7;1,2;
2024-03-21;0500;null;916,7;1011,3;917,4;916,7;-2,3;22;21,4;21,4;21,4;20,9;21,4;20,9;12,7;100;100;100;144;2,7;1,2;
2024-03-21;0600;null;916,6;1011,2;916,8;916,6;-3,2;22;21,5;21,4;21,6;21,3;21,5;21,3;12,7;100;99;99;149;2,9;1,3;
2024-03-21;0700;null;916;1010,6;916,6;916;-3,5;22;21,1;21,1;21,5;21,1;21,4;21,1;12,7;100;99;100;157;2,5;1,4;
2024-03-21;0800;null;916,3;1011,1;916,3;916;-3,5;22;20,8;20,8;21,1;20,7;21,1;20,7;12,6;100;100;100;146;3;1;
2024-03-21;0900;null;917,2;1012,1;917,2;916,3;-2,8;22;20,6;20,6;20,8;20,6;20,8;20,6;12,6;100;100;100;158;2,5;1,1;
2024-03-21;1000;null;917,8;1012,3;917,8;917,2;158;22;22;21,6;22;20,4;21,7;20,4;13;100;98;98;122;2,5;,8;
2024-03-21;1100;null;918,4;1012,5;918,4;917,8;631;23;23,4;20,4;23,7;21,7;22;20,3;13,5;98;83;83;140;2,1;1,1;
2024-03-21;1200;null;918,8;1012,1;918,9;918,4;1547;26;26;20,5;26,4;23,4;21,4;20,4;13,7;85;71;72;108;3,4;1,5;
2024-03-21;1300;null;919;1012,1;919,1;918,8;1197,7;28;26,8;20,6;27,4;25,9;21,5;20,1;13,6;75;67;69;43;3,4;1;
2024-03-21;1400;null;918,5;1011,2;919;918,5;1694,3;29;27,7;19,9;28,2;26,8;21,1;19,8;13,8;70;62;62;344;4,7;2,4;
2024-03-21;1500;null;918,2;1010,4;918,5;918,2;2256,3;30;29,3;19,8;30;27,7;21,3;19,6;13,3;63;54;57;304;5,8;2,3;
2024-03-21;1600;null;917,2;1009;918,2;917,2;2217,4;32;30,3;20,7;30,5;28,8;21,3;19,5;13,5;60;54;56;289;null;3,2;
2024-03-21;1700;null;916,3;1007,8;917,2;916,3;2333,1;32;30,9;20,4;31,4;29,6;21,2;19,3;13,5;59;51;54;297;7,5;3,5;
2024-03-21;1800;null;915,2;1006,4;916,3;915,2;2763,9;33;31,4;19,4;31,8;30,4;20,5;18,3;13,6;54;46;49;302;8;3,2;
2024-03-21;1900;null;914,9;1006,8;915,2;914,6;2261,4;34;29,1;20,6;31,7;29;20,6;18,3;13,5;60;46;60;343;7,9;4,1;
2024-03-21;2000;null;915,8;1008,5;915,8;914,9;1027,2;32;26,8;19,9;29,6;26,7;21,1;19,7;13;66;59;66;332;7,9;2,8;
2024-03-21;2100;null;916,4;1009,4;916,4;915,8;234,3;30;26,1;20,5;26,9;26,1;20,5;19,8;12,9;71;66;71;351;4,7;,4;
2024-03-21;2200;null;916,9;1010,3;916,9;916,4;2,3;28;25;20,3;26,1;24,9;20,7;20,1;12,8;76;71;76;348;2,7;1;
2024-03-21;2300;null;917,5;1011,3;917,5;916,9;-3,5;26;24,2;21,2;25,1;24,2;21,2;20;12,8;83;74;83;132;2,6;,6;
2024-03-22;0000;null;918,2;1012,2;918,2;917,5;-3,4;25;23,7;21;24,2;23,5;22,8;20,9;12,8;95;82;85;154;2,5;1,1;
2024-03-22;0100;null;918,7;1013;918,7;918,2;-3,1;25;23;22,7;23,8;22,8;22,7;20,8;12,8;99;83;98;166;2,3;1,1;
2024-03-22;0200;null;918,3;1012,6;918,8;918,3;-3,3;24;22,9;22,8;23,2;22,8;22,8;22,6;12,8;99;97;99;151;2;1;
2024-03-22;0300;null;918,6;1012,9;918,6;918,2;-2,6;24;23;23;23;22,6;23;22,6;12,7;100;98;100;185;5,4;1,8;
2024-03-22;0400;null;918,4;1012,7;918,6;918,4;-2,8;24;23;22,4;23,8;22,8;23;20,7;12,7;100;84;96;211;5,8;1,8;
2024-03-22;0500;null;918,3;1012,6;918,5;918,3;-2;24;22,9;21,7;23;22,7;22,4;21,6;12,7;98;93;93;205;5,1;2;
2024-03-22;0600;null;918;1012,5;918,3;917,9;-2,7;24;22,2;21,5;22,9;22,2;21,9;20;12,7;96;85;96;108;5,1;1,6;
2024-03-22;0700;null;917,3;1011,9;918;917,3;-2,9;23;21,7;21,6;22,2;21,7;21,6;21,5;12,7;99;96;99;112;3,1;,9;
2024-03-22;0800;null;917,2;1012;917,3;917,2;-2,9;23;21;21;21,7;21;21,6;21;12,6;100;99;100;159;1,7;,5;
2024-03-22;0900;null;917,6;1012,3;917,6;917,2;-2,6;22;21,4;21,4;21,4;20,9;21,4;20,9;12,6;100;100;100;129;2,8;1,1;
2024-03-22;1000;null;918,2;1012,7;918,2;917,6;67,5;22;22,1;21,7;22,1;21,4;21,8;21,4;12,7;100;97;97;137;3,7;1,6;
2024-03-22;1100;null;919,2;1013,2;919,2;918,2;616,9;24;24,1;20,7;24,1;22,1;22,2;20,6;13,4;98;81;81;121;4,3;1,5;
2024-03-22;1200;null;919,9;1013;919,9;919,2;1716,2;26;27,1;20,3;27,2;24,1;21,4;20,1;13,7;82;66;66;97;5,3;1,6;
2024-03-22;1300;null;920;1012,7;920,1;919,9;2229,3;29;28,2;20,9;28,2;25,9;21;19,6;13,6;73;63;64;99;4,2;1,7;
2024-03-22;1400;null;919,9;1012,4;920,2;919,8;3087,7;31;28,8;20,9;29,6;28;22;20,2;13,5;68;59;62;98;4,5;1,4;
2024-03-22;1500;null;919,1;1011,7;919,9;919,1;2663,3;32;28,4;20,2;30;28,4;21,4;19,3;13,3;63;54;61;25;3,7;1,7;
2024-03-22;1600;null;917,8;1010,7;919,1;917,8;1080,2;31;27;21,2;29,2;27;21,9;20,1;13,2;71;59;71;226;9;5,4;
2024-03-22;1700;null;917,7;1012,1;917,8;917,4;236,6;27;22,3;22,3;27;22,2;22,3;20,6;13;100;71;100;194;10;3;
2024-03-22;1800;null;917,7;1012,3;917,8;917,5;92;24;21,8;21,6;22,3;21,8;22,3;21,6;12,9;100;98;98;183;8,3;4;
2024-03-22;1900;null;918,7;1013,5;918,7;917,6;36,5;23;21,6;21,6;21,9;21,5;21,6;21,2;12,8;100;96;100;47;8,3;1;
2024-03-22;2000;null;918,8;1013,6;918,8;918,7;20,8;23;21,6;21,6;21,8;21,4;21,8;21,4;12,8;100;100;100;189;4;,9;
2024-03-22;2100;null;918,7;1013,3;918,9;918,7;25,1;23;22;22;22;21,4;22;21,4;12,8;100;100;100;209;3,9;2,2;
2024-03-22;2200;null;919,3;1013,9;919,3;918,7;3,4;23;22,1;22,1;22,2;21,9;22,2;21,9;12,8;100;100;100;162;6,7;2,8;
2024-03-22;2300;null;920,3;1015,3;920,3;919,2;,7;23;21,3;21,3;22,2;21,3;22,1;21,3;12,7;100;99;100;147;6,7;1,8;
2024-03-23;0000;null;920,7;1015,8;920,7;920,2;-,9;22;21,1;21,1;21,5;21;21,5;21,1;12,7;100;100;100;122;4,4;1,4;
2024-03-23;0100;null;921,1;1016,5;921,2;920,7;-2;22;20,5;20,5;21,2;20,4;21,2;20,4;12,7;100;99;100;147;6,1;1,3;
2024-03-23;0200;null;921,3;1016,8;921,4;921,1;-1,1;21;20,1;20,1;20,5;20,1;20,5;20,1;12,7;100;100;100;149;3,3;1,1;
2024-03-23;0300;null;921;1016,7;921,4;921;-1,8;21;19,6;19,5;20,1;19,6;20,1;19,5;12,7;100;97;99;125;5,1;1,9;
2024-03-23;0400;null;920,8;1016,6;921,1;920,8;-1,6;20;19,2;19,1;19,7;19,1;19,5;19;12,6;100;97;99;121;5,8;1,6;
2024-03-23;0500;null;920,2;1016;920,8;920,2;-2,6;20;18,9;18,9;19,2;18,8;19,1;18,8;12,6;100;99;100;118;4,7;2,1;
2024-03-23;0600;null;919,9;1015,8;920,2;919,9;-2;20;18,6;18,5;18,9;18,5;18,8;18,4;12,6;100;99;99;122;5,7;1,9;
2024-03-23;0700;null;919,9;1015,8;919,9;919,8;-1,7;19;18,5;18,3;18,7;18,5;18,5;18,2;12,6;100;97;99;119;4,7;2;
2024-03-23;0800;null;920,2;1016,2;920,2;919,9;-1,3;19;18,5;18,4;18,6;18,4;18,4;18,1;12,6;100;98;99;118;4,7;2,2;
2024-03-23;0900;null;920,2;1016,2;920,3;920,1;-2,2;19;18,5;18,4;18,5;18,3;18,4;18,3;12,6;100;99;100;122;5,6;2;
2024-03-23;1000;null;920,5;1016,4;920,5;920,1;73,4;19;18,7;18,5;18,7;18,5;18,5;18,2;12,7;100;97;99;122;5,3;2,1;
2024-03-23;1100;null;921,2;1017;921,2;920,5;316,3;20;19,3;19,1;19,3;18,7;19,1;18,4;13,2;99;97;99;116;7,1;1,7;
2024-03-23;1200;null;921,6;1016,9;921,6;921,2;872,7;21;21;17,5;21,1;19,3;19,3;17,4;13,5;99;80;81;115;6,4;2;
2024-03-23;1300;null;921,8;1016,6;921,9;921,6;1080,3;22;22,4;17,9;22,4;20,8;18,1;16,5;13,8;80;74;75;81;7;1,6;
2024-03-23;1400;null;921,9;1016,3;922;921,8;1870,3;24;23,6;17,1;23,9;22,3;18,4;16,8;13,8;76;66;67;94;8;2,6;
2024-03-23;1500;null;921,5;1015,6;921,9;921,4;1904,3;26;24,5;17,6;24,7;23,5;18,4;16,7;13,8;71;64;65;80;8,5;1,9;
2024-03-23;1600;null;920,8;1014,9;921,5;920,8;1564,8;26;24,2;17,8;24,5;23,8;18,4;16,6;13,6;70;63;67;66;7,3;1,9;
2024-03-23;1700;null;920,4;1014,6;920,9;920,4;1123,9;26;23,8;18;24,2;23,5;18,2;17,1;13,4;72;65;70;100;7,5;1,4;
2024-03-23;1800;null;920,2;1014,5;920,4;920,2;851,1;26;23,5;18,3;23,9;23,2;18,6;17,5;13,2;74;68;72;126;5,3;1,2;
2024-03-23;1900;null;920,2;1014,7;920,2;920,1;339,9;25;22,9;18,1;23,5;22,9;18,3;17,4;13;75;70;74;92;4,4;1,2;
2024-03-23;2000;null;920,1;1014,8;920,3;920,1;193,8;24;22,1;18,7;22,9;22,1;18,7;17,6;13,1;81;72;81;131;3,7;,7;
2024-03-23;2100;null;920,5;1015,4;920,5;920,1;69,9;24;21,7;19,9;22,1;21,7;19,9;18,6;12,8;90;81;90;145;2,4;,6;
2024-03-23;2200;null;921,1;1016,3;921,1;920,5;-,9;23;21,1;20,8;21,7;21,1;21,1;19,5;12,8;99;87;99;119;1,7;,6;
2024-03-23;2300;null;921,5;1016,9;921,5;921,1;-2,4;22;20,7;20,7;21,1;20,7;21;20,7;12,8;100;99;100;116;2,1;,7;
2024-03-24;0000;null;922;1017,4;922;921,5;-2,5;22;20,6;19,9;20,8;20,5;20,7;19,8;12,8;100;94;96;124;4,2;1,4;
2024-03-24;0100;null;922,4;1017,9;922,4;922;-1,9;22;20,4;19,3;20,7;20,3;20,1;19,1;12,8;98;92;93;114;3,6;1,7;
2024-03-24;0200;null;922;1017,6;922,4;922;-,5;21;20,2;18,5;20,4;19,9;19,6;18,5;12,8;98;90;90;107;5,3;1,9;
2024-03-24;0300;null;921,8;1017,4;922;921,8;-,7;21;20,1;16,6;20,3;20,1;18,2;16,5;12,7;90;79;80;97;5,5;1,5;
2024-03-24;0400;null;921,2;1017;921,8;921,2;-2,1;21;19,2;16,6;20,1;19,2;16,8;16,3;12,7;85;80;85;112;5,5;1,6;
2024-03-24;0500;null;920,7;1016,5;921,2;920,7;-3,3;20;19,1;17,5;19,4;19,1;17,6;16,6;12,7;91;84;91;120;5;1,5;
2024-03-24;0600;null;920,2;1016;920,7;920,2;-2,9;20;18,9;18,1;19,1;18,8;18,3;17,4;12,7;97;89;95;115;4,1;1,7;
2024-03-24;0700;null;920;1015,8;920,2;919,9;-1;20;18,8;18,3;18,9;18,7;18,4;18,1;12,7;98;95;96;126;4,2;1,9;
2024-03-24;0800;null;920;1015,8;920;919,9;-2,4;20;18,8;18,3;18,8;18,7;18,5;18,3;12,7;98;96;97;123;5,3;1,6;
2024-03-24;0900;null;919,8;1015,6;920,1;919,8;-1,5;20;18,9;17,5;19;18,8;18,3;17,3;12,6;97;90;91;115;6,3;2,9;
2024-03-24;1000;null;920,7;1016,4;920,7;919,8;28,2;20;19,3;16,2;19,3;18,9;17,8;16,1;12,6;93;82;82;116;6,3;1,8;
2024-03-24;1100;null;921,4;1017,1;921,4;920,7;193,9;20;19,6;17,1;19,6;19,3;17,1;16,1;13;86;82;85;125;4,3;1;
2024-03-24;1200;null;922;1017,5;922;921,4;451,9;21;20,5;16,4;20,5;19,6;17,3;16,3;13,2;85;77;78;109;3,5;1,4;
2024-03-24;1300;null;922;1017,2;922,1;921,9;693,7;22;21,2;16,6;21,2;20,4;17,1;16,4;13,5;81;74;75;123;4,9;2;
2024-03-24;1400;null;921,8;1016,7;922,1;921,8;974,7;23;22,2;16,9;22,4;21,2;17,5;16,3;13,7;76;70;72;109;7,9;2,4;
2024-03-24;1500;null;921,1;1015,8;921,8;921,1;1179,8;24;22,4;16,8;22,6;21,8;17,3;16,4;13,8;73;70;71;102;7,3;2,5;
2024-03-24;1600;null;920,6;1015,4;921,2;920,6;1046,7;24;22;17;22,6;21,9;17,8;16,5;13,4;76;69;73;109;6,1;1,9;
2024-03-24;1700;null;920,1;1015;920,6;920,1;940,1;25;21,7;18,3;22,9;21,7;18,8;17,2;13,3;81;72;81;115;4,7;1,6;
2024-03-24;1800;null;919,4;1014,4;920,1;919,4;587,6;23;21,2;21,2;21,7;20,7;21,2;18,4;13,2;100;81;100;109;4,4;1,3;
2024-03-24;1900;null;919,2;1014,2;919,4;919,1;688,5;23;21;21;21,2;20,8;21,2;20,8;13,1;100;100;100;115;4,1;1,4;
2024-03-24;2000;null;919;1014;919,2;919;631,7;23;21;20,9;21,2;20,9;21;20,5;13,1;100;97;99;124;5,4;1,5;
2024-03-24;2100;null;919;1014,2;919;918,9;187;22;20,4;20,2;21;20,4;20,8;20,1;12,9;99;96;98;140;4;1,4;
2024-03-24;2200;null;919,2;1014,6;919,2;919;6,5;22;20;20;20,4;19,9;20,2;19,9;12,8;100;98;100;132;3,9;,9;
2024-03-24;2300;null;919,5;1015;919,5;919,2;-1,7;21;19,8;19,8;20,1;19,8;20,1;19,8;12,8;100;100;100;161;2,2;,6;
2024-03-25;0000;null;920;1015,4;920;919,4;-2,2;21;20,2;20,1;20,2;19,8;20,1;19,8;12,8;100;99;99;81;3,4;1,3;
2024-03-25;0100;null;920,1;1015,6;920,2;920;-3,5;21;19,8;19,8;20,2;19,8;20,1;19,8;12,8;100;99;100;143;3,4;1,2;
2024-03-25;0200;null;920,3;1015,8;920,3;920,1;-2,4;21;19,8;19,8;19,8;19,5;19,8;19,5;12,8;100;100;100;154;2,6;1;
2024-03-25;0300;null;920;1015,6;920,3;920;-1,7;21;19,6;19,6;19,8;19,6;19,8;19,6;12,7;100;100;100;137;2;,5;
2024-03-25;0400;null;919,5;1014,9;920;919,5;-2,2;21;19,9;19,9;20;19,6;20;19,6;12,7;100;100;100;113;2,9;1,1;
2024-03-25;0500;null;919,2;1014,6;919,5;919,2;-1,9;21;20;20;20,1;19,9;20;19,9;12,7;100;100;100;201;3,9;,9;
2024-03-25;0600;null;918,7;1014,1;919,3;918,7;-1,1;21;19,8;19,8;20;19,7;20;19,7;12,7;100;99;100;126;2,2;,7;
2024-03-25;0700;null;918,4;1013,9;918,7;918,4;-2,4;21;19,4;19,4;19,8;19,4;19,8;19,4;12,7;100;100;100;138;2,5;1;
2024-03-25;0800;null;918,3;1013,7;918,4;918,3;-1,7;20;19,5;19,5;19,5;19,4;19,5;19,4;12,7;100;100;100;118;2,5;,7;
2024-03-25;0900;null;918,5;1013,9;918,5;918,3;-1;20;19,6;19,6;19,7;19,4;19,7;19,4;12,6;100;100;100;128;3,6;,8;
2024-03-25;1000;null;918,8;1014,2;918,8;918,5;26,3;20;19,8;19,8;19,8;19,6;19,8;19,6;12,6;100;99;100;141;2,5;1;
2024-03-25;1100;null;919,2;1014,2;919,2;918,8;382,6;21;21,1;19,4;21,2;19,8;20,6;19,3;13,3;100;89;90;112;3,1;1,2;
2024-03-25;1200;null;919,6;1013,9;919,6;919,2;1284,7;23;23,3;19;23,3;21,1;19,8;18,4;13,7;94;76;77;76;4,5;1,4;
2024-03-25;1300;null;919,5;1012,6;919,6;919,4;2070,8;26;26,7;20,4;26,7;23,3;20,4;18,5;13,7;79;68;69;95;5;1,5;
2024-03-25;1400;null;919,3;1012,4;919,6;919,3;2808,7;28;26,9;18,9;27,1;25;19,9;18,6;13,7;71;61;61;89;6,7;1,8;
2024-03-25;1500;null;918,6;1011,6;919,3;918,6;2410,7;29;26,9;19,1;27,5;26;20,5;18,2;13,7;67;60;62;84;6,1;1,7;
2024-03-25;1600;null;917,6;1010,6;918,6;917,6;2743,8;30;26,5;18,9;28,6;26,5;20,4;18,1;13,1;64;56;63;70;6;1,5;
2024-03-25;1700;null;917,3;1011,2;917,7;917,2;786,2;27;23,6;22,9;26,5;22;22,9;18,5;13,8;98;63;96;128;7,8;1;
2024-03-25;1800;null;916,4;1010,6;917,3;916,4;819,9;26;22,5;20,6;23,9;22,4;23,1;19,7;13;97;81;89;193;8,4;3,7;
2024-03-25;1900;null;916,9;1011,3;916,9;916,4;240,7;24;22,2;21,5;22,7;22,2;21,5;19,4;13;95;83;95;321;5,7;1,9;
2024-03-25;2000;null;917,3;1012;917,3;916,9;102,4;24;21,2;21,2;22,3;21,1;21,6;20,4;12,9;100;89;100;143;4,6;,3;
2024-03-25;2100;null;917,8;1012,7;917,9;917,3;29,6;23;20,9;20,9;21,3;20,8;21,3;20,8;12,8;100;100;100;110;3,7;1,5;
2024-03-25;2200;null;918;1013,1;918;917,3;-1,2;22;20,4;20,4;20,9;20,4;20,9;20,4;12,8;100;100;100;119;3,1;1,2;
2024-03-25;2300;null;918,6;1013,8;918,6;918;-2,2;22;20,2;20,2;20,4;20,2;20,4;20,2;12,8;100;100;100;134;3,4;1,1;
2024-03-26;0000;null;919,3;1014,6;919,4;918,6;-2,1;21;20,1;20,1;20,3;20,1;20,3;20,1;12,8;100;100;100;154;3;,9;
2024-03-26;0100;null;919,8;1015,1;919,8;919,3;-1,8;21;20,2;20,2;20,4;20,1;20,4;20,1;12,8;100;100;100;259;2,6;,7;
2024-03-26;0200;null;919,7;1015,1;919,9;919,7;-1,5;21;20;20;20,2;20;20,2;20;12,7;100;100;100;65;2;,7;
2024-03-26;0300;null;919,7;1015,1;919,9;919,7;-,8;21;20,1;20,1;20,1;20;20,1;20;12,7;100;100;100;130;2,2;,7;
2024-03-26;0400;null;919,6;1014,9;919,8;919,6;-1,2;21;20,3;20,3;20,3;20,1;20,3;20,1;12,7;100;100;100;152;1,9;1;
2024-03-26;0500;null;918,9;1014,2;919,6;918,9;0;21;20;20;20,3;19,9;20,3;19,9;12,7;100;100;100;173;1,9;,6;
2024-03-26;0600;null;918,6;1013,9;918,9;918,5;-1,7;21;19,9;19,9;20;19,8;20;19,8;12,7;100;100;100;195;2,1;,7;
2024-03-26;0700;null;918,6;1014;918,6;918,4;-1,4;21;19,8;19,8;19,9;19,8;19,9;19,8;12,6;100;100;100;169;1,4;,6;
2024-03-26;0800;null;918,5;1013,8;918,6;918,5;-2,3;21;19,8;19,8;19,9;19,7;19,9;19,7;12,6;100;100;100;196;1,4;,6;
2024-03-26;0900;null;918,9;1014,3;918,9;918,5;-1;21;19,8;19,8;19,9;19,7;19,9;19,7;12,6;100;100;100;356;1,5;,5;
2024-03-26;1000;null;919,5;1014,9;919,5;918,9;26,2;21;20;20;20;19,8;20;19,8;12,6;100;100;100;65;1,6;,2;
2024-03-26;1100;null;920,3;1015,6;920,3;919,5;157,5;21;20,5;20,5;20,5;20;20,5;20,1;12,9;100;100;100;152;1,5;,7;
2024-03-26;1200;null;920,9;1015,8;920,9;920,3;424,2;22;21,7;21,7;21,7;20,5;21,7;20,5;13,2;100;100;100;104;1,4;,6;
2024-03-26;1300;null;921,5;1016,2;921,5;920,9;809,5;23;22,7;19,7;22,7;21,6;22,2;19,4;13,6;100;82;83;342;2,6;1,6;
2024-03-26;1400;null;921,4;1015,6;921,5;921,3;1561;25;24,2;18,3;24,3;22,7;20;18;13,8;84;69;70;349;4,3;2,1;
2024-03-26;1500;null;921;1015,1;921,4;921;1971,3;27;24,4;18,2;25;23,8;19;17,7;13,7;72;66;68;347;4,1;2,5;
2024-03-26;1600;null;920,5;1014,5;921;920,5;1667;27;24,5;17,9;24,9;24,1;18,6;17,4;13,7;70;66;67;340;4,2;2,1;
2024-03-26;1700;null;920;1013,7;920,5;920;1653,3;27;25,2;17,8;25,5;24,1;18,5;17,3;13,7;70;62;64;360;4,8;2,7;
2024-03-26;1800;null;919,3;1012,8;920;919,3;2252,3;29;25,6;17,2;26,6;24,8;18,9;16,8;13,7;65;58;60;334;5,3;2,9;
2024-03-26;1900;null;919,3;1013;919,4;919,2;1450,5;29;24,8;17,3;26,1;24,6;17,5;16,4;13,3;63;56;63;334;5,2;1,9;
2024-03-26;2000;null;919,4;1013,6;919,5;919,3;514;27;23,5;17,6;25,3;23,5;17,8;17,1;13;70;62;69;324;3,8;1,4;
2024-03-26;2100;null;919,5;1014,1;919,6;919,4;109,9;25;22,4;18,6;23,5;22,4;18,6;17,4;12,9;79;69;79;246;3,9;1,8;
2024-03-26;2200;null;919,9;1015;919,9;919,5;-,7;24;21;20,7;22,4;21;20,7;18,6;12,8;98;79;98;154;3,1;1,5;
2024-03-26;2300;null;920,2;1015,5;920,2;919,9;-3,4;22;20,6;20,5;21,1;20,6;20,8;20,4;12,8;100;97;100;163;3,7;,8;
2024-03-27;0000;null;920,7;1016,1;920,8;920,2;-2,7;22;20,3;20,3;20,6;20,2;20,6;20,2;12,8;100;100;100;177;1,8;,7;
2024-03-27;0100;null;921,1;1016,6;921,1;920,7;-2,3;21;20;20;20,3;20;20,3;20;12,8;100;100;100;138;1,5;,9;
2024-03-27;0200;null;921,1;1016,6;921,3;921,1;-1,7;21;20;20;20,2;20;20,2;20;12,8;100;100;100;162;2,2;,8;
2024-03-27;0300;null;921,3;1016,9;921,3;921,1;-1,4;21;19,8;19,8;20;19,8;20;19,8;12,7;100;100;100;351;2,2;,3;
2024-03-27;0400;null;921,2;1016,9;921,4;921,2;-2,1;21;19,6;19,6;19,9;19,6;19,9;19,6;12,7;100;100;100;154;1,1;,6;
2024-03-27;0500;null;920,6;1016,3;921,2;920,6;-1,6;21;19,4;19,4;19,6;19,4;19,6;19,4;12,7;100;100;100;176;2,2;1,1;
2024-03-27;0600;null;920,5;1016,2;920,6;920,4;-1;20;19,3;19,3;19,5;19,3;19,5;19,3;12,7;100;100;100;102;2;,8;
2024-03-27;0700;null;920,5;1016,2;920,5;920,5;-1,9;20;19,3;19,3;19,3;19,2;19,3;19,2;12,7;100;100;100;137;1,9;,5;
2024-03-27;0800;null;920,4;1016,2;920,5;920,4;-1,6;20;19,2;19,2;19,3;19,2;19,3;19,2;12,7;100;100;100;146;1,4;,7;
2024-03-27;0900;null;920,7;1016,5;920,7;920,3;-1,3;20;19,2;19,2;19,2;19,1;19,2;19,1;12,6;100;100;100;115;3,2;,6;
2024-03-27;1000;null;921,1;1016,9;921,1;920,7;30,7;20;19,2;19,2;19,2;19,1;19,2;19,1;12,7;100;100;100;119;2,5;,8;
2024-03-27;1100;null;921,6;1017,2;921,6;921,1;246,2;20;19,9;19,9;19,9;19,2;19,9;19,3;13,1;100;100;100;120;2,5;1;
2024-03-27;1200;null;922,3;1017,8;922,3;921,6;440,4;21;20,4;20,4;20,4;19,9;20,4;19,9;13,3;100;100;100;110;4;,9;
2024-03-27;1300;null;923;1018,7;923;922,3;496,4;21;20,1;20,1;20,4;20;20,4;19,8;13,3;100;98;100;80;3,6;1,3;
2024-03-27;1400;null;922,9;1018,6;923,1;922,9;452,4;21;20,1;20,1;20,3;20;20,3;20;13,3;100;100;100;117;5,4;,8;
2024-03-27;1500;null;922,6;1018,3;923;922,6;532,5;21;19,9;19,9;20,3;19,7;20,3;19,7;13,3;100;100;100;117;2,4;1,2;
2024-03-27;1600;null;922;1017,8;922,6;922;409,1;21;19,5;19,5;19,9;19,5;19,9;19,5;13,2;100;100;100;117;2,3;,9;
2024-03-27;1700;null;921,6;1017,4;922;921,6;400,7;21;19,5;null;19,7;19,3;null;null;13,4;null;null;null;101;2,5;,9;
2024-03-27;1800;null;921,3;1017,2;921,6;921,2;289;21;19,1;null;19,5;19,1;null;null;13,2;null;null;null;106;2,7;1;
2024-03-27;1900;null;921,2;1017,1;921,3;921,1;219,4;20;19,1;null;19,2;18,9;null;null;13,2;null;null;null;125;2,6;,6;
2024-03-27;2000;null;921,1;1017;921,3;921,1;119,8;20;19;null;19,2;19;null;null;12,9;null;null;null;149;1,7;,8;
2024-03-27;2100;null;921,3;1017,2;921,4;921,1;38,5;20;18,9;18,9;19,1;18,8;null;null;12,8;100;100;100;151;2,1;,9;
2024-03-27;2200;null;921,8;1017,8;921,8;921,3;,4;20;18,8;18,8;18,9;18,7;18,9;18,8;12,8;100;100;100;163;2;,6;
2024-03-27;2300;null;922,2;1018,4;922,2;921,8;-,2;20;18,4;18,4;18,8;18,4;18,8;18,4;12,8;100;100;100;119;3,8;1,6;
2024-03-28;0000;null;922,8;1019,3;922,8;922,2;-,8;19;17,8;17,8;18,4;17,8;18,4;17,8;12,7;100;100;100;129;3,8;1,2;
2024-03-28;0100;null;923;1019,4;923;922,7;-,8;19;18;18;18;17,8;18;17,8;12,7;100;100;100;103;3,9;1,4;
2024-03-28;0200;null;923,2;1019,6;923,2;923;-,9;19;18,3;18,3;18,3;18;18,3;18;12,7;100;100;100;110;4,1;,9;
2024-03-28;0300;null;922,8;1019,1;923,2;922,8;-1;19;18,2;18,2;18,3;18,2;18,3;18,2;12,7;100;100;100;126;3,9;1,4;
2024-03-28;0400;null;922,5;1018,7;922,9;922,5;-1,9;19;18,6;18,6;18,6;18,2;18,6;18,2;12,7;100;100;100;120;3,2;1,6;
2024-03-28;0500;null;922,1;1018,2;922,6;922,1;-,7;19;18,6;18,6;18,6;18,5;18,6;18,6;12,7;100;100;100;125;3;1,3;
2024-03-28;0600;null;921,8;1017,9;922,1;921,8;-1,3;19;18,5;18,5;18,6;18,5;18,6;18,5;12,6;100;100;100;135;3,1;1,1;
2024-03-28;0700;null;921,3;1017,4;921,8;921,3;-,4;19;18,6;18,6;18,6;18,5;18,6;18,5;12,6;100;100;100;110;3,1;1,2;
2024-03-28;0800;null;921,5;1017,6;921,5;921,2;-1;19;18,6;18,6;18,7;18,5;18,7;18,5;12,6;100;100;100;122;2;,9;
2024-03-28;0900;null;921,7;1017,7;921,7;921,5;-1,8;19;18,8;18,8;18,8;18,6;18,8;18,7;12,6;100;100;100;114;2,5;1,1;
2024-03-28;1000;null;922,3;1018,4;922,3;921,7;5,6;20;18,9;18,9;18,9;18,8;18,9;18,8;12,6;100;100;100;121;2,5;1,2;
2024-03-28;1100;null;922,9;1018,9;922,9;922,3;190,3;20;19,3;19,3;19,3;18,8;19,3;18,8;13;100;100;100;140;2,3;1,2;
2024-03-28;1200;null;923,5;1019,4;923,5;922,9;229,2;20;19,8;19,8;19,8;19,3;19,8;19,3;13;100;100;100;119;2,9;,8;
2024-03-28;1300;null;923,6;1019,4;923,7;923,3;305;21;20,1;null;20,1;19,7;null;null;13,3;null;null;null;138;2,8;1,1;
2024-03-28;1400;null;923,4;1018,8;923,6;923,4;589,6;21;21;21;21;20,1;null;null;13,2;null;null;100;121;2,8;,6;
2024-03-28;1500;null;923;1018,2;923,5;923;729,3;22;21,7;21,1;22;20,8;22;20,8;13,3;100;95;96;102;2,1;,8;
2024-03-28;1600;null;922,7;1017,6;923;922,7;722,2;23;22,3;21;22,5;21,7;22,3;20,1;13,6;100;89;93;270;3,7;1,7;
2024-03-28;1700;null;922;1016,6;922,7;922;1479,3;24;23,1;19,7;24;22,2;22,5;18,8;13,5;98;76;82;338;4,4;2,1;
2024-03-28;1800;null;921,7;1016,3;922;921,7;1222,7;25;23;19,1;23,5;22,4;19,9;18,8;13,6;83;77;79;346;4,9;2,1;
2024-03-28;1900;null;921,7;1016,2;921,7;921,5;1248,9;25;23,3;18,8;23,4;22,8;19,6;18,3;13,8;80;75;76;346;5,5;2,3;
2024-03-28;2000;null;921,9;1016,8;921,9;921,7;543,1;25;22,3;18,8;23,4;22,3;19,1;18,5;13,1;81;75;81;4;5,1;2;
2024-03-28;2100;null;922,2;1017,4;922,2;921,9;108,2;24;21,4;20,2;22,3;21,4;20,2;18,8;12,9;93;81;93;24;3,8;1,2;
2024-03-28;2200;null;922,4;1017,9;922,4;922,2;,4;23;20,5;20,5;21,4;20,5;20,8;20,4;12,8;100;93;100;71;2,9;,2;
2024-03-28;2300;null;922,7;1018,3;922,7;922,3;-2,2;22;20,2;null;20,6;20,2;null;null;12,8;null;null;null;145;1,8;1;
2024-03-29;0000;null;923,4;1019,1;923,4;922,7;-1,3;21;20,2;null;20,2;20,1;null;null;12,8;null;null;null;140;1,8;,8;
2024-03-29;0100;null;923,6;1019,4;923,6;923,4;-1;21;20,1;null;20,2;20,1;null;null;12,8;null;null;null;139;2,3;,9;
2024-03-29;0200;null;923,9;1019,7;923,9;923,6;-,8;21;20,1;null;20,2;20,1;null;null;12,8;null;null;null;127;2,7;,9;
2024-03-29;0300;null;923,7;1019,6;923,9;923,6;-,7;21;19,9;null;20,1;19,9;null;null;12,8;null;null;null;139;2,2;,8;
2024-03-29;0400;null;923,3;1019,1;923,7;923,3;-,7;21;19,9;null;19,9;19,8;null;null;12,7;null;null;null;137;2,2;,9;
2024-03-29;0500;null;923,1;1019;923,3;923,1;-1,7;21;19,7;null;19,9;19,7;null;null;12,7;null;null;null;157;1,7;,8;
2024-03-29;0600;null;922,8;1018,7;923,1;922,8;-,8;21;19,6;null;19,7;19,6;null;null;12,7;null;null;null;125;1,5;,7;
2024-03-29;0700;null;922,6;1018,5;922,8;922,6;-1,5;21;19,5;19,5;19,6;19,5;null;null;12,7;null;null;100;135;1,7;,7;
2024-03-29;0800;null;922,5;1018,3;922,6;922,4;-1,9;20;19,6;19,6;19,6;19,5;19,6;19,5;12,7;100;100;100;133;2,6;1,4;
2024-03-29;0900;null;922,8;1018,6;922,9;922,5;-1,7;20;19,7;null;19,7;19,6;null;null;12,6;100;100;null;80;3,7;1,2;
2024-03-29;1000;null;923;1018,8;923;922,8;27,9;21;19,8;null;19,8;19,7;null;null;12,6;null;null;null;127;3,7;,7;
2024-03-29;1100;null;923,1;1018,6;923,1;923;382,1;21;20,7;null;20,7;19,8;null;null;13,3;null;null;null;127;3,3;1,4;
2024-03-29;1200;null;923,4;1018,8;923,4;923,1;569,9;22;21,1;21,1;21,1;20,6;21,1;20,7;13,3;100;100;100;131;3,3;1,3;
2024-03-29;1300;null;923,6;1018,3;923,7;923,4;1056,6;23;23,3;19,7;23,5;21;22;19,7;13,7;100;80;80;89;3,3;1;
2024-03-29;1400;null;923,4;1017,6;923,6;923,4;1477,1;25;24,6;20,5;24,6;23,2;20,5;19,4;13,8;83;75;78;77;4,7;1,5;
2024-03-29;1500;null;923;1016,9;923,4;923;2027,3;27;25,4;20;26;24,5;20,9;19;13,8;78;68;72;74;4;1;
2024-03-29;1600;null;922,4;1016,4;923;922,4;1193,8;28;25,1;19,6;25,4;24,7;20,5;19,4;13,8;76;70;72;144;2,8;1,1;
2024-03-29;1700;null;921,6;1014,8;922,4;921,6;2083,1;29;27,3;20;27,5;25,1;20,6;19,6;13,7;74;64;64;53;3;1,5;
2024-03-29;1800;null;921,1;1015,7;921,6;921;879,3;28;22,8;20;27,4;22,3;20,5;18,5;13,2;85;62;84;151;8,1;1,7;
2024-03-29;1900;null;920,5;1014,3;921,1;920,5;1874,2;27;25,1;20,4;25,3;22,8;20,9;19,7;13,3;85;74;75;152;3,6;1,2;
2024-03-29;2000;null;920,4;1014,3;920,5;920;741,1;27;24,7;20,7;25,1;24,7;21;20;13,1;79;74;78;122;2,7;1,1;
2024-03-29;2100;null;920,5;1014,6;920,5;920,4;372,1;27;24;20,5;24,8;24;21,4;20,4;13;82;78;81;140;3,3;1,1;
2024-03-29;2200;null;920,5;1015;920,6;920,4;3,3;25;22,9;22,5;24;22,6;22,6;20,4;12,8;99;80;97;136;3,3;1,6;
2024-03-29;2300;null;921,2;1016,5;921,5;920,4;-1,8;24;20,9;20,9;22,9;20,5;22,4;19,8;12,8;100;84;100;20;7,3;1,7;
2024-03-30;0000;null;921,6;1017;921,6;921,2;-1,8;22;20,5;null;20,9;20,5;null;null;12,8;null;null;null;230;4;,6;
2024-03-30;0100;null;922;1017,5;922;921,6;-1;22;20,3;null;20,7;20,3;null;null;12,8;null;null;null;162;2;1;
2024-03-30;0200;null;922,1;1017,6;922,2;921,9;-,3;22;20,4;null;20,5;20,3;null;null;12,8;null;null;null;91;2;,5;
2024-03-30;0300;null;922,2;1017,7;922,3;922,1;-,4;21;20,4;20,4;20,4;20,2;null;null;12,8;null;null;100;182;2,5;1;
2024-03-30;0400;null;921,6;1017,2;922,2;921,6;-1;21;20,1;20,1;20,5;20;null;null;12,7;null;null;100;121;2,4;,6;
2024-03-30;0500;null;920,8;1016,3;921,6;920,8;-1,4;21;20;20;20,2;20;20,2;20;12,7;100;100;100;141;2;,9;
2024-03-30;0600;null;920,4;1015,8;920,8;920,4;-,6;21;20,2;20,2;20,3;20;20,3;20;12,7;100;100;100;154;2,4;1,3;
2024-03-30;0700;null;920,2;1015,5;920,5;920,2;-1,4;21;20,4;null;20,4;20,2;null;null;12,7;null;null;null;149;3,1;1,1;
2024-03-30;0800;null;920,4;1015,7;920,4;920,2;-,8;21;20,5;null;20,5;20,4;null;null;12,7;null;null;null;152;2,8;1,3;
2024-03-30;0900;null;920,5;1016;920,5;920,4;-2,2;21;20,1;null;20,5;20,1;null;null;12,6;null;null;null;153;2,5;,9;
2024-03-30;1000;null;920,9;1016,2;920,9;920,5;107,8;21;20,8;null;20,8;20;null;null;12,9;null;null;null;131;2,8;1,3;
2024-03-30;1100;null;921,6;1016,6;921,6;920,9;443,5;22;21,7;21,7;21,7;20,7;21,7;20,7;13,2;100;100;100;136;2,9;1,1;
2024-03-30;1200;null;921,8;1015,9;921,8;921,6;1630,3;24;24,6;20,6;24,8;21,7;22,3;20;13,8;100;78;78;151;3,4;,8;
2024-03-30;1300;null;921,9;1016;921,9;921,7;841,3;26;24,5;20,8;25;24,2;21,4;20,3;13,2;82;77;80;294;2;,9;
2024-03-30;1400;null;922,5;1017,7;922,5;921,9;95,7;25;21,5;21,2;24,6;21,5;22;20,5;12,9;98;79;98;287;6,6;4,1;
2024-03-30;1500;null;921,7;1016,8;922,5;921,7;526,9;23;21,4;21,4;21,7;20,3;null;null;13,5;null;null;100;316;6,6;1,7;
2024-03-30;1600;null;921,3;1015,9;921,7;921,3;1092,6;24;22,9;22,3;23;21,3;22,8;21,3;13,6;100;92;97;309;5,6;2,2;
2024-03-30;1700;null;920,3;1014,1;921,3;920,3;1638,8;26;25;20,8;25;22,9;22,1;19,8;13,8;97;77;78;318;4,9;1,9;
2024-03-30;1800;null;919,6;1013,3;920,3;919,6;1540,4;27;24,9;19,8;25,4;24,2;21,3;19,8;13,3;79;73;73;308;5,1;2,6;
2024-03-30;1900;null;919;1012,6;919,7;919;968,2;27;25,3;19,8;25,6;24,9;20,6;19,7;13,2;75;71;71;329;4,8;2;
2024-03-30;2000;null;918,6;1012;919;918,6;1148,8;28;25,6;19,6;26,8;25,2;20,6;19,3;13;73;66;70;288;4,3;,9;
2024-03-30;2100;null;918,6;1012,6;918,7;918,5;374,2;28;23,9;18,8;26,4;23,9;20,5;18,8;12,9;75;67;73;291;3,9;1,6;
2024-03-30;2200;null;919,2;1013,6;919,2;918,5;-,3;25;22,7;19,7;23,9;22,5;19,7;18,5;12,8;84;73;83;253;3,1;1,9;
2024-03-30;2300;null;919,9;1015,2;919,9;919,2;-3,2;23;20,5;20,5;22,9;20,5;20,7;18,7;12,8;100;80;100;176;6,6;,8;
2024-03-31;0000;null;920,8;1016,1;920,8;919,9;-1,5;22;20,5;null;20,6;20,3;null;null;12,8;null;null;null;110;3,1;1,1;
2024-03-31;0100;null;920,9;1016,3;921;920,8;-1,8;22;20,5;null;20,7;20,5;null;null;12,8;null;null;null;115;2,4;,9;
2024-03-31;0200;null;921,1;1016,6;921,1;920,9;-3,3;21;20,2;null;20,5;20,1;null;null;12,8;null;null;null;145;2,6;1,2;
2024-03-31;0300;null;921,1;1016,6;921,2;921;-1,7;21;20,2;null;20,3;20,2;null;null;12,7;null;null;null;148;2,7;,9;
2024-03-31;0400;null;920,6;1016,1;921,1;920,5;-1,6;21;20,1;null;20,3;20,1;null;null;12,7;null;null;null;180;2,1;,5;
2024-03-31;0500;null;919,7;1015,3;920,6;919,7;-3;21;19,5;null;20,1;19,5;null;null;12,7;null;null;null;161;1,4;,4;
2024-03-31;0600;null;919,4;1015,1;919,7;919,4;-2,8;20;19;null;19,6;18,9;null;null;12,7;null;null;null;145;1,4;,6;
2024-03-31;0700;null;919;1014,8;919,4;919;-2,4;20;18,6;18,6;19;18,6;18,9;18,6;12,7;100;100;100;136;1;,5;
2024-03-31;0800;null;919,2;1015,2;919,2;919;-2,7;19;18,2;18,2;18,7;18,1;18,7;18,1;12,6;100;100;100;141;1,4;,6;
2024-03-31;0900;null;919,6;1015,9;919,6;919,2;-3;19;17,5;17,5;18,2;17,4;18,2;17,4;12,6;100;100;100;105;1;,3;
2024-03-31;1000;null;920,3;1016,4;920,3;919,6;96,3;19;18,1;18,1;18,1;17,4;18,1;17,4;12,9;100;100;100;145;1,1;,4;
2024-03-31;1100;null;920,9;1016,5;920,9;920,3;594;20;19,9;19,9;19,9;18,1;19,9;18,1;13,6;100;100;100;146;1,6;1;
2024-03-31;1200;null;921,2;1015,4;921,2;920,9;1688,9;22;23,9;19,8;24;19,7;22,2;19,2;13,8;100;76;78;125;2,3;1,1;
2024-03-31;1300;null;921,4;1015;921,5;921,2;2175,5;26;26;20,2;26,3;23,9;20,7;18,8;13,7;78;67;70;39;2,7;1,2;
2024-03-31;1400;null;921,1;1014,1;921,5;921,1;2416,5;28;27,6;19;28;25,6;20,3;17,9;13,6;70;58;59;330;3,4;1,6;
2024-03-31;1500;null;920,5;1013,4;921,1;920,5;3384,8;31;27,7;18,4;29,8;27,6;19,6;17,2;13,2;60;47;57;276;3,9;1,7;
2024-03-31;1600;null;919,6;1012,4;920,5;919,6;2525,9;31;27,8;18,1;29,4;27,5;19,5;17,5;13,1;59;50;56;236;4,7;2,3;
2024-03-31;1700;null;918,6;1010,8;919,6;918,6;2515;32;29,4;18;30,1;27,6;18,7;16,7;13,5;58;46;50;231;4,7;2,2;
2024-03-31;1800;null;917,6;1009,8;918,6;917,6;2187,4;32;29;16,6;30,3;28,2;18,4;15,8;13,1;52;44;47;212;4,6;2,4;
2024-03-31;1900;null;917,1;1009,4;917,6;917,1;1522,9;31;28,7;18,1;30,2;28;18,5;15,5;13,6;55;43;53;191;5,9;3,5;
2024-03-31;2000;null;917,3;1009,8;917,3;917,1;1252,6;31;27,9;17,6;29;27,9;18,4;17,1;13,1;55;50;53;207;5,9;3,1;
2024-03-31;2100;null;917,4;1010,9;917,4;917,1;378,6;29;25;16;28;25;18,1;15,9;12,9;58;52;58;179;4,8;2;
2024-03-31;2200;null;918,1;1012,9;918,1;917,4;-,4;26;21,3;16,7;25;21,2;17;15,1;12,8;76;57;75;124;3,5;,8;
2024-03-31;2300;null;919,1;1014,7;919,1;918,1;-3,5;22;19,3;15,7;21,3;19,3;16,8;15,5;12,8;80;72;80;31;2,5;1,6;
2024-04-01;0000;null;919,8;1015,9;919,8;919,1;-3,5;20;17,9;17,3;19,3;17,9;17,8;15,3;12,8;98;80;96;163;2,7;,6;
2024-04-01;0100;null;920;1016,3;920;919,8;-3,5;19;17,5;16;18,2;17,4;17,7;15,1;12,8;99;85;91;142;1,3;,4;
2024-04-01;0200;null;920;1016,4;920;919,9;-3,5;18;17,2;17;17,9;17;17,4;16,4;12,7;100;91;99;159;2,1;,4;
2024-04-01;0300;null;920;1016,8;920,1;920;-3,5;17;16,2;16,2;17,2;16,2;17,1;16,2;12,7;100;99;100;32;1,2;,6;
2024-04-01;0400;null;919,8;1016,7;920;919,7;-3,5;17;15,8;null;16,4;15,7;16,3;15,7;12,7;100;100;null;147;1,6;,9;
2024-04-01;0500;null;919,3;1016,2;919,8;919,3;-3,5;17;15,5;null;16;15,4;null;null;12,7;null;null;null;196;1,8;,7;
2024-04-01;0600;null;918,8;1015,6;919,3;918,8;-3,3;17;15,7;null;15,9;15,4;null;null;12,7;null;null;null;178;2,4;,9;
2024-04-01;0700;null;918,3;1015;918,9;918,3;-3,3;16;15,7;null;15,9;15,4;null;null;12,6;null;null;null;159;1,9;1,3;
2024-04-01;0800;null;918,1;1014,8;918,3;918;-3,5;16;15,7;15,7;16,3;15,6;null;null;12,6;null;null;100;157;2,6;1,5;
2024-04-01;0900;null;918,4;1015;918,4;918,1;-3,5;16;16,2;16,2;16,3;15,5;16,3;15,5;12,6;100;100;100;150;3;1,5;
2024-04-01;1000;null;919,3;1015,4;919,3;918,4;65,1;17;17,8;15;17,9;16,1;16,7;15;12,8;100;83;84;149;3,8;1,4;
2024-04-01;1100;null;919,4;1014,6;919,4;919;697,4;18;20,6;16,1;20,6;17,8;16,2;15;13,6;84;74;75;128;5,7;2,2;
2024-04-01;1200;null;919,7;1013,8;919,8;919,3;1668,5;22;23,9;16,5;24;20,6;16,8;15,7;13,9;76;63;63;128;6;2,1;
2024-04-01;1300;null;920,1;1013,2;920,1;919,7;2429,7;26;27,1;16,1;27,2;23,9;16,8;15,2;13,7;64;50;51;98;5,9;1,4;
2024-04-01;1400;null;919,7;1012,4;920,3;919,7;2938,6;28;28,1;15,9;28,4;26,5;16,9;15,1;13,6;53;47;48;77;4,8;2;
2024-04-01;1500;null;919,1;1011,4;919,7;919,1;3277,1;30;29,2;15,9;29,5;27,8;16,9;15,1;13,5;50;43;45;54;5,5;2,4;
2024-04-01;1600;null;918,6;1010,5;919,2;918,6;3256,9;32;30,2;12,9;30,4;29;16,8;12,9;13,5;47;35;35;80;5;1,5;
2024-04-01;1700;null;918,2;1010,2;918,6;918,2;2605,6;33;30;13,2;30,5;29,4;14;11,1;13,5;38;31;36;52;4;1,4;
2024-04-01;1800;null;917,6;1009,3;918,2;917,6;2780,5;34;30,7;11,6;31,6;29,8;13,4;10,4;13,3;36;28;31;188;4,3;1,3;
2024-04-01;1900;null;917,1;1008,7;917,6;917;1908,2;34;30,7;11,5;31,3;30;12,8;10,3;13,5;34;29;31;269;5,5;1,1;
2024-04-01;2000;null;916,9;1008,7;917,1;916,9;1169;33;30,2;11,7;30,7;29,6;12,4;10,8;13,1;34;30;32;272;4,7;1,1;
2024-04-01;2100;null;917;1010,5;917,1;916,9;303,4;31;24,8;16,6;30,3;24,8;17,5;11,3;12,9;61;32;60;228;2,6;1,3;
2024-04-01;2200;null;917,5;1012,3;917,5;917;-3,1;27;21,1;16,7;24,8;21,1;17,2;15,7;12,8;76;57;76;134;3;,4;
2024-04-01;2300;null;918,1;1013,3;918,1;917,5;-3,5;23;20,2;16,9;21,4;20,1;17,3;16,8;12,8;82;76;81;148;1,8;1,1;
2024-04-02;0000;null;918,7;1014,4;918,7;918,1;-3,5;22;18,9;16,8;20,2;18,9;17,4;16,4;12,8;90;81;88;192;1,8;,7;
2024-04-02;0100;null;918,9;1014,8;919;918,7;-3,5;20;18,2;17,8;19;18,2;18;16,6;12,8;98;86;97;151;1,7;1;
2024-04-02;0200;null;918,9;1015;919;918,7;-3,5;20;17,8;17,3;18,3;17,7;17,9;16,4;12,8;99;89;97;152;2,3;1,4;
2024-04-02;0300;null;918,5;1014,6;919;918,4;-3,5;19;17,6;16,7;17,9;17,6;17,3;16;12,7;97;89;94;165;2,7;1,4;
2024-04-02;0400;null;918,1;1014,1;918,5;918,1;-2,9;19;17,7;16,4;17,9;17,6;16,9;15,5;12,7;96;86;92;147;2,6;1,4;
2024-04-02;0500;null;918,1;1014,2;918,2;918;-2,4;19;17,5;17,4;17,8;17,3;17,5;16,3;12,7;100;91;99;166;2,1;,6;
2024-04-02;0600;null;917,8;1013,8;918,1;917,7;-2,5;19;17,7;17,6;17,8;17,3;17,7;17,3;12,7;100;99;99;158;2,1;1,2;
2024-04-02;0700;null;917,8;1013,8;918;917,8;-2,7;19;17,7;17,7;18;17,7;17,9;17,6;12,6;100;98;100;155;2,1;1,4;
2024-04-02;0800;null;917,9;1013,9;917,9;917,7;-1,6;19;17,8;17,8;18;17,6;17,9;17,6;12,6;100;98;100;146;2,1;1;
2024-04-02;0900;null;918,5;1014,6;918,5;917,9;-3,1;18;17,6;null;17,8;17,2;17,8;17,2;12,6;100;100;null;194;1,9;1;
2024-04-02;1000;null;919,1;1015;919,1;918,5;57,4;19;18,4;18,3;18,4;17,6;18,4;17,7;12,7;100;99;100;152;1,4;,6;
2024-04-02;1100;null;919,3;1014,8;919,4;919,1;254;20;19,7;17,2;19,7;18,4;18,8;16,7;13,1;100;83;85;160;2;1,4;
2024-04-02;1200;null;920;1014,6;920,1;919,3;616,6;21;22,5;17,1;22,5;19,7;18;16,4;13,3;87;69;72;111;2,3;,5;
2024-04-02;1300;null;920,3;1014,2;920,3;920;1013,5;24;24,8;17,4;24,8;22,4;17,8;16,5;13,5;73;61;63;57;2,4;,9;
2024-04-02;1400;null;919,8;1013,2;920,3;919,8;1429,5;26;25,9;16,7;25,9;24,6;18,3;16,4;13,7;66;56;57;81;3,1;1,6;
2024-04-02;1500;null;918,9;1012,1;919,8;918,9;1463;28;26,3;17,4;26,6;25,8;18,1;17;13,6;62;57;58;80;3,1;1,4;
2024-04-02;1600;null;918,3;1011,3;918,9;918,3;1259,5;29;26,8;17,7;27;26,2;18,5;17,3;13,5;61;56;58;53;2,7;1;
2024-04-02;1700;null;917,3;1009,8;918,3;917,3;1826,2;30;27,9;18,8;27,9;26,6;18,8;17,3;13,6;61;56;58;164;3;1;
2024-04-02;1800;null;916,4;1008,9;917,3;916,4;1814,7;31;27,7;18,3;28,8;27;19;17,3;13,5;61;51;56;76;2,9;1,3;
2024-04-02;1900;null;916,3;1008,9;916,4;916,1;1539,7;31;27,4;18,5;28,1;27;19,2;18;13,1;62;55;58;175;3;1,6;
2024-04-02;2000;null;916,5;1009,4;916,5;916,3;541,5;30;26,4;18,6;27,4;26,4;19,5;18,2;13;65;57;62;131;2,9;,9;
2024-04-02;2100;null;916,7;1010,3;916,7;916,5;134,2;28;24,6;18,6;26,4;24,6;19,7;18,1;12,9;74;62;69;109;3,4;,7;
2024-04-02;2200;null;917,2;1011,3;917,2;916,7;-3;26;23;20;24,6;22,8;20,1;18,3;12,8;84;69;84;151;1,7;,8;
2024-04-02;2300;null;917,8;1012,5;917,8;917,2;-3,5;24;21,5;21,2;23;21,5;21,6;19,9;12,8;98;82;98;155;2,2;1,1;
2024-04-03;0000;null;918,3;1013,4;918,3;917,7;-3,5;23;20,5;20,5;21,7;20,4;21,5;20,3;12,8;100;97;100;173;2;,6;
2024-04-03;0100;null;918,9;1014,1;918,9;918,3;-3,5;21;20,3;20,3;20,5;20,1;20,4;20,1;12,8;100;99;100;272;2,5;,7;
2024-04-03;0200;null;919,3;1014,9;919,3;918,9;-3,5;21;19,4;null;20,3;19,3;null;null;12,8;null;null;null;145;2,3;,9;
2024-04-03;0300;null;919,1;1014,9;919,5;919,1;-3;20;18,6;null;19,5;18,6;null;null;12,7;null;null;null;100;2,3;,5;
2024-04-03;0400;null;918,7;1014,4;919,1;918,7;-3,4;20;18,8;null;19;18,6;null;null;12,7;null;null;null;164;2,7;1,2;
2024-04-03;0500;null;918,4;1014,3;918,7;918,4;-3,4;20;18,1;null;18,9;18;null;null;12,7;null;null;null;110;2,4;,5;
2024-04-03;0600;null;918,3;1014,2;918,6;918,3;-3,1;19;18;null;18,3;17,8;null;null;12,7;null;null;null;98;1;,3;
2024-04-03;0700;null;918,4;1014,4;918,4;918,2;-3,1;19;18;18;18;17,4;null;null;12,7;null;null;100;162;2,2;1,4;
2024-04-03;0800;null;918,8;1014,9;918,8;918,3;-2,2;19;17,8;17,8;18;17,6;null;null;12,6;null;null;100;162;2,2;1,2;
2024-04-03;0900;null;919,2;1015,3;919,2;918,8;-2,3;19;17,8;null;18,2;17,7;18,2;17,7;12,6;100;100;null;152;1,8;,7;
2024-04-03;1000;null;919,5;1015,2;919,5;919,1;82,5;19;19;19;19;17,7;19;17,8;13;100;100;100;159;3;1,7;
2024-04-03;1100;null;919,9;1014,7;919,9;919,5;737,1;20;21,8;20;21,8;19;null;null;13,6;null;null;90;147;3,2;1,6;
2024-04-03;1200;null;920,3;1014;920,3;919,9;1549,9;23;25,3;20,2;25,3;21,8;20,6;19,2;13,9;91;73;73;103;3,9;1,5;
2024-04-03;1300;null;920,5;1013,8;920,5;920,3;2268,5;27;26,6;18,8;27;25;20,4;18,6;13,7;73;61;62;67;5,6;2,6;
2024-04-03;1400;null;920,3;1012,9;920,6;920,2;2886,4;29;28,7;18,4;29;26,6;19,6;18;13,5;64;53;54;58;5,9;2,1;
2024-04-03;1500;null;919,7;1012;920,3;919,7;3260,4;31;29,3;19;29,9;28;19,6;17,7;13,6;57;51;54;55;7,5;2,2;
2024-04-03;1600;null;919;1010,9;919,7;919;2919,3;32;30,3;17,8;30,7;28,1;19,7;17,4;13,5;56;46;47;56;5,4;2,5;
2024-04-03;1700;null;918,3;1010;919;918,3;2681;33;30,7;17,9;31,6;28,4;19,1;17;13,4;54;44;47;40;6,2;3,2;
2024-04-03;1800;null;917,7;1009,3;918,3;917,7;2120,4;33;30,9;17,4;31,2;28,8;19;17;13,5;51;44;44;13;6,2;1,7;
2024-04-03;1900;null;917,4;1009,1;917,7;917,4;2014,2;34;30,6;17,4;31,3;30,4;18,3;16,1;13,5;47;40;45;42;5,4;2,5;
2024-04-03;2000;null;917,2;1009,2;917,4;917,2;1040;34;29,4;18,4;30,7;29,4;18,9;16,6;13,1;53;43;52;128;5;1,2;
2024-04-03;2100;null;917,3;1010,6;917,3;917,1;288,1;32;25,7;19,1;29,6;25,7;19,5;18,1;12,9;67;50;67;239;3,4;,3;
2024-04-03;2200;null;917,9;1012;917,9;917,3;-2,9;27;23,4;19,7;25,7;23,2;19,9;18,6;12,8;81;67;80;147;2;1,4;
2024-04-03;2300;null;918,8;1013,6;918,8;917,9;-3,5;25;21,6;20,4;23,4;21,6;21,3;19,4;12,8;96;79;93;141;2,7;1;
2024-04-04;0000;null;919,5;1014,5;919,5;918,8;-3,5;23;21;21;21,8;21;21,5;20,4;12,8;100;92;100;148;2;1,3;
2024-04-04;0100;null;919,7;1014,9;919,7;919,5;-3,5;23;20,6;20,6;21,1;20,6;21,1;20,6;12,8;100;100;100;155;2,7;1,7;
2024-04-04;0200;null;919,9;1014,9;920;919,7;-3,5;22;21,2;20,7;21,9;20,6;21,2;18,9;12,8;100;84;97;148;2,9;2;
2024-04-04;0300;null;919,7;1014,9;919,9;919,7;-3,5;22;20,7;20,3;21,7;20,7;20,5;18,6;12,7;98;84;98;147;2,9;1,4;
2024-04-04;0400;null;919,6;1015;919,7;919,5;-3,5;21;20,1;20,1;21,1;20,1;20,6;18,7;12,7;100;89;100;206;2,3;,4;
2024-04-04;0500;null;919,3;1014,9;919,7;919,3;-3,2;21;19,3;null;20,1;19,2;null;null;12,7;null;null;null;146;2;1,3;
2024-04-04;0600;null;919,4;1015,1;919,4;919,3;-3,5;20;18,9;null;19,3;18,8;null;null;12,7;null;null;null;154;2;1;
2024-04-04;0700;null;919,6;1015,3;919,6;919,3;-2,2;20;19;null;19;18,6;null;null;12,7;null;null;null;154;1,8;1;
2024-04-04;0800;null;919,7;1015,4;919,9;919,6;-1,5;20;19;null;19,2;19;null;null;12,6;null;null;null;148;1,8;1,2;
2024-04-04;0900;null;920,4;1016;920,4;919,7;-2,1;20;19,6;null;19,6;18,9;null;null;12,6;null;null;null;159;2,7;1,4;
2024-04-04;1000;null;921,2;1016,4;921,2;920,4;67,8;20;21;20,8;21;19,6;null;null;12,9;null;null;99;143;2,9;1;
2024-04-04;1100;null;921,9;1016,3;921,9;921,2;817,8;22;23,5;19,7;23,9;21;21,1;19,3;13,6;99;77;79;127;2,9;1,5;
2024-04-04;1200;null;922,1;1015,7;922,1;921,8;1554,1;26;26,2;20,8;26,2;23,5;20,8;19,6;13,7;80;70;72;102;3,7;1,4;
2024-04-04;1300;null;922,1;1014,9;922,1;922;2219;28;28,7;19,9;28,7;26,1;21;19,4;13,6;72;58;59;74;4,3;1,8;
2024-04-04;1400;null;921,8;1014,6;922,1;921,8;2798,2;30;28,5;19,2;30,1;28;20,3;18,5;13,6;60;53;57;88;5;1,3;
2024-04-04;1500;null;921,1;1013,8;921,8;921,1;2880;32;28,5;18;30,9;28,3;20;17,5;13,5;60;47;53;134;4,6;1,4;
2024-04-04;1600;null;920,1;1012;921,1;920;3580,4;34;30,8;17,4;31,6;28,6;19,9;17,1;13,4;54;43;45;58;5,2;2,1;
2024-04-04;1700;null;919,1;1010,9;920,1;919,1;2900,5;34;30,9;17,6;31,9;29,2;19,4;17,2;13,4;53;44;45;112;5;1,7;
2024-04-04;1800;null;918,2;1009,7;919,1;918,2;2715,9;35;31,4;17,4;32;30,5;19,1;15,7;13,4;49;39;43;94;3,8;1,3;
2024-04-04;1900;null;917,7;1009,3;918,2;917,7;2027,7;35;30,8;18,3;32;30,8;18,4;16,7;13,5;48;41;47;142;4,4;1,8;
2024-04-04;2000;null;917,9;1010,7;917,9;917,6;344,9;32;27,4;19,3;31;27,2;19,3;17,7;13;62;45;61;208;8;3,7;
2024-04-04;2100;null;918,4;1011,6;918,4;917,8;264,4;30;26,2;19,8;27,7;26,2;19,8;19,1;12,9;68;60;68;166;5,5;1,1;
2024-04-04;2200;null;919,4;1013,2;919,4;918,4;-,5;28;24,7;19,5;26,2;24,7;19,8;19,3;12,8;73;67;73;123;2,8;,9;
2024-04-04;2300;null;919,8;1014;919,8;919,4;-3,5;26;23,5;19,8;24,7;23,1;19,8;19,3;12,8;81;72;80;139;2,3;1,2;
2024-04-05;0000;null;920,3;1015;920,4;919,8;-3,5;24;22,4;21,1;23,5;22,1;21,9;19,7;12,8;98;80;92;144;2,9;1,1;
2024-04-05;0100;null;920,8;1015,9;920,8;920,3;-3,5;23;21,1;21,1;22,4;21,1;21,6;21,1;12,8;100;92;100;165;2,6;1;
2024-04-05;0200;null;920,9;1016,2;920,9;920,8;-3,5;22;20,6;null;21,1;20,3;null;null;12,8;null;null;null;144;1,8;1,3;
2024-04-05;0300;null;920,6;1016,1;920,9;920,6;-3,4;22;20,1;null;20,6;20,1;null;null;12,7;null;null;null;115;2;1;
2024-04-05;0400;null;920,3;1015,9;920,6;920,3;-3,5;21;19,7;null;20,1;19,6;null;null;12,7;null;null;null;164;1,8;1,1;
2024-04-05;0500;null;920,3;1016;920,4;920,3;-3,4;20;19,2;null;19,7;18,9;null;null;12,7;null;null;null;186;1,5;,6;
2024-04-05;0600;null;919,9;1015,7;920,3;919,9;-2,3;20;19;null;19,2;19;null;null;12,7;null;null;null;153;2,1;1,3;
2024-04-05;0700;null;919,8;1015,5;920;919,6;-2,4;20;19,1;null;19,1;18,8;null;null;12,7;null;null;null;152;4,2;1,8;
2024-04-05;0800;null;919,8;1015,2;919,9;919,7;-2,8;20;19,9;19,9;20;19,1;null;null;12,6;null;null;100;161;4,2;1,2;
2024-04-05;0900;null;920,6;1016,1;920,6;919,8;-3,2;20;20;20;20,3;19,6;20,3;19,6;12,6;100;100;100;141;2,9;1;
2024-04-05;1000;null;921,1;1016,4;921,1;920,6;65;20;20,7;20,7;20,7;19,6;20,7;19,6;12,9;100;100;100;124;2,6;1,2;
2024-04-05;1100;null;922;1016,6;922;921,1;660,5;22;23;19,7;23;20,7;21;19,1;13,5;100;82;82;144;2,6;1;
2024-04-05;1200;null;922,4;1016,3;922,4;922;1096,9;24;25,3;19,7;25,6;22,7;20,8;19,3;13,9;85;71;71;98;3,6;1,4;
2024-04-05;1300;null;922,4;1015,4;922,7;922,4;2019,6;27;28;20,6;28;25,3;21,1;19,4;13,7;74;64;64;89;4,9;1,5;
2024-04-05;1400;null;922;1014,8;922,5;922;2734,6;30;28,5;20;28,8;26,8;20,9;19,4;13,6;67;59;60;67;4,7;1,8;
2024-04-05;1500;null;921,1;1013,4;922;921,1;2810;31;29,9;20,3;30,3;27,4;21,5;18,9;13,5;65;53;57;65;5,6;2;
2024-04-05;1600;null;920,1;1012,5;921,1;920,1;1883,3;32;29,2;18,9;31,2;28,6;20,8;18,2;13,2;57;48;54;230;5,4;1,5;
2024-04-05;1700;null;919,2;1011,3;920,1;919,2;2130,9;33;29,9;18,4;31,2;29,2;19,8;17,8;13,1;55;46;50;160;3,4;,8;
2024-04-05;1800;null;918,5;1010,1;919,2;918,5;2654;35;31,1;17,6;32;29,6;19,3;17,2;13,1;52;42;45;47;3,7;1,9;
2024-04-05;1900;null;918;1009,8;918,6;918;1771;35;30,3;18,2;31,9;29,9;18,8;17,1;13,2;49;42;48;126;3,7;1,6;
2024-04-05;2000;null;918,1;1011,8;918,4;918;520;30;24,5;21,1;30,3;24,2;21,6;16,4;13;82;48;81;73;7,4;1,2;
2024-04-05;2100;null;918,3;1012,2;918,4;918,1;187,7;28;24,1;21,3;25,3;24,1;24,3;21;12,9;99;80;85;141;1,9;,8;
2024-04-05;2200;null;918,8;1012,8;918,8;918,3;1,2;26;23,8;21;24,2;23,5;23,6;20,8;12,8;99;82;85;118;1,9;,8;
2024-04-05;2300;null;919,4;1013,6;919,4;918,7;,9;25;23,4;21,2;24,3;23,3;21,2;19,6;12,8;87;75;87;254;3,9;1,5;
2024-04-06;0000;null;920,2;1014,7;920,2;919,4;,6;25;22,9;21,3;23,7;22,7;22;19,9;12,8;96;80;91;303;4,2;1,2;
2024-04-06;0100;null;920,4;1015,2;920,5;920,2;-1,4;24;22;22;23,1;22;22;20;12,8;100;83;100;115;3,2;,6;
2024-04-06;0200;null;920,3;1015,3;920,5;920,3;-2,5;23;21,5;21,5;22;21,5;null;null;12,8;null;null;100;144;1,5;1,1;
2024-04-06;0300;null;920;1015;920,3;920;-2,2;23;21,2;21,2;21,5;21,2;21,5;21,2;12,7;100;100;100;106;1,8;,6;
2024-04-06;0400;null;919,6;1014,7;920;919,5;-2,2;22;20,9;20,9;21,2;20,9;21,2;20,9;12,7;100;100;100;161;1,5;1,1;
2024-04-06;0500;null;919,1;1014,2;919,6;919,1;-2,3;22;20,7;20,7;21,1;20,6;null;null;12,7;null;null;100;144;2;,9;
2024-04-06;0600;null;918,7;1014,1;919,1;918,7;-3,2;21;19,6;null;20,7;19,5;null;null;12,7;null;null;null;114;1,8;,7;
2024-04-06;0700;null;918,7;1014,2;918,8;918,6;-3;21;19,3;null;19,8;19,2;null;null;12,7;null;null;null;153;3,2;1,9;
2024-04-06;0800;null;919;1014,5;919;918,7;-2,3;20;19,6;19,6;19,6;19;null;null;12,6;null;null;100;154;3,2;1,1;
2024-04-06;0900;null;919,4;1015;919,4;919;-3,5;20;19,2;19,2;19,7;19,2;19,7;19,2;12,6;100;100;100;159;2,6;,9;
2024-04-06;1000;null;920;1015,6;920;919,4;84,6;20;19,6;19,5;19,8;18,9;19,8;18,9;13;100;99;99;157;2,5;,7;
2024-04-06;1100;null;920,6;1015,1;920,6;920;738,9;22;23;19;23,1;19,6;20,7;18,7;13,5;100;77;78;116;3,2;1;
2024-04-06;1200;null;921;1014,5;921;920,6;1547,2;25;26,1;19,6;26,1;23;19,8;18,7;13,8;80;66;67;104;3,9;1,6;
2024-04-06;1300;null;921,4;1014,6;921,4;921;2306,9;27;27;19,3;27;25,8;20,2;18,8;13,6;69;63;63;120;4,3;1,8;
2024-04-06;1400;null;921,2;1013,7;921,5;921,2;2868,2;30;29,2;18,8;29,3;26,9;20,2;17,9;13,6;65;53;53;26;4,5;2,3;
2024-04-06;1500;null;920,2;1012,3;921,2;920,2;2653,4;32;30,1;18;30,1;28,2;19,3;17,1;13,5;56;47;48;15;4,3;1,1;
2024-04-06;1600;null;919,4;1011,5;920,2;919,4;3107,1;33;30;17,1;31,3;29,4;18,7;16,8;13,5;50;44;46;97;3,5;1,7;
2024-04-06;1700;null;918,6;1010,1;919,4;918,6;3367,4;34;31,6;17;32,1;29,8;18,6;16,3;13,5;48;40;42;4;4,8;1,7;
2024-04-06;1800;null;918,3;1011,6;918,6;918,2;1399,1;32;26;17,8;31,7;26;18,6;15,9;13;61;40;61;134;7,4;2,9;
2024-04-06;1900;null;918,5;1012,3;918,5;918,2;295,1;29;24,5;18,5;26;24,5;19,3;17,8;13;69;61;69;324;7;1,5;
2024-04-06;2000;null;918,1;1012,4;918,5;918,1;360;27;22,8;19,2;24,4;22,8;19,4;18,3;12,9;80;69;80;283;5,8;3;
2024-04-06;2100;null;918,6;1013,1;918,6;918,1;114,1;25;22,4;19,6;23;22,4;19,6;19;12,9;84;78;84;170;4,5;,4;
2024-04-06;2200;null;919,2;1013,9;919,2;918,6;-1,3;24;21,8;21,5;22,4;21,8;21,5;19,5;12,8;98;84;98;119;2,6;,6;
2024-04-06;2300;null;919,8;1014,6;919,8;919,2;-2,8;23;21,9;21,6;22,1;21,4;21,9;21,2;12,8;100;94;98;127;2,1;,6;
2024-04-07;0000;null;920,5;1015,3;920,5;919,8;-3;23;22,1;19;23,2;21,8;21,7;17,9;12,8;100;72;83;191;7,4;3,2;
2024-04-07;0100;null;920,6;1015,6;920,7;920,5;-2,5;23;21,4;21,3;22,1;21,3;21,4;19;12,8;100;83;99;163;6,2;,9;
2024-04-07;0200;null;920,6;1015,7;920,6;920,5;-1,5;22;21,2;20,9;21,5;21,2;21,3;20,5;12,7;100;94;99;152;2,1;1;
2024-04-07;0300;null;920,8;1016,1;920,8;920,6;-3,4;22;20,6;20,6;21,2;20,5;21;20,5;12,7;100;97;100;146;1,9;,9;
2024-04-07;0400;null;920,7;1015,9;920,8;920,5;-2,5;22;20,9;18,7;21,1;20,2;20,8;18,7;12,7;100;87;87;136;2,8;1,1;
2024-04-07;0500;null;920,7;1016,3;920,7;920,6;-3,5;21;19,8;19,5;21;19,6;19,6;18,1;12,7;99;85;99;136;3,4;1,1;
2024-04-07;0600;null;920,4;1016,1;920,7;920,4;-3,5;21;19,4;18,7;19,9;19,4;19,5;18,4;12,7;99;93;95;129;3,3;1,3;
2024-04-07;0700;null;920,3;1016;920,5;920,3;-3,4;20;19,4;17,3;19,6;18,9;18,7;17,3;12,6;99;87;87;149;3,8;1,2;
2024-04-07;0800;null;920,3;1016;920,3;920,2;-3;20;19,4;16,8;19,6;19,4;17,2;16,8;12,6;87;84;85;128;3,8;1,7;
2024-04-07;0900;null;920,7;1016,5;920,7;920,3;-3,5;20;19,1;17;19,6;19;17,1;16,6;12,6;89;83;87;127;4,6;1,6;
2024-04-07;1000;null;921;1016,5;921;920,7;59,5;20;20;16,8;20;19,1;17,1;16,7;12,8;88;81;81;123;6,4;2,3;
2024-04-07;1100;null;921,3;1016,3;921,3;920,9;761,9;21;21,7;17,2;21,7;20,1;17,3;16,7;13,6;82;75;76;113;7,6;2,6;
2024-04-07;1200;null;922;1016,2;922;921,3;1584,1;24;24,4;17,2;24,6;21,7;17,9;17;13,9;76;64;64;108;7,3;2,3;
2024-04-07;1300;null;922,1;1015,8;922,3;922;2318,4;26;25,9;17,1;25,9;24,3;17,7;16,5;13,7;66;58;58;73;8,6;3;
2024-04-07;1400;null;922;1015,3;922,2;922;2848,5;28;26,9;17,2;27,5;25,8;18,5;16,5;13,6;61;54;56;64;8,6;2,5;
2024-04-07;1500;null;921,4;1014,3;922;921,3;3165,5;29;28,1;17,8;28,5;26,5;19;16,9;13,5;57;52;54;60;6,8;2,5;
2024-04-07;1600;null;920,9;1013,5;921,4;920,9;2911,8;31;28,9;18;29,4;27,4;19,4;16,9;13,6;57;50;52;54;6,5;2,8;
2024-04-07;1700;null;920,1;1012,6;920,9;920,1;2754,4;32;28,8;17,2;29,8;27,8;18,6;16,2;13,5;53;46;49;68;5,7;1,9;
2024-04-07;1800;null;919,6;1012,2;920,1;919,6;1882,9;32;28,4;16,9;29,7;27,8;18,2;16,2;13,6;52;45;50;102;5,4;1,5;
2024-04-07;1900;null;919,5;1012;919,6;919,3;1889,5;32;28,8;15,4;29,5;28,3;17,8;15,4;13,6;52;44;44;106;4,8;1,7;
2024-04-07;2000;null;919,5;1012,5;919,5;919,4;854,5;31;27,2;17,1;29;26,9;17,1;15,2;13,1;54;44;54;128;4;,6;
2024-04-07;2100;null;919,4;1013,5;919,5;919,2;264,2;29;23,7;17,2;27,2;23,7;17,4;16,2;12,9;68;51;67;164;3,1;,9;
2024-04-07;2200;null;920;1014,7;920;919,4;-3,3;25;22,2;17,3;24;22,2;17,3;16,3;12,8;74;64;74;152;2,1;1;
2024-04-07;2300;null;920,9;1016,3;920,9;920;-3,5;23;20,5;17,2;22,2;20,5;17,5;16,9;12,8;81;73;81;134;2,1;1;
2024-04-08;0000;null;921,1;1016,7;921,1;920,9;-3,5;21;19,8;18,2;20,5;19,6;18,7;17,1;12,8;94;81;90;152;1,8;,9;
2024-04-08;0100;null;921,2;1017,1;921,3;921,1;-3,5;21;19;18,5;19,8;19;18,9;17,9;12,8;98;89;97;164;2,1;1;
2024-04-08;0200;null;921,2;1017,2;921,2;921;-3,5;20;18,6;17,7;19,5;18,6;18,7;16,6;12,8;98;85;95;153;2,4;1,3;
2024-04-08;0300;null;921,1;1017,5;921,4;921,1;-3,5;19;17,6;17,6;18,6;17,6;18,3;17,6;12,7;100;95;100;151;2,2;1;
2024-04-08;0400;null;921;1017,4;921,2;920,9;-3,4;19;17,5;null;18,1;17,2;18,1;17,2;12,7;100;100;null;134;2,4;1;
2024-04-08;0500;null;920,3;1016,7;921;920,3;-3;18;17,4;null;17,5;17,1;null;null;12,7;null;null;null;146;2,6;1,3;
2024-04-08;0600;null;920,2;1016,4;920,3;920,2;-3,4;18;17,7;17,7;18,3;17,2;18,3;17,7;12,7;100;99;100;204;2,9;,4;
2024-04-08;0700;null;920,2;1016,6;920,3;920,1;-2,8;18;17,3;null;17,7;17;null;null;12,7;null;null;null;156;2,8;1,7;
2024-04-08;0800;null;920,4;1016,3;920,4;920,1;-2,9;18;18,7;17,2;18,8;17,3;18,6;17,2;12,6;100;91;91;161;2,8;,8;
2024-04-08;0900;null;920,6;1016,7;920,6;920,3;-3,5;19;18,2;18,2;19,1;18;18,2;16,4;12,6;100;85;100;147;2,8;,9;
2024-04-08;1000;null;921;1016,4;921;920,6;136,2;19;20,3;16,7;20,3;18,2;18,3;16,4;13,1;100;79;80;116;3,5;1;
2024-04-08;1100;null;920,9;1016;921;920,9;555,2;20;21,2;16,6;21,3;20,1;17,1;16,3;13,4;82;74;75;112;4,9;1,7;
2024-04-08;1200;null;921,5;1015,9;921,5;920,9;1050;22;23,4;16,4;23,9;21,2;17,8;16,4;13,5;76;64;65;60;6,6;1,5;
2024-04-08;1300;null;921,6;1015;921,6;921,3;2088,9;25;26,5;16,9;26,5;23,2;17,7;16,1;13,7;68;55;56;39;6,3;3,4;
2024-04-08;1400;null;921,1;1014,4;921,6;921,1;2250,4;27;26,6;16,4;26,7;24,9;17,3;16;13,7;61;53;54;46;6,4;2,7;
2024-04-08;1500;null;920,4;1013,4;921,1;920,4;3154,4;29;27,4;16,5;28;26,6;17,7;15,9;13,7;55;50;51;41;6,2;2,3;
2024-04-08;1600;null;919,7;1013,1;920,4;919,7;2095,1;30;26;16,6;28,8;26;18,1;16,1;13,3;58;49;56;38;6,5;2,8;
2024-04-08;1700;null;919,3;1012,5;919,8;919,3;1084,3;29;26,4;17,1;26,5;25,9;17,8;16,6;13,2;59;55;57;75;5,3;1;
2024-04-08;1800;null;919,1;1012,4;919,3;919,1;889,8;29;26;17,3;26,6;26;17,9;16,6;13,1;61;54;59;71;3,4;1;
2024-04-08;1900;null;918,8;1012,4;919,1;918,8;454;28;25,1;17;26,2;25,1;18,3;16,8;13;64;57;61;141;2,6;,8;
2024-04-08;2000;null;918,4;1012,2;918,8;918,4;272,6;27;24,4;19;25,2;24,4;19,1;17,3;13;72;61;72;142;2,2;,8;
2024-04-08;2100;null;918,7;1012,9;918,7;918,4;98,8;26;23,4;18,9;24,5;23,4;19;18,3;12,8;76;70;76;152;1,5;,8;
2024-04-08;2200;null;918,9;1013,3;919;918,7;-3,4;25;22,7;18,2;23,5;22,6;18,7;18;12,8;77;71;75;141;2,4;1,2;
2024-04-08;2300;null;919,4;1014;919,4;918,9;-3,3;24;22,4;17,7;22,8;22,2;18,2;17,7;12,8;77;74;75;143;2,7;1,3;
2024-04-09;0000;null;919,6;1014,3;919,7;919,4;-2,6;23;22;17,6;22,5;22;17,8;17,5;12,8;77;75;76;145;2,8;1,1;
2024-04-09;0100;null;919,9;1014,6;920;919,6;-2;23;22,2;17,4;22,3;22;17,6;17,3;12,8;76;74;74;138;2,9;1,2;
2024-04-09;0200;null;919,9;1014,6;920,1;919,9;-3;23;22,1;17,2;22,3;21,8;17,5;17,1;12,7;76;73;74;128;2,9;1;
2024-04-09;0300;null;919,9;1014,9;920,1;919,8;-3,5;22;21,3;17,2;22,1;21,1;17,3;17;12,7;78;73;77;148;3,5;1;
2024-04-09;0400;null;919,6;1014,9;920;919,6;-3,2;22;20,4;17,2;21,3;20,1;17,5;16,9;12,7;84;77;82;151;2,5;1;
2024-04-09;0500;null;919,2;1014,4;919,6;919,2;-2,7;21;20,3;17;20,7;20;17,4;17;12,7;85;80;81;151;2,5;1,3;
2024-04-09;0600;null;919,3;1014,5;919,3;919;-3,1;21;20,4;17,1;20,5;19,7;17,3;16,9;12,7;86;80;81;178;2,5;,7;
2024-04-09;0700;null;919,2;1014,6;919,4;919,2;-2,9;21;19,9;17,1;20,8;19,8;17,1;16,6;12,6;84;78;84;132;1,9;,7;
2024-04-09;0800;null;919,2;1014,7;919,3;919,1;-3,1;21;19,7;16,8;20;19,4;17,8;16,7;12,6;91;82;83;151;2,2;1,1;
2024-04-09;0900;null;919,9;1015,4;919,9;919,2;-2,4;20;19,7;16,9;20;19,5;17,1;16,7;12,6;85;82;84;161;2,6;,9;
2024-04-09;1000;null;920,4;1015,9;920,4;919,9;54,5;20;20;17,3;20;19,2;18,2;16,8;12,7;93;83;85;132;2,7;1,1;
2024-04-09;1100;null;921;1016,1;921;920,4;320,3;21;21,2;17,4;21,2;20;17,5;17;13,1;85;77;79;116;2,7;1,2;
2024-04-09;1200;null;921,6;1016,2;921,6;921;803,6;23;23;17,5;23;21,2;17,7;17,1;13,5;80;70;71;105;3;1,4;
2024-04-09;1300;null;921,7;1015,6;921,8;921,6;1394,6;25;25,2;17,7;25,2;22,9;17,9;16,7;13,7;72;61;63;44;3,1;1,6;
2024-04-09;1400;null;921,1;1014,7;921,7;921,1;1143;27;25,8;17,6;25,8;24,9;18,1;16,5;13,6;64;59;60;64;4,1;1;
2024-04-09;1500;null;920,6;1013,8;921,1;920,6;1636;28;26,9;18;27,4;25,2;19,4;17;13,7;66;56;58;129;3,3;1,5;
2024-04-09;1600;null;920;1013,1;920,6;920;1673,1;29;26,9;18;27,1;26,1;18,7;17,3;13,7;62;56;58;150;3,7;1,8;
2024-04-09;1700;null;919,3;1012,4;920;919,3;1255,3;29;26,8;18;27,4;26,5;18,8;17,4;13,2;61;56;59;132;4,2;1,1;
2024-04-09;1800;null;919;1012,5;919,3;919;960;28;25,5;19;26,8;25,2;19,7;17,8;13,4;70;58;67;144;4,7;2,1;
2024-04-09;1900;null;918,6;1012,2;919;918,6;582;28;24,9;19;25,5;24,9;19,4;18,7;13,1;71;66;70;132;4,6;1,6;
2024-04-09;2000;null;918,4;1012,3;918,6;918,3;676,5;27;24,2;18,6;25,4;24,2;19,4;18,5;13;71;67;71;151;3,8;1,8;
2024-04-09;2100;null;918,6;1013,1;918,6;918,4;119,6;26;22,4;18,6;24,2;22,4;18,7;18;12,9;79;69;79;139;4,6;2;
2024-04-09;2200;null;919,1;1013,9;919,1;918,6;-3;24;21,7;18,6;22,4;21,6;18,7;18,5;12,8;83;79;83;162;3,8;1,2;
2024-04-09;2300;null;919,5;1014,5;919,5;919,1;-2,5;23;21,1;20,3;21,7;21,1;20,3;18,6;12,7;95;83;95;140;3;1,4;
2024-04-10;0000;null;919,8;1014,9;919,8;919,4;-2,7;22;21;20,3;21,2;21;20,5;20,1;12,7;97;95;96;134;2,5;1,3;
2024-04-10;0100;null;919,7;1014,9;919,8;919,7;-3,4;22;20,6;20,1;21;20,6;20,5;20,1;12,6;99;96;97;146;2,6;1,4;
2024-04-10;0200;null;919,6;1015;919,7;919,6;-3,5;21;19,9;19,9;20,7;19,7;20,1;19,1;12,6;100;91;100;143;2,5;1;
2024-04-10;0300;null;919,5;1014,9;919,6;919,5;-3,3;21;19,9;19,8;20;19,8;20;19,7;12,6;100;99;99;146;2,5;,9;
2024-04-10;0400;null;919;1014,6;919,5;919;-3,5;20;19,3;19,3;20;19,1;19,8;19,2;12,6;100;98;100;150;2,2;1,1;
2024-04-10;0500;null;918,7;1014,7;918,9;918,7;-3,5;20;18;null;19,3;17,8;19,3;18,3;12,6;100;100;null;42;1,8;,7;
2024-04-10;0600;null;918,3;1014,4;918,7;918,3;-3;19;17,6;null;18;17,6;null;null;12,6;null;null;null;165;2,2;,8;
2024-04-10;0700;null;918,7;1014,9;918,7;918,3;-3,4;18;17,5;null;17,6;17,1;null;null;12,6;null;null;null;206;1,8;,5;
2024-04-10;0800;null;918,7;1015,1;918,7;918,6;-3,5;18;16,9;null;17,5;16,8;null;null;12,6;null;null;null;135;2;1,2;
2024-04-10;0900;null;918,9;1015,2;918,9;918,7;-2,6;18;17,2;null;17,3;16,8;null;null;12,5;null;null;null;153;2,3;1,3;
2024-04-10;1000;null;919,6;1015,5;919,6;918,8;76,4;18;18,4;null;18,4;17,2;null;null;12,7;null;null;null;200;2,8;,5;
2024-04-10;1100;null;920,5;1015,9;920,5;919,6;335;19;20,3;19,7;20,3;18,4;null;null;13,1;null;null;96;52;1,9;,3;
2024-04-10;1200;null;920,9;1015,7;920,9;920,5;656,4;21;22,1;20,9;22,1;20,3;20,9;17,8;13,9;99;83;93;159;2,1;1,2;
2024-04-10;1300;null;920,9;1015;921;920,8;1966,9;24;24,3;17,5;25,2;22,2;19,3;17,5;13,5;92;64;66;238;4,1;2,3;
2024-04-10;1400;null;920,1;1013,4;920,9;920,1;2861,9;27;26,4;17,6;27,3;24,3;18,4;17,2;13,5;67;56;59;240;4,3;1,5;
2024-04-10;1500;null;919,1;1011,8;920,1;919,1;2368,8;29;28;17,9;28,4;25,6;18,9;17,3;13,6;64;53;54;97;3,7;1,5;
2024-04-10;1600;null;918,2;1010,5;919,1;918,2;2984,4;31;29;17,2;29,5;27,4;18,4;16,9;13,5;55;48;49;76;4,1;1,1;
2024-04-10;1700;null;917,5;1009,9;918,2;917,5;1645,6;31;28,5;18,4;29,3;27,5;18,9;17,3;13,5;58;49;54;118;5,7;1;
2024-04-10;1800;null;917;1009,4;917,5;917;1604,6;31;28,3;16,4;29,2;28,1;18,8;16,4;13,5;56;48;48;31;3,6;1,5;
2024-04-10;1900;null;916,6;1009,1;917;916,6;1308,4;32;27,8;17,2;29,7;27,7;17,8;16,2;13,1;55;46;52;54;2,7;,8;
2024-04-10;2000;null;916,5;1009,1;916,7;916,5;439;31;27,5;19;28,6;27,4;19,1;17,3;13,1;60;52;60;178;2,1;,4;
2024-04-10;2100;null;916,8;1010,4;916,8;916,5;201,4;29;24,4;18,4;28,3;24,4;19,1;17,8;12,9;69;54;69;329;5,5;1;
2024-04-10;2200;null;917,2;1011,4;917,2;916,7;-3,2;26;22,7;19,3;24,5;22,7;19,3;18,2;12,8;81;68;81;100;2,4;,8;
2024-04-10;2300;null;918;1012,5;918;917,2;-3,3;25;22,2;20,9;22,7;21,9;21,5;19,3;12,8;98;81;92;319;1,6;,9;
2024-04-11;0000;null;918,8;1013,3;918,8;918;-1,6;24;22,4;19,3;22,6;22,2;20,7;19,3;12,8;92;83;83;326;2,4;,4;
2024-04-11;0100;null;919,3;1013,8;919,3;918,9;-2,6;24;22,5;19,3;23;22,3;20;19,1;12,8;87;79;83;43;2,6;,9;
2024-04-11;0200;null;919,6;1014,3;919,7;919,3;-2,4;23;21,9;21,6;22,4;21,6;21,7;19,3;12,8;100;83;98;137;2,1;1,1;
2024-04-11;0300;null;919,6;1014,5;919,7;919,6;-2;23;21,4;18,3;21,9;21,4;21,6;18,3;12,8;98;82;83;149;3,2;1,7;
2024-04-11;0400;null;919,2;1014,1;919,6;919,2;-2,2;23;21,2;17,8;21,4;21,2;18,4;17,8;12,8;83;80;81;144;3,9;1,6;
2024-04-11;0500;null;918,6;1013,6;919,2;918,6;-2,6;22;20,8;18,2;21,2;20,8;18,2;17,8;12,7;85;81;85;156;3,5;1,1;
2024-04-11;0600;null;918,7;1013,9;918,7;918,4;-1,8;22;20,4;20,1;20,9;20,4;20,1;18,2;12,7;98;85;98;155;2,9;,8;
2024-04-11;0700;null;918,5;1013,5;918,7;918,4;-2,7;22;20,7;20,1;20,8;20,4;20,2;19,1;12,7;98;90;96;130;2,9;,8;
2024-04-11;0800;null;918,9;1013,9;918,9;918,5;-,4;22;20,8;20,2;21;20,6;20,4;18,7;12,7;99;87;96;172;2;,8;
2024-04-11;0900;null;919,2;1014,3;919,2;918,9;-1,6;22;20,6;20,4;20,8;20,6;20,4;20;12,7;99;95;99;153;2,4;,9;
2024-04-11;1000;null;919,8;1015;919,8;919,2;62,8;22;20,6;20,6;21,1;20,6;20,6;19,4;12,8;100;90;100;150;2,4;1,5;
2024-04-11;1100;null;920,5;1014,7;920,5;919,8;519,8;22;23,7;19,4;23,7;20,6;21,2;18,9;13,6;100;77;77;123;2,4;1,1;
2024-04-11;1200;null;920,9;1014,5;920,9;920,5;1563,1;25;25,6;19;25,7;23,8;19,5;18,2;13,7;77;66;67;105;3,5;1,3;
2024-04-11;1300;null;921,2;1014,4;921,2;920,9;1540,9;28;27,1;18,8;27,4;25,4;19,4;17,9;13,6;69;59;61;51;3,6;1,6;
2024-04-11;1400;null;920,8;1013,4;921,2;920,8;3075,8;30;28,8;18,9;29;27;20;17,7;13,5;63;53;55;null;null;null;
2024-04-11;1500;null;920,2;1012,9;920,8;920,1;2351,1;32;28,2;17,3;29,4;28;18,9;17,3;13,5;56;51;51;330;5,2;2,5;
2024-04-11;1600;null;919,4;1011,8;920,1;919,4;1972,4;32;28,9;17,9;29,5;28,1;18,7;17;13,5;54;49;52;345;4,6;1,7;
2024-04-11;1700;null;918,7;1010,8;919,4;918,7;2541;33;29,6;17,4;30,2;28,6;18,6;16,7;13,6;52;45;48;265;4,4;2,1;
2024-04-11;1800;null;918,4;1010,4;918,7;918,4;1620,8;33;30;18,5;30;28,5;18,8;17,1;13,5;54;48;50;319;4,4;1,7;
2024-04-11;1900;null;918,5;1011,9;918,5;918,2;1464,1;32;25,6;18,8;30,5;25,6;19,4;17,6;13;66;47;66;117;6;2,3;
2024-04-11;2000;null;918;1011,5;918,5;918;875,7;29;25,1;19,2;25,6;24,3;19,2;18,2;13,2;70;65;70;142;6,9;2,1;
2024-04-11;2100;null;918,2;1012,4;918,2;917,9;233,1;27;23;19,2;25,1;23;19,7;19;12,9;79;69;79;115;4,3;,9;
2024-04-11;2200;null;919,1;1013,8;919,1;918,3;-3,4;25;21,9;20,8;23;21,9;20,8;19,3;12,8;94;79;94;148;2,7;1,2;
2024-04-11;2300;null;920;1014,8;920;919,1;-2,3;24;21,9;21,1;22,4;21,7;21,5;19,3;12,8;98;83;95;180;3;,8;
2024-04-12;0000;null;920,4;1015,4;920,4;920;-2,5;23;21,5;21,3;21,9;21,5;21,5;21,2;12,8;99;95;99;156;2;1;
2024-04-12;0100;null;920,8;1015,9;920,8;920,4;-2,1;23;21,3;21,3;21,5;21,3;21,4;21,3;12,8;100;99;100;162;2,2;1;
2024-04-12;0200;null;921;1016,2;921,1;920,8;-3,1;22;21;21;21,3;20,9;21,3;20,9;12,7;100;100;100;113;2;,7;
2024-04-12;0300;null;920,6;1015,7;921;920,6;-1,6;22;21,3;21,3;21,8;20,8;21,6;20,8;12,7;100;98;100;142;2,8;1,3;
2024-04-12;0400;null;920,5;1015,5;920,6;920,5;-,4;22;21,4;21,4;21,6;21,3;21,4;21,1;12,7;100;98;100;160;2,8;,7;
2024-04-12;0500;null;920,3;1015,2;920,5;920,2;-2,3;22;21,6;21,2;21,6;21,3;21,5;21,2;12,7;100;98;98;141;2,4;,9;
2024-04-12;0600;null;920,1;1015;920,3;920,1;-2,1;22;21,5;20,4;21,6;21,2;21,3;20,4;12,7;100;93;93;173;2,3;1,5;
2024-04-12;0700;null;919,9;1014,9;920,1;919,8;-2,1;22;21,1;20,9;21,6;21,1;21,1;19,9;12,7;100;90;99;122;3;,9;
2024-04-12;0800;null;920,4;1015,5;920,4;919,9;-3,5;22;21,1;21,1;21,6;20,9;21,2;20,5;12,7;100;94;100;130;4,4;1,6;
2024-04-12;0900;null;920,8;1015,9;920,8;920,4;-3,2;22;21,1;21,1;21,3;21,1;21,2;21,1;12,7;100;99;99;124;4,8;1,7;
2024-04-12;1000;null;921,5;1016,6;921,5;920,8;36,8;22;21,5;19,6;21,6;21;21,1;19,6;12,7;100;89;89;115;5,5;2,2;
2024-04-12;1100;null;922,1;1017,2;922,1;921,5;268,6;22;21,7;18,5;21,8;21,5;19,7;18,4;13;90;82;82;109;8,4;2,8;
2024-04-12;1200;null;922,5;1017,1;922,6;922,1;771;23;23,2;18,8;23,2;21,7;19,1;18,4;13,4;83;76;76;112;8,5;2,5;
2024-04-12;1300;null;922,8;1017;922,8;922,5;1530,6;25;24,6;18,9;25;23,2;19,4;18,6;13,7;77;69;70;97;8;2,7;
2024-04-12;1400;null;922,7;1016,4;922,9;922,7;2217,4;27;26;18,8;26,4;24,6;19,7;18,4;13,8;71;65;65;79;8,4;2,7;
2024-04-12;1500;null;922,2;1015,7;922,8;922,2;2618,4;29;26,6;18,4;27,7;25,9;20;18,4;13,7;67;61;61;73;7,6;2,8;
2024-04-12;1600;null;921,6;1014,6;922,3;921,6;3035,8;30;27,8;18,1;28;26,3;19,6;17,7;13,5;63;55;56;87;9,2;2,6;
2024-04-12;1700;null;920,8;1013,5;921,6;920,7;3045;31;28,6;18,7;28,7;27;19,1;17,4;13,5;58;53;55;59;8,5;2,9;
2024-04-12;1800;null;920,4;1013,5;920,8;920,4;2487;31;27,1;18,2;28,7;26,8;19,3;17,5;13,6;59;53;58;79;7,4;2,5;
2024-04-12;1900;null;919,8;1013;920,4;919,8;1909,2;31;26,5;18,3;28,1;26,5;19,1;17,9;13,6;61;57;61;86;6,4;2,4;
2024-04-12;2000;null;919,7;1013,6;919,8;919,6;891,3;30;24,5;18,1;27;24,5;19,1;18,1;13;68;60;68;76;6,4;1,4;
2024-04-12;2100;null;919,7;1014,4;919,9;919,6;65,7;27;22,2;18;24,5;22,2;18,5;17,7;12,9;77;68;77;168;4,5;,5;
2024-04-12;2200;null;920,1;1015,1;920,2;919,7;-3,5;24;21,4;18,6;22,2;21;18,7;17,9;12,8;86;77;84;154;2,3;,7;
2024-04-12;2300;null;920,5;1015,6;920,5;920,1;-3,5;22;21,2;18,5;21,4;20,8;19,9;18,3;12,8;94;84;85;130;2,4;1,1;
2024-04-13;0000;null;921,3;1016,7;921,3;920,5;-3,5;22;20,4;19,9;21,2;20,2;20,2;18,4;12,8;99;85;97;141;2,4;1,3;
2024-04-13;0100;null;921,6;1017,2;921,6;921,3;-3,3;21;20;19,9;20,8;19,9;20;18,5;12,8;99;87;99;164;3;,8;
2024-04-13;0200;null;921,6;1017,2;921,8;921,5;-3,4;21;20;19,8;20,8;19,9;20,2;18,2;12,7;99;85;99;84;1,9;,6;
2024-04-13;0300;null;921,5;1017,3;921,7;921,4;-3,5;21;19,5;19,5;20;19,2;19,8;19,2;12,7;100;99;100;195;1,4;1;
2024-04-13;0400;null;921,5;1017,4;921,6;921,4;-3,3;20;19,2;null;19,7;19,2;null;null;12,7;null;null;null;137;2,5;,8;
2024-04-13;0500;null;921;1016,5;921,5;921;-1,7;20;20;20;20;19,1;null;null;12,7;null;null;100;155;2,5;1,2;
2024-04-13;0600;null;920,8;1016,1;921;920,8;-3,1;21;20,5;20,2;20,9;20;20,4;19,7;12,7;100;94;98;142;4,3;1,1;
2024-04-13;0700;null;920,7;1015,8;920,8;920,6;-3;21;21,3;18,3;21,3;20,4;20,5;18,2;12,7;100;83;83;111;4,7;1,7;
2024-04-13;0800;null;920,8;1015,9;920,8;920,6;-3,1;21;21,2;17,6;21,6;21;18,2;17,5;12,6;83;78;80;123;7,2;2,4;
2024-04-13;0900;null;921,3;1016,6;921,3;920,8;-3,2;22;20,9;17,3;21,2;20,8;17,5;17,3;12,6;81;79;80;127;7,1;2,4;
2024-04-13;1000;null;922,2;1017,5;922,2;921,3;70,3;21;21,2;17,5;21,2;20,7;17,5;17,3;12,8;81;79;79;111;6,5;2,7;
2024-04-13;1100;null;922,6;1017,3;922,6;922,2;569,8;22;23,1;18,2;23,1;21,2;18,2;17,4;13,5;80;73;74;119;6,7;2;
2024-04-13;1200;null;923;1017,3;923;922,6;1230,9;25;24,3;17,6;24,3;23,1;18,3;17,1;13,7;74;65;66;90;6,7;2;
2024-04-13;1300;null;922,8;1016,9;923;922,8;1526,7;26;24,9;17,7;25;24;18,1;17,1;13,7;67;64;65;94;7,7;2,2;
2024-04-13;1400;null;922,7;1016,5;922,8;922,7;1896,9;27;25,8;17,5;26,3;24,5;18,5;17,4;13,7;66;60;60;80;6;2,4;
2024-04-13;1500;null;922,1;1015,3;922,7;922,1;2112,2;29;27,4;18,5;27,4;25,5;18,8;17,4;13,7;64;58;58;79;6,9;1,6;
2024-04-13;1600;null;921,1;1014,1;922,1;921,1;2581,3;30;27,7;18,1;28,1;26,5;19,1;17,5;13,5;60;54;56;65;6,7;2,3;
2024-04-13;1700;null;920,4;1012,9;921,2;920,4;2953,4;31;29,1;17,5;29,6;27;18,9;16,6;13,5;58;47;50;56;6;2,3;
2024-04-13;1800;null;919,8;1012,1;920,5;919,8;1888,4;31;29,4;17,9;29,4;27,3;18,4;16,7;13,6;57;48;50;68;6;1,8;
2024-04-13;1900;null;919,3;1011,9;919,8;919,3;1576,1;32;28,2;17;29,5;27,4;17,9;16,4;13,5;54;47;51;47;5,5;2,8;
2024-04-13;2000;null;918,9;1011,9;919,4;918,9;965,2;31;26,9;17,3;28,3;26,9;17,7;16,8;13,1;56;50;56;55;6;2,1;
2024-04-13;2100;null;918,7;1012,6;918,9;918,6;183;29;24,3;17,7;26,9;24,3;17,8;17;12,9;67;55;67;151;4,8;,9;
2024-04-13;2200;null;918,9;1013,2;918,9;918,6;-3,5;26;22,9;17,9;24,3;22,5;17,9;17,5;12,8;74;67;74;138;2,6;1,1;
2024-04-13;2300;null;919,4;1014,4;919,4;918,9;-3,5;23;21,1;18;23,1;21,1;18,4;17,8;12,8;84;73;82;129;2;,9;
2024-04-14;0000;null;919,8;1015,4;919,8;919,4;-3,5;22;19,6;19,5;21,1;19,6;19,8;18;12,8;100;82;99;148;1,5;,5;
2024-04-14;0100;null;920,4;1015,7;920,5;919,8;-3,5;21;20,5;17,9;20,6;19,6;20,2;17,8;12,8;100;84;85;151;1,7;1;
2024-04-14;0200;null;920,7;1016,2;920,7;920,4;-3;21;20;19,7;20,5;19,7;19,9;17,8;12,8;100;85;99;151;1,9;1;
2024-04-14;0300;null;920,4;1015,8;920,7;920,4;-2,3;21;20,1;19,9;20,3;19,9;20;19;12,7;99;92;99;135;2,1;,8;
2024-04-14;0400;null;920;1015,3;920,4;920;-2,1;21;20,5;20,2;20,5;19,8;20,3;19,8;12,7;100;98;98;145;2,8;,8;
2024-04-14;0500;null;919,5;1014,6;920;919,5;-2,4;21;20,7;19,7;20,9;20,4;20,2;18,8;12,7;98;88;94;109;2,9;,9;
2024-04-14;0600;null;919,5;1014,4;919,6;919,4;-2,5;21;21,3;18,2;21,4;20,6;20;18,2;12,7;96;83;83;74;5,4;1,4;
2024-04-14;0700;null;919,3;1014,1;919,5;919,3;-2,2;22;21,6;17,9;21,8;21,3;18,3;17,9;12,7;83;79;80;83;5,4;1,7;
2024-04-14;0800;null;919,6;1014,6;919,6;919,3;-2,8;22;21,3;17,7;21,7;21,2;17,9;17,7;12,6;81;79;80;51;5,1;,8;
2024-04-14;0900;null;920,1;1015,4;920,1;919,6;-3,1;22;20,5;17,5;21,4;20,5;17,7;17,5;12,6;83;79;83;59;3,2;,4;
2024-04-14;1000;null;920,6;1015,8;920,6;920,1;58;21;21;17,5;21;20,3;18;17,5;12,7;86;80;80;116;2,8;,8;
2024-04-14;1100;null;921,1;1015,8;921,1;920,6;411;22;22,4;17,3;22,4;21;17,6;17,1;13,2;80;73;73;108;4,1;1,8;
2024-04-14;1200;null;921,6;1015,8;921,6;921,1;971,9;24;24;17,6;24;22,4;17,7;17,1;13,6;74;66;67;55;4,8;1,6;
2024-04-14;1300;null;921,7;1015,3;921,8;921,6;1604,1;26;26;18,3;26;24;18,3;16,9;13,7;68;61;62;41;4,6;1,7;
2024-04-14;1400;null;921,2;1014,5;921,7;921,2;2274,4;28;26,7;17,7;27;25,4;18,3;16,7;13,7;62;55;58;61;5,8;2;
2024-04-14;1500;null;920,6;1013,4;921,2;920,5;2863,3;30;28,2;17,3;28,6;26,5;18,1;16,6;13,6;58;50;52;58;5,9;2,6;
2024-04-14;1600;null;919,8;1012,4;920,6;919,8;2366,4;31;28,4;17,5;28,8;27,5;18;16,7;13,6;55;50;52;82;5,1;2;
2024-04-14;1700;null;919,1;1011,9;919,8;919,1;2112;31;27,7;17,7;29,5;27,7;18,5;16,9;13,7;55;49;55;84;4,9;1,9;
2024-04-14;1800;null;918,7;1011,3;919,1;918,7;1676,1;31;28;17,5;28,9;27,4;18,6;17;13,2;56;50;53;39;5,6;2,4;
2024-04-14;1900;null;918,4;1010,9;918,7;918,4;1272,5;31;28,3;16,7;29;27,1;19;16,3;13,1;58;48;49;72;4,7;1,1;
2024-04-14;2000;null;918,4;1011,5;918,4;918,3;687,6;31;26,4;17,9;29;26,4;18,5;16,5;13;60;49;60;56;3,9;1,3;
2024-04-14;2100;null;918,6;1012,4;918,6;918,4;97,3;29;24,4;18,4;26,4;24,4;18,9;17,8;12,8;69;59;69;61;2,5;1;
2024-04-14;2200;null;918,9;1013,2;918,9;918,6;-3,5;26;23;18,8;24,4;22,5;18,8;18,4;12,8;79;69;78;149;2,4;1;
2024-04-14;2300;null;919,5;1013,9;919,5;918,9;-3,5;24;23;18,5;23,2;22,8;18,8;18,5;12,8;78;75;76;142;3,1;1;
2024-04-15;0000;null;920,1;1014,7;920,1;919,5;-3;24;22,6;18,3;23;22,5;18,5;18,3;12,8;78;76;77;152;3;1,3;
2024-04-15;0100;null;920,5;1015,2;920,5;920,1;-2;24;22,2;18,5;22,8;22;18,5;18,2;12,8;80;76;80;145;2,9;,9;
2024-04-15;0200;null;920,5;1015,2;920,6;920,5;-1,6;23;22,3;18,3;22,4;22;18,6;18,3;12,7;80;78;78;145;2,2;1;
2024-04-15;0300;null;920,3;1015,3;920,5;920,3;-2,3;23;21,5;18,5;22,3;21,4;18,6;18,3;12,7;84;78;83;141;2,1;,9;
2024-04-15;0400;null;920,2;1015,4;920,4;920,2;-3,5;22;20,8;19,6;21,5;20,5;20,5;18,6;12,7;100;84;93;151;2,1;1,2;
2024-04-15;0500;null;919,8;1014,8;920,2;919,8;-1,7;22;21,1;18;21,3;20,7;19,7;18;12,7;94;81;83;134;2,3;1;
2024-04-15;0600;null;919,7;1014,9;919,8;919,7;-2,4;22;20,5;19,7;21,1;20,3;20;18,1;12,7;98;83;95;153;3,5;1,2;
2024-04-15;0700;null;919,7;1014,8;919,8;919,7;-2,7;21;20,8;17,4;21,1;20,5;19,7;17,4;12,7;95;80;81;137;3,9;1,1;
2024-04-15;0800;null;920,1;1015,3;920,1;919,7;-3,4;21;20,8;16,9;20,9;20,2;17,4;16,9;12,6;84;79;79;139;3,7;1;
2024-04-15;0900;null;920,2;1015,6;920,2;920;-2,5;21;20,2;17,1;21,1;20,2;17,2;16,9;12,6;83;77;83;147;4;1,3;
2024-04-15;1000;null;920,9;1016,1;920,9;920,2;61,6;21;20,9;16,7;20,9;20,2;17,2;16,7;12,7;83;77;77;119;5;1,4;
2024-04-15;1100;null;921,6;1016,6;921,6;920,9;365;22;21,9;16,7;21,9;20,9;17,1;16,3;13,2;78;71;72;99;5,4;1,2;
2024-04-15;1200;null;922,4;1016,5;922,5;921,6;1187,6;24;24,7;17,2;24,7;21,9;17,2;16,3;13,8;73;62;63;66;5,1;1,7;
2024-04-15;1300;null;922,2;1015,9;922,4;922,2;2245,7;27;25,9;16;26,5;24,5;17,2;16;13,7;63;54;54;71;6,7;2,2;
2024-04-15;1400;null;921,5;1014,7;922,2;921,5;2761,8;28;27,1;17,1;27,4;25,7;17,7;16,2;13,6;58;53;54;68;6,2;2,6;
2024-04-15;1500;null;920,8;1013,7;921,5;920,8;3013,7;30;27,9;16,8;28,7;26,7;17,9;16,3;13,6;58;48;51;65;7,7;3,3;
2024-04-15;1600;null;919,9;1012,8;920,8;919,8;2926;31;27,6;16,6;29,1;27,2;17,7;16,3;13,5;53;48;51;71;8,5;2,4;
2024-04-15;1700;null;919,5;1012,1;919,9;919,5;1935;30;28,3;16,6;28,7;26,6;17,8;16,1;13,5;57;48;49;50;7,5;2;
2024-04-15;1800;null;919,2;1011,8;919,5;919,2;2442,6;31;28,3;16,8;28,9;27,9;17,2;15,8;13,6;52;47;50;80;6,3;1,8;
2024-04-15;1900;null;919,1;1011,7;919,2;919,1;1773,4;31;28,4;17;28,6;27,9;17,3;16;13,6;51;47;50;68;5,8;1,8;
2024-04-15;2000;null;919,3;1012,7;919,3;919,1;606,3;30;25,8;16,8;28,5;25,8;17,2;16,2;13;59;48;58;97;4,9;1;
2024-04-15;2100;null;919,3;1013,2;919,3;919,2;114,3;28;24,4;17,4;25,9;24,4;17,5;16,8;12,9;65;57;65;144;4,8;1,2;
2024-04-15;2200;null;919,8;1014;919,8;919,3;-3,5;26;23,6;17,3;24,4;23,5;17,5;17,1;12,8;69;65;68;136;4,2;1,2;
2024-04-15;2300;null;920,6;1015,1;920,6;919,8;-3,5;25;22,8;17,1;23,6;22,8;17,5;17;12,8;70;67;70;141;3,8;1,6;
2024-04-16;0000;null;921,3;1015,8;921,3;920,6;-3,5;24;23,1;16,8;23,1;22,6;17,2;16,8;12,8;71;68;68;145;3,3;1,1;
2024-04-16;0100;null;921,7;1016,7;921,7;921,3;-3,1;24;21,9;17,1;23,1;21,9;17,2;16,8;12,8;74;68;74;147;3,3;1;
2024-04-16;0200;null;922;1016,8;922;921,7;-3,1;23;22,4;16,9;22,4;21,5;17,3;16,9;12,8;77;71;71;137;3,1;,9;
2024-04-16;0300;null;922,1;1017,2;922,2;921,9;-3,1;23;21,5;17,2;22,4;21,5;17,4;16,8;12,7;77;71;77;141;3,4;,6;
2024-04-16;0400;null;921,7;1017;922,1;921,7;-2,2;22;20,8;17,2;21,6;20,8;17,3;17;12,7;80;75;80;149;2,5;1,2;
2024-04-16;0500;null;921,3;1016,7;921,7;921,3;-2,3;22;20,6;17,3;20,9;20,4;17,4;17,2;12,7;83;79;82;159;2,4;,9;
2024-04-16;0600;null;921,1;1016,2;921,4;921,1;-2,2;22;21,2;17,1;21,3;20,6;17,4;17,1;12,7;82;77;77;145;2,6;1;
2024-04-16;0700;null;921,1;1016,1;921,1;920,9;-2,4;22;21,5;17,1;21,5;21,1;17,2;17;12,7;78;76;76;124;3,1;1,2;
2024-04-16;0800;null;921,3;1016,3;921,3;921;-2,3;22;21,6;16,9;21,9;21,5;17,3;16,7;12,6;77;73;75;122;4,5;1,7;
2024-04-16;0900;null;921,9;1017;921,9;921,3;-2,6;22;21,7;16,6;21,8;21,5;16,8;16,5;12,6;75;73;73;125;4,6;1,7;
2024-04-16;1000;null;922,3;1017,5;922,3;921,9;55,9;22;21,5;16,7;21,8;21,3;16,8;16,4;12,7;75;72;74;122;4,4;1,4;
2024-04-16;1100;null;922,9;1017,8;922,9;922,3;415,8;22;22,6;17,1;22,6;21,5;17,1;16,7;13,5;76;71;71;134;3,6;1,2;
2024-04-16;1200;null;923,1;1017;923,2;922,9;1362,2;24;25,4;16,7;25,5;22,5;17,1;16,1;13,8;71;57;58;104;5;2;
2024-04-16;1300;null;923,1;1016,4;923,3;923,1;2436,7;28;27,3;16,6;27,5;25,4;17,6;14,7;13,6;58;49;52;57;7,4;2,3;
2024-04-16;1400;null;922,9;1016;923,2;922,8;2754,9;29;27,8;15,9;28,4;27,1;16,9;15,4;13,5;52;46;48;91;7,1;2,2;
2024-04-16;1500;null;921,8;1014,5;922,9;921,8;3011,2;31;28,9;15,9;29,4;27,5;17,3;15,4;13,5;50;44;45;95;5,7;2,2;
2024-04-16;1600;null;921,2;1013,5;921,8;921,2;3066,6;32;29,7;16,2;30;28,7;16,9;15,1;13,5;48;42;44;99;5,4;1,8;
2024-04-16;1700;null;920,8;1013,1;921,2;920,8;2847;32;29,6;15,9;30,7;29;16,8;14,7;13,5;45;40;43;110;4,8;1,9;
2024-04-16;1800;null;920;1012,1;920,9;920;2427;33;30,2;15,8;30,8;29,1;16,6;14,5;13,6;44;40;42;47;4,6;1,8;
2024-04-16;1900;null;919,8;1012,1;920;919,8;1747,5;33;29,4;15,3;30,3;29,2;16,3;14,7;13,5;44;41;43;104;4,2;1,3;
2024-04-16;2000;null;920;1012,7;920;919,8;904,5;33;28,1;16,4;29,6;28,1;17;15,2;13;50;42;49;66;3,3;,9;
2024-04-16;2100;null;920,1;1014,1;920,1;919,9;192,7;30;24,3;17,6;28,1;24,3;17,8;16,1;12,9;66;49;66;175;3,7;,5;
2024-04-16;2200;null;920,5;1015;920,5;920,1;-3,5;26;22,9;17,6;24,3;22,8;17,8;17,1;12,8;73;65;72;133;2,2;,8;
2024-04-16;2300;null;921,2;1015,8;921,2;920,5;-3,5;24;22,7;17,6;23,3;21,8;17,7;17,1;12,8;77;69;73;149;2,7;1,2;
2024-04-17;0000;null;921,5;1016,3;921,5;921,2;-3,5;23;22,2;17,5;22,7;21,8;17,6;17,4;12,8;76;73;75;140;3;1,6;
2024-04-17;0100;null;921,9;1017;922;921,5;-3,5;23;21,6;17,4;22,2;21,6;17,5;17,3;12,8;77;75;77;140;3,1;1,2;
2024-04-17;0200;null;921,6;1016,8;922;921,6;-3,5;22;21,1;17,3;21,7;20,8;17,5;17,3;12,7;80;77;79;154;2,6;1,3;
2024-04-17;0300;null;921,3;1016,8;921,6;921,3;-3,5;22;20,1;17,3;21,1;20;17,4;17,1;12,7;84;79;84;152;2,6;1,2;
2024-04-17;0400;null;921,3;1017;921,4;921,3;-3,5;21;19,5;18,3;20,6;19,2;18,3;17;12,7;93;81;93;158;2,6;1,1;
2024-04-17;0500;null;921,1;1017;921,3;921,1;-3,4;20;18,9;18,8;19,6;18,6;18,8;16,9;12,7;99;86;99;216;2,2;,3;
2024-04-17;0600;null;920,5;1016,6;921,1;920,5;-3,2;20;18,3;18,3;19;18,3;19;18,3;12,7;100;99;100;164;1,7;1;
2024-04-17;0700;null;920,4;1016,5;920,5;920,3;-3,5;19;18,2;18,2;18,4;18;null;null;12,7;null;null;100;156;2,3;1,1;
2024-04-17;0800;null;920,3;1016,5;920,5;920,3;-3,5;19;17,8;null;18,2;17,8;null;null;12,6;null;null;null;174;2;,9;
2024-04-17;0900;null;920,8;1017,1;920,8;920,3;-3;19;17,7;null;17,8;17,6;null;null;12,6;null;null;null;183;1,8;,7;
2024-04-17;1000;null;921,5;1017,7;921,5;920,8;67,5;19;18,2;18,2;18,3;17,7;null;null;12,7;null;null;100;155;2,2;1,4;
2024-04-17;1100;null;922,1;1017,6;922,1;921,5;228,4;20;20,4;17,4;20,4;18,2;19,2;17,2;13;100;82;83;147;2,8;,8;
2024-04-17;1200;null;922,4;1016,8;922,4;922,1;907,8;22;23,7;18;23,7;20,4;18,7;17,3;13,8;84;71;71;153;1,9;1,1;
2024-04-17;1300;null;922,3;1016;922,5;922,3;1882,7;25;25,9;17,9;26,2;23,7;18,8;17,1;13,8;70;61;61;150;2,6;1,4;
2024-04-17;1400;null;921,8;1014,4;922,3;921,8;2779,3;29;29,2;16,8;29,4;25,9;19,1;16,3;13,6;64;47;47;281;5;1,7;
2024-04-17;1500;null;921,1;1014;921,8;921,1;1642,5;30;28,1;17,2;29,1;28;18;16,2;13,5;53;47;52;277;5,8;2,8;
2024-04-17;1600;null;920;1012,3;921,1;920;2240,4;31;29,5;17,4;29,8;28;18,4;16,8;13,5;53;47;48;254;6,2;2,8;
2024-04-17;1700;null;919,2;1011,6;920;919,2;2829,8;32;28,8;17,6;30,1;28,1;18,2;16,8;13,6;53;46;51;232;7,1;3,3;
2024-04-17;1800;null;918,9;1011,6;919,2;918,8;1267,6;31;28;18,4;29,3;27,9;18,5;17,1;13,1;56;50;56;280;5,9;2,5;
2024-04-17;1900;null;918,9;1013;919,1;918,9;414,7;29;23,7;20;27,9;23,7;20;18,3;13,1;80;56;80;255;6,5;2,5;
2024-04-17;2000;null;918,6;1012,6;918,9;918,5;547,8;27;23,9;20,9;24,3;23,5;20,9;19,6;13;83;75;83;24;4,3;,9;
2024-04-17;2100;null;919,1;1013,5;919,1;918,6;166,4;26;22,8;22,4;23,9;22,8;22,8;20,5;12,9;99;82;98;168;2,2;,4;
2024-04-17;2200;null;919,4;1014,3;919,4;919;-3,4;24;21,5;null;22,8;21,4;22,7;21,6;12,8;100;98;null;28;1,6;,5;
2024-04-17;2300;null;919,9;1014,9;920;919,4;-2,7;23;21,3;null;21,7;21,1;null;null;12,8;null;null;null;173;1,8;1,1;
2024-04-18;0000;null;920,4;1015,6;920,4;919,8;-2,4;22;20,9;null;21,3;20,9;null;null;12,8;null;null;null;190;2;1;
2024-04-18;0100;null;920,6;1015,5;920,7;920,4;-2,8;23;21,8;21,6;22,2;20,9;22,1;21,6;12,8;100;99;99;195;5,9;1,8;
2024-04-18;0200;null;920,6;1015,7;920,8;920,6;-3,5;23;21,3;21,2;21,8;21,2;21,6;20,8;12,7;100;95;99;153;3,7;1,1;
2024-04-18;0300;null;920;1015,2;920,6;920;-3,5;22;20,6;20,6;21,3;20,6;21,2;20,6;12,7;100;98;100;238;3,7;1;
2024-04-18;0400;null;919,2;1014,6;920;919,2;-3;21;19,9;null;20,6;19,9;null;null;12,7;null;null;null;59;1,6;,6;
2024-04-18;0500;null;918,7;1014,2;919,2;918,7;-3,1;21;19,5;null;19,9;19,4;null;null;12,7;null;null;null;100;1,7;,6;
2024-04-18;0600;null;918,7;1014,3;918,7;918,6;-2,7;20;19,2;null;19,5;18,8;null;null;12,7;null;null;null;201;1,1;,5;
2024-04-18;0700;null;918,7;1014,5;918,9;918,6;-3,1;20;18,6;null;19,2;18,6;null;null;12,7;null;null;null;120;1,7;,4;
2024-04-18;0800;null;919;1014,9;919;918,6;-2,9;20;18,2;null;19;18,2;null;null;12,6;null;null;null;184;1;,7;
2024-04-18;0900;null;919,4;1015,4;919,4;919;-2,4;19;18,1;null;18,4;18,1;null;null;12,6;null;null;null;148;1,2;,5;
2024-04-18;1000;null;920;1015,9;920;919,4;56,2;19;18,6;18,6;18,6;17,8;null;null;12,7;null;null;100;181;1,5;,8;
2024-04-18;1100;null;920,4;1015,4;920,5;920;809;21;21,4;21,1;21,9;18,6;21,5;18,6;13,4;100;98;98;103;1,8;,8;
2024-04-18;1200;null;920,8;1014,7;920,8;920,4;1524,2;24;24,8;19,5;24,8;21,4;21,4;18,7;13,8;99;71;72;280;2,5;1,3;
2024-04-18;1300;null;920,7;1014,1;920,8;920,7;2283,2;27;26,4;19,3;27;24,4;20,2;19;13,7;75;64;65;null;3,4;null;
2024-04-18;1400;null;920,3;1013,3;920,7;920,3;2645,2;29;27,5;18,7;28,1;26;20,1;18,6;13,6;68;58;59;117;3,6;1,1;
2024-04-18;1500;null;920;1013;920,4;920;1769,9;30;27,2;20,3;28,7;26,6;20,5;17,9;13,7;68;55;66;204;4,3;2,9;
2024-04-18;1600;null;919,5;1012,5;920;919,5;1493,7;30;27,1;20;28,1;26,6;20,2;18,5;13,7;67;57;65;210;6,1;4,1;
2024-04-18;1700;null;919;1012;919,6;919;1158,3;29;27;19,8;27,5;26,4;20,5;19,1;13,2;67;62;65;205;6,7;4,5;
2024-04-18;1800;null;918,7;1011,8;919;918,6;1233;29;26,7;19,7;27,4;26,7;20,3;19,5;13,3;66;64;66;215;7,5;5;
2024-04-18;1900;null;918,4;1011,5;918,7;918,4;1611;29;26,4;19,7;27,4;26,4;20,2;19,1;13,7;67;63;67;198;7,5;4,5;
2024-04-18;2000;null;918,8;1012,4;918,8;918,4;553;28;25,1;19,5;26,6;25,1;19,8;19,2;13,1;71;66;71;212;7,5;3,7;
2024-04-18;2100;null;919,1;1013,3;919,1;918,7;246,6;26;23,5;19,1;25,1;23,5;19,7;19,1;12,9;76;71;76;179;6,9;2,5;
2024-04-18;2200;null;919,8;1014,5;919,8;919,1;-2,1;24;22,2;18,2;23,5;22,2;19,1;18,2;12,8;80;76;78;177;6,2;2,8;
2024-04-18;2300;null;920,5;1015,7;920,5;919,8;-3,5;23;20,9;17,1;22,2;20,8;18,2;17,1;12,8;81;78;79;175;6,2;2,7;
2024-04-19;0000;null;921,2;1016,8;921,2;920,5;-3,5;22;20;16,4;20,9;20;17,1;16,4;12,8;80;78;80;168;7,3;2,5;
2024-04-19;0100;null;921,3;1017,2;921,6;921,2;-3,5;21;19;16,8;20;18,9;16,9;16,3;12,8;88;80;87;117;4,7;,5;
2024-04-19;0200;null;921,3;1017,1;921,3;920,9;-3,5;20;19,2;16,2;19,3;18,5;18,2;16,2;12,7;97;83;83;193;5,7;2,9;
2024-04-19;0300;null;921;1017,2;921,4;920,9;-3,5;20;18,1;17,6;19,2;17,9;17,6;16;12,7;98;83;97;209;5,7;2,1;
2024-04-19;0400;null;920,8;1017,3;921;920,6;-3,5;19;17,2;17,2;18,3;17,1;17,6;16,5;12,7;100;90;100;160;3,7;,5;
2024-04-19;0500;null;920,3;1016,6;920,8;920,3;-2,7;18;17,5;17,5;17,5;16,8;17,5;16,8;12,7;100;100;100;162;2,6;1;
2024-04-19;0600;null;919,9;1016,2;920,3;919,9;-2,5;18;17,6;null;17,6;17,2;null;null;12,7;null;null;null;96;1,8;,4;
2024-04-19;0700;null;919,7;1016,1;919,9;919,6;-2,7;18;17;null;17,7;16,9;null;null;12,6;null;null;null;197;1,2;,4;
2024-04-19;0800;null;920;1016,7;920;919,5;-3,5;17;16,4;null;17;16;null;null;12,6;null;null;null;186;1,6;,5;
2024-04-19;0900;null;920,5;1017,5;920,5;920;-3,5;16;15,6;null;16,4;15,4;null;null;12,6;null;null;null;18;1,3;,9;
2024-04-19;1000;null;921;1017,8;921;920,5;40,4;16;16,3;null;16,3;15,2;null;null;12,7;null;null;null;234;1,6;,3;
2024-04-19;1100;null;921,5;1016,9;921,5;921;730,2;18;20,6;18,1;20,6;16,3;19,6;16,6;13,7;100;86;86;130;3,2;1,1;
2024-04-19;1200;null;921,9;1016,3;921,9;921,5;1391,7;22;23,7;18,5;23,7;20,6;18,9;17,9;13,8;86;73;73;109;5,7;2,1;
2024-04-19;1300;null;922,2;1016;922,2;921,9;1668;25;25,4;18,8;25,4;23,2;19,1;17,8;13,6;75;67;67;97;6;2,1;
2024-04-19;1400;null;922,1;1015,5;922,2;922,1;2816,8;27;26,8;18,4;27,5;24,5;19,5;17,6;13,6;69;57;60;105;5,9;2,1;
2024-04-19;1500;null;921,6;1015;922,1;921,6;2666,4;29;26,5;17,6;28,4;25,2;19,4;17,1;13,7;64;53;58;88;5,4;1,9;
2024-04-19;1600;null;921;1014;921,6;921;2773,5;30;27,6;16,4;28,3;25,6;18,8;16,4;13,6;62;50;50;52;5,4;2,4;
2024-04-19;1700;null;920,4;1013,6;921;920,4;1932;31;26,9;17,4;29,2;26,7;18,1;16,3;13,5;56;49;56;61;4,9;1,4;
2024-04-19;1800;null;920,1;1012,9;920,4;920,1;1454,6;30;28;17,3;28,1;26,7;18,3;16,4;13,2;57;52;52;63;4;1,3;
2024-04-19;1900;null;919,8;1012,7;920,1;919,8;1156,8;30;27,5;17,5;28,3;26,3;18,4;17,2;13,8;59;52;55;112;3,5;1,5;
2024-04-19;2000;null;919,8;1013;919,8;919,7;870,6;30;26,6;18,1;27,5;26,3;18,5;17;13,1;61;54;60;90;3,7;,9;
2024-04-19;2100;null;920,2;1014,7;920,2;919,8;166,3;28;22,8;18,3;26,7;22,8;18,8;17,8;12,9;76;59;76;169;2,8;,6;
2024-04-19;2200;null;920,8;1015,7;920,8;920,2;-3,5;25;21,8;18,2;22,8;21,8;18,3;17,9;12,8;80;75;80;137;2,3;1,1;
2024-04-19;2300;null;921,4;1016,8;921,4;920,8;-3,5;23;20,4;19,1;21,8;20,4;19,1;17,9;12,8;92;80;92;147;2,7;1,2;
2024-04-20;0000;null;922,1;1017,8;922,1;921,4;-3,5;22;19,9;19,6;20,8;19,9;19,8;18,3;12,8;99;86;98;144;3;,9;
2024-04-20;0100;null;922,3;1018,1;922,3;922,1;-3,5;21;19,6;19,6;20;19,5;19,9;19,4;12,8;100;98;100;159;2,7;,9;
2024-04-20;0200;null;922,3;1018,2;922,4;922,2;-3,5;20;19,3;19,3;19,8;19,2;19,8;19,2;12,8;100;99;100;150;2,9;1,1;
2024-04-20;0300;null;922,1;1018,1;922,3;922,1;-3,5;20;19;19;19,3;18,9;19,3;18,9;12,7;100;100;100;149;3,8;1,5;
2024-04-20;0400;null;921,6;1017,7;922,2;921,6;-3,5;20;18,6;18,6;19,2;18,2;19,2;18,2;12,7;100;100;100;145;3,3;1,2;
2024-04-20;0500;null;921,5;1017,7;921,6;921,5;-3,5;19;18,3;18,3;18,8;18,2;18,8;18,2;12,7;100;100;100;129;3,5;1,2;
2024-04-20;0600;null;921,5;1017,7;921,6;921,5;-3,5;19;18,1;18,1;18,6;17,8;null;null;12,7;null;null;100;123;3,8;1,2;
2024-04-20;0700;null;921,5;1017,7;921,6;921,5;-3,5;19;18,2;18,2;18,5;18,1;18,5;18,1;12,7;100;100;100;141;5,2;1,5;
2024-04-20;0800;null;921,7;1018;921,7;921,5;-3,5;19;18,1;18,1;18,3;17,9;18,2;17,9;12,6;100;100;100;121;5,2;1,8;
2024-04-20;0900;null;922,2;1018,6;922,2;921,7;-3,5;18;17,8;null;18,1;17,7;null;null;12,6;null;null;null;122;5,2;1,9;
2024-04-20;1000;null;923;1019,4;923;922,2;41,6;18;18,1;18,1;18,1;17,7;null;null;12,8;null;null;100;123;5;1,9;
2024-04-20;1100;null;923,5;1019,2;923,5;923;692,2;20;20,3;17,1;20,3;18,1;19;16,9;13,7;100;81;82;117;6,7;2,8;
2024-04-20;1200;null;924,2;1019,4;924,2;923,5;1492,3;22;22,1;17,3;22,2;20,3;17,5;17;14;82;73;74;114;7,1;2,4;
2024-04-20;1300;null;924,5;1019,3;924,5;924,2;2210,9;24;23,3;17,1;23,4;22,1;18,1;16,6;13,9;76;66;68;111;7,9;2,5;
2024-04-20;1400;null;924,4;1018,8;924,5;924,3;2548,5;25;24,4;17,1;24,6;22,8;17,8;16,5;13,9;71;64;64;108;6,9;2,2;
2024-04-20;1500;null;923,6;1017,6;924,4;923,6;3150;27;25,4;16,9;26;24;18,1;16,4;13,8;65;58;59;85;6,9;2,3;
2024-04-20;1600;null;922,6;1016,5;923,6;922,6;3110,9;28;25,5;16,8;26,5;25,3;17,9;16,5;13,7;61;57;58;103;6,8;2,4;
2024-04-20;1700;null;922,1;1015,9;922,7;922,1;2845,1;29;25,5;16,2;27,4;25,4;17,8;16,2;13,7;61;53;56;68;6,4;2,1;
2024-04-20;1800;null;921,6;1014,9;922,1;921,6;2628;30;26,9;16,6;27,8;25,5;17,7;15,6;13,5;57;51;53;130;5,1;1,8;
2024-04-20;1900;null;921,3;1014,7;921,6;921,3;1728,8;30;26,6;16,2;27,2;26,1;17,1;15,5;13,7;55;51;53;121;4,3;1,6;
2024-04-20;2000;null;921,3;1014,9;921,3;921,2;938,1;30;25,8;16,6;26,8;25,8;16,8;15,5;13,1;57;51;57;132;3,4;,6;
2024-04-20;2100;null;921,6;1016,3;921,6;921,3;172;27;22,7;17,3;25,8;22,2;17,8;16,6;12,9;73;57;72;143;2,1;1;
2024-04-20;2200;null;921,9;1017,3;921,9;921,6;-3,5;24;20,8;17,3;22,7;20,8;17,5;16,6;12,8;80;71;80;147;2,9;1,3;
2024-04-20;2300;null;922,4;1018,2;922,4;921,9;-3,5;22;19,8;16,9;20,8;19,8;17,3;16,9;12,8;84;80;84;147;3,1;1,3;
2024-04-21;0000;null;922,9;1018,9;922,9;922,4;-3,5;21;19,1;16,7;20;19,1;17,5;16,5;12,8;90;83;86;145;2,5;1,3;
2024-04-21;0100;null;922,7;1019;922,9;922,7;-3,5;20;18,4;18,1;19,1;18,4;18,4;16,6;12,8;98;85;98;146;2,4;1,3;
2024-04-21;0200;null;922,8;1019,1;922,9;922,7;-3,5;19;18,4;18,2;18,6;18,2;18,4;18;12,7;100;98;99;150;2,6;1;
2024-04-21;0300;null;922,7;1019,5;922,9;922,7;-3,5;19;17;17;18,4;17;18,2;17;12,7;100;99;100;160;3,1;1,5;
2024-04-21;0400;null;922,3;1019,2;922,7;922,3;-3,5;18;16,5;null;17;16,4;null;null;12,7;null;null;null;145;2,7;1,5;
2024-04-21;0500;null;921,7;1018,7;922,3;921,7;-3,5;17;16;16;16,9;16;null;null;12,7;null;null;100;151;2,9;1,6;
2024-04-21;0600;null;921,6;1018,7;921,8;921,6;-3,5;17;15,7;null;16,5;15,7;null;null;12,7;null;null;null;158;2,9;1,5;
2024-04-21;0700;null;921,4;1018,7;921,6;921,3;-3,5;16;15;null;15,8;14,9;null;null;12,6;null;null;null;151;2,7;1,6;
2024-04-21;0800;null;921,6;1018,9;921,6;921,4;-3,5;16;15;null;15,8;14,9;null;null;12,6;null;null;null;155;3,3;1,5;
2024-04-21;0900;null;922,3;1019,6;922,3;921,6;-3,5;16;15,2;null;15,6;14,9;null;null;12,6;null;null;null;148;3,2;1,8;
2024-04-21;1000;null;922,9;1020,2;922,9;922,3;35,7;16;15,6;null;15,6;14,6;null;null;12,7;null;null;null;155;3,2;1,6;
2024-04-21;1100;null;923,4;1019,5;923,4;922,9;706,4;17;19,2;16,1;19,2;15,6;17,4;15,9;13,8;100;82;82;135;3,9;1,7;
2024-04-21;1200;null;923,9;1019,1;923,9;923,4;1577,8;20;22;16,4;22,4;19,2;17,2;16;13,9;85;70;71;108;4,8;1,8;
2024-04-21;1300;null;923,8;1018,5;924;923,8;2308,1;23;23,4;16,6;23,9;21,8;17,6;16,2;13,8;74;63;66;132;4,8;1,5;
2024-04-21;1400;null;923,3;1016,8;923,8;923,3;2816,2;26;26,7;13,3;27,2;23,4;17,1;13,3;13,7;66;44;44;58;4,3;2;
2024-04-21;1500;null;922,6;1016;923,3;922,6;3073,4;28;26,9;12,8;27,7;26;14,8;12,3;13,7;47;40;42;135;4,7;1,5;
2024-04-21;1600;null;921,6;1014,4;922,6;921,6;3107,9;30;28,5;12,7;28,5;26,9;13,7;11,5;13,5;43;37;38;44;4,1;2;
2024-04-21;1700;null;920,7;1013,3;921,6;920,7;2880,1;31;28,8;10;29,4;28,1;12,7;9,6;13,6;38;30;31;188;5,2;2,2;
2024-04-21;1800;null;920,2;1012,5;920,7;920,2;2426,6;31;29,4;8,5;29,9;28,4;11,1;8,2;13,7;34;26;27;293;5,8;2,1;
2024-04-21;1900;null;920;1012,6;920,2;920;1767,5;32;28,6;10,2;29,9;28,5;11,3;8,1;13,5;34;26;32;235;5,2;3;
2024-04-21;2000;null;920;1013,2;920,1;920;915;30;26,8;10,9;28,6;26,7;12,2;10;13,1;39;31;37;215;5,8;3,5;
2024-04-21;2100;null;920,3;1015;920,3;920;197,3;27;22,2;11,9;26,8;22,2;12,6;11;12,9;54;37;52;186;5,4;1,5;
2024-04-21;2200;null;920,5;1016,3;920,5;920,3;-3,5;23;19,2;12,1;22,3;19,2;12,8;11,4;12,8;65;50;63;134;2,5;,3;
2024-04-21;2300;null;921;1017,6;921;920,5;-3,5;20;16,8;13;19,1;16,6;13;11,8;12,8;78;63;78;163;1,9;1,2;
2024-04-22;0000;null;921,4;1018,4;921,4;921;-3,5;18;15,9;12,2;17,7;15,9;13,4;12,2;12,8;80;74;79;149;2,4;1,2;
2024-04-22;0100;null;921,6;1018,6;921,7;921,4;-3,5;17;15,9;11,8;16,7;14,5;12,6;11,7;12,7;86;74;77;153;3;1,9;
2024-04-22;0200;null;921,7;1018,9;921,8;921,6;-3,5;16;15,3;11,7;16,5;14,7;12;11,4;12,7;83;73;79;152;3;2,1;
2024-04-22;0300;null;921,7;1018,9;921,8;921,7;-3,5;16;15,4;12,2;15,7;15;12,2;11,7;12,7;82;78;81;153;3,2;2,1;
2024-04-22;0400;null;921,5;1018,7;921,7;921,5;-3,5;16;15,5;12,7;16,7;15,2;13;12,1;12,7;84;77;84;148;3,5;2,1;
2024-04-22;0500;null;921,3;1018,1;921,5;921,2;-3,5;16;16,5;13,3;16,9;15,2;14,1;12,7;12,7;93;81;82;152;3,4;1,8;
2024-04-22;0600;null;921,2;1018,1;921,3;921,2;-3,5;16;16;15,1;16,5;15,1;15,7;13,2;12,7;99;82;94;155;3,1;1,7;
2024-04-22;0700;null;920,9;1018,3;921,2;920,9;-3,5;16;14,6;14,6;16,1;14,4;14,9;13,2;12,6;100;85;100;149;3,1;2,1;
2024-04-22;0800;null;920,9;1018,3;920,9;920,9;-3,5;15;14,5;14,5;14,8;14,3;14,8;14,3;12,6;100;100;100;148;3,1;1,7;
2024-04-22;0900;null;921,3;1018,4;921,3;920,9;-3,5;15;15,5;14,4;16,1;14,4;15,8;13,6;12,6;100;86;93;155;2,9;1,3;
2024-04-22;1000;null;921,6;1018,8;921,6;921,2;38,9;15;15,5;14,8;15,6;14,6;15,4;13,7;12,7;100;91;96;164;2,9;1;
2024-04-22;1100;null;922;1017,8;922;921,6;735;17;19,4;15,2;19,4;15,3;15,2;14;13,8;98;77;77;147;3,8;1,8;
2024-04-22;1200;null;922,5;1017,3;922,5;922;1525,9;21;22,7;15,5;22,7;19,4;15,7;14,8;13,9;77;64;64;128;3,8;1,9;
2024-04-22;1300;null;922,6;1016,7;922,7;922,5;2261,2;24;24,8;15,3;25;22,7;15,7;14,6;13,8;64;52;56;147;3,1;1,7;
2024-04-22;1400;null;922;1015,8;922,6;922;2359;26;25,4;14;26,4;24,7;16;14;13,4;57;47;49;139;4,3;1,6;
2024-04-22;1500;null;921,2;1014,2;922;921,2;2404,9;28;27,8;11,6;27,8;25;14,9;10,7;13,6;53;36;37;128;3,6;1,6;
2024-04-22;1600;null;920,5;1013,4;921,2;920,5;2025,6;29;27,7;10,4;28,2;26,4;13,3;9,4;13,6;45;32;34;184;7,9;1,5;
2024-04-22;1700;null;919,6;1012,3;920,5;919,6;2017,9;30;28,1;9,9;29,6;27,2;12,3;9,3;13,6;38;30;32;255;4,3;2,7;
2024-04-22;1800;null;918,9;1011,2;919,6;918,9;2027,4;30;29,1;9,3;29,4;27,2;10,1;8,4;13,6;34;28;29;149;4,3;1;
2024-04-22;1900;null;919;1011,3;919;918,8;1838,9;32;29,3;9,8;30,2;28,8;10,7;8,6;13,6;32;27;30;332;3,7;1,4;
2024-04-22;2000;null;919,1;1012;919,2;918,9;824,2;31;27,3;12,9;29,6;27,2;12,9;9;13,1;42;28;41;86;4,2;,6;
2024-04-22;2100;null;919,5;1013,7;919,5;919,1;143,5;28;23,4;14;27,3;22,7;15,3;13;12,9;58;41;56;53;1,4;,5;
2024-04-22;2200;null;919,9;1015,5;919,9;919,5;-3,5;23;19,5;15,4;23,4;19,4;15,5;13,5;12,8;78;55;77;154;2,3;1,2;
2024-04-22;2300;null;920,5;1016,8;920,5;919,8;-3,5;21;17,5;15;19,5;17,4;15,6;14,8;12,8;86;77;85;157;1,9;,8;
2024-04-23;0000;null;920,7;1017,5;920,8;920,5;-3,5;19;16,2;15,7;17,5;16,2;16,5;14,6;12,8;98;85;97;161;1,5;,9;
2024-04-23;0100;null;920,6;1017,7;920,7;920,6;-3,5;18;15,4;15,4;16,3;15,4;16,3;15,4;12,8;100;97;100;155;2,3;1,2;
2024-04-23;0200;null;920,6;1017,8;920,7;920,6;-3,5;17;15,1;null;15,5;14,7;15,5;14,7;12,7;100;100;null;148;2,1;1,4;
2024-04-23;0300;null;920,7;1018,1;920,8;920,6;-3,5;16;14,6;14,6;15,1;14,6;15,1;14,6;12,7;100;100;100;150;2,5;1,6;
2024-04-23;0400;null;920,7;1018,1;920,7;920,5;-3,5;16;14,6;14,6;14,8;14,3;14,8;14,3;12,7;100;100;100;145;2,8;1,5;
2024-04-23;0500;null;920,3;1017,9;920,7;920,3;-3,5;15;13,8;null;14,6;13,6;null;null;12,7;null;null;null;163;2,2;1,1;
2024-04-23;0600;null;920,4;1018,1;920,5;920,2;-3,4;15;13,7;null;13,8;13,4;null;null;12,6;null;null;null;158;1,8;1,2;
2024-04-23;0700;null;920,5;1018,2;920,5;920,4;-3,3;15;13,6;null;13,9;13,3;null;null;12,6;null;null;null;142;2,5;1,3;
2024-04-23;0800;null;920,6;1018,3;920,6;920,4;-3,3;14;13,6;null;13,8;13,4;null;null;12,6;null;null;null;156;2,5;1,2;
2024-04-23;0900;null;921,1;1018,7;921,1;920,6;-3,5;14;14,1;14,1;14,3;13,6;null;null;12,6;null;null;100;152;3,3;1,7;
2024-04-23;1000;null;921,6;1019,1;921,6;921,1;40;15;14,7;14,7;14,7;13,8;null;null;12,7;100;100;100;152;3,4;1,8;
2024-04-23;1100;null;922,1;1017,9;922,1;921,6;687,8;17;19,6;14,9;19,6;14,7;15,4;14;13,7;100;74;74;153;3,2;1,6;
2024-04-23;1200;null;922,6;1017,1;922,7;922,1;1473,7;21;23,5;15,8;23,5;19,6;15,8;14,7;13,9;74;60;62;136;3,1;1,6;
2024-04-23;1300;null;922,6;1016,1;922,7;922,5;2205,4;25;26,7;16,1;26,8;23,5;16,9;15,3;13,7;62;51;52;113;3,6;1,5;
2024-04-23;1400;null;921,8;1014,6;922,7;921,8;2895,7;28;28,4;13,8;29,1;26,4;16,1;12,8;13,8;53;37;41;41;5;2,9;
2024-04-23;1500;null;921;1014,1;921,8;921;1482,6;29;27,4;13,3;28,5;26,8;15,1;13,2;13,5;47;40;42;129;5,8;1,1;
2024-04-23;1600;null;920,3;1013,3;921;920,3;1691,6;29;27,4;13,9;28,9;27;14,8;12,8;13,6;45;39;44;135;3,1;1,2;
2024-04-23;1700;null;919,5;1011,6;920,3;919,5;2734;31;30,1;13,3;30,8;27,3;14,6;12,4;13,5;45;34;36;73;4,2;1,8;
2024-04-23;1800;null;919,1;1011,5;919,5;919,1;1643,6;32;28,8;12,5;30,5;27,7;14,9;12;13,6;43;33;37;131;4,1;1,3;
2024-04-23;1900;null;919,2;1012,5;919,2;919;1336,1;32;26,2;16;29,6;26,2;16,1;12,3;13;54;36;53;47;3,1;,9;
2024-04-23;2000;null;919,6;1012,4;919,6;919,2;567,9;30;27,7;16;28,1;25,6;16,8;14,2;13;56;43;49;131;1,8;,4;
2024-04-23;2100;null;919,9;1014,2;920;919,6;118;28;23,3;14,9;27,7;23,3;17,6;14,9;12,9;67;49;60;201;1,7;,7;
2024-04-23;2200;null;920,5;1016;920,5;919,9;-3,5;24;20;16,3;23,3;20;16,3;14,3;12,8;79;58;79;199;1,4;,3;
2024-04-23;2300;null;921,2;1017,2;921,2;920,5;-3,5;21;18,6;15,6;20;18,6;16,4;15,3;12,8;84;76;83;136;2,5;,5;
2024-04-24;0000;null;921,6;1017,9;921,6;921,2;-3,5;20;18,1;15,7;18,9;17,8;17,6;15,1;12,8;95;83;86;147;1,9;,7;
2024-04-24;0100;null;921,3;1017,8;921,6;921,3;-3,5;19;17,2;16;18,1;17,2;17,6;15,1;12,8;100;86;93;175;1,6;,8;
2024-04-24;0200;null;921,1;1017,8;921,3;921,1;-3,5;18;16,7;16,2;17,2;16,5;16,8;16,2;12,7;100;93;97;147;2,7;1,5;
2024-04-24;0300;null;920,8;1017,5;921,2;920,8;-3,5;18;16,7;14,5;16,7;16,1;16,4;14,5;12,7;100;87;87;147;2,7;2;
2024-04-24;0400;null;920,6;1017,5;920,9;920,6;-3,5;17;16;15;16,7;16;15,9;14;12,7;98;85;94;147;2,9;1,9;
2024-04-24;0500;null;920,4;1017,6;920,6;920,4;-3,5;17;15;15;16;15;15,7;15;12,7;100;94;100;166;2,6;1;
2024-04-24;0600;null;920,3;1017,4;920,4;920,2;-3,5;16;15,2;null;15,5;14,7;15,5;14,7;12,7;100;100;null;169;2,1;1,3;
2024-04-24;0700;null;920,1;1017,2;920,3;920,1;-3,4;16;15,3;15,3;15,4;14,8;null;null;12,6;null;null;100;148;3,1;1,8;
2024-04-24;0800;null;920,1;1017,4;920,3;920,1;-3,5;16;14,7;null;15,7;14,6;15,7;14,7;12,6;100;100;null;141;2,7;1;
2024-04-24;0900;null;920,8;1018;920,8;920,1;-3,5;16;15,3;null;15,6;14,5;null;null;12,6;null;null;null;140;2,8;1,3;
2024-04-24;1000;null;921,2;1018,3;921,2;920,7;50,4;16;15,7;null;15,7;14,5;null;null;12,8;null;null;null;163;2,5;1,6;
2024-04-24;1100;null;921,6;1017,3;921,6;921,2;676,5;17;19,8;16;19,8;15,7;17;15,2;13,7;100;79;79;159;2,5;1,3;
2024-04-24;1200;null;922;1016,2;922;921,6;1474;22;24,2;16,6;24,4;19,8;17,1;16;13,8;80;62;63;140;3,5;1,5;
2024-04-24;1300;null;922,1;1015,2;922,2;922;2158,6;26;27,8;16,4;27,9;24,1;17,6;16,4;13,7;64;50;50;92;3,3;1,4;
2024-04-24;1400;null;921,5;1014,1;922,2;921,5;2599,3;29;29,1;15,7;29,4;27,8;17,5;15,6;13,6;52;43;44;47;4,5;1,4;
2024-04-24;1500;null;920,9;1013,5;921,5;920,9;2688,4;31;28,7;15,2;30,4;28,6;16,6;13,6;13,3;45;38;44;43;4,6;1,2;
2024-04-24;1600;null;920,4;1012,4;920,9;920,3;2645,8;32;30,4;14,1;30,8;28,6;15,5;13,5;13,5;45;36;37;1;4,4;1,9;
2024-04-24;1700;null;919,7;1011,6;920,3;919,7;2574,5;33;30,7;14,4;31,7;29;15,4;13,4;13,5;41;34;37;27;4,9;1,8;
2024-04-24;1800;null;919,1;1010,6;919,7;919,1;2692;34;31,7;13,5;32,6;30,6;14,9;12,4;13,4;37;31;33;246;6,6;2,1;
2024-04-24;1900;null;919;1010,7;919,1;918,9;1917,9;34;31;12,9;31,7;30,5;13,8;12,2;13,5;35;32;33;246;6,8;3;
2024-04-24;2000;null;919,4;1011,9;919,4;918,9;938;33;28,8;15,4;31;28,8;15,5;13;13,1;44;33;44;221;5,6;2,9;
2024-04-24;2100;null;919,7;1013,5;919,7;919,4;106,4;29;24,9;16,1;28,8;24,9;16,2;15,3;12,9;58;44;58;207;5;2,7;
2024-04-24;2200;null;920,2;1014,6;920,2;919,7;-3,5;26;23,2;16,5;24,9;23;16,5;16,1;12,8;67;58;66;189;3,4;1,3;
2024-04-24;2300;null;920,9;1016,1;920,9;920,2;-3,5;24;21;16,7;23,2;21;17;16,4;12,8;77;66;77;53;2,8;1,2;
2024-04-25;0000;null;921,3;1016,9;921,4;920,9;-3,5;22;19,8;16,3;21,4;19,8;17;16,3;12,8;82;75;80;174;2,3;,7;
2024-04-25;0100;null;921,2;1017;921,3;921,2;-3,5;21;19,4;17;19,8;19,2;17,9;16,3;12,8;92;80;86;146;1,6;1;
2024-04-25;0200;null;920,9;1017;921,2;920,9;-3,5;20;18,3;18,1;19,6;18,2;18,4;15,8;12,7;99;81;99;136;1,5;,8;
2024-04-25;0300;null;920,7;1016,9;920,9;920,6;-3,5;19;17,9;17,6;18,7;17,5;18,2;15,8;12,7;100;85;98;156;2;1,3;
2024-04-25;0400;null;920;1016,4;920,7;920;-3,5;19;17,1;17;17,9;17;17,4;16,9;12,7;100;97;99;163;2,3;1,5;
2024-04-25;0500;null;919,8;1016,2;920,1;919,8;-3,5;18;17,1;16,8;17,5;16,8;17,2;16,5;12,7;100;95;98;162;2,8;1,5;
2024-04-25;0600;null;919,5;1015,6;919,8;919,2;-3,5;18;17,9;15,2;18,4;17,1;16,8;14,5;12,7;98;81;84;172;2,9;1,8;
2024-04-25;0700;null;919,5;1015,8;919,7;919,5;-3,5;18;17,2;14,8;19;17,1;15,4;14,4;12,6;88;78;86;163;3,3;1,2;
2024-04-25;0800;null;919,6;1015,9;919,6;919,4;-3,5;18;17,5;14,7;18;17;14,9;14,4;12,6;86;81;84;155;2,6;1,5;
2024-04-25;0900;null;920,3;1016,8;920,3;919,6;-3,5;18;17,1;14,5;18,2;16,6;16,2;14,1;12,6;96;79;85;146;2,5;1,5;
2024-04-25;1000;null;921,2;1017,4;921,2;920,3;58,9;17;18,1;14,7;18,1;16;16,6;14,1;12,8;100;81;81;140;2,1;1,1;
2024-04-25;1100;null;921,6;1016,6;921,7;921,2;619,4;19;21,9;15,4;22;18,1;15,5;14,4;13,6;81;65;67;125;3,2;1,1;
2024-04-25;1200;null;921,7;1015,6;921,7;921,5;1393,4;23;25,2;16;25,5;21,6;16,3;15,2;13,9;68;56;57;125;5;1,5;
2024-04-25;1300;null;922,2;1015,5;922,2;921,7;2018,8;27;27,2;15,7;27,7;25,2;16,5;14,9;13,7;57;48;49;94;6,2;2,2;
2024-04-25;1400;null;921,9;1014,9;922,3;921,9;2583,2;29;28;15,6;29;27;16,7;14,9;13,7;52;44;47;73;6,7;2,2;
2024-04-25;1500;null;921,3;1013,8;921,9;921,3;2920,4;31;29,4;15,2;29,9;28;16,8;14,8;13,5;48;41;42;56;9,1;2,6;
2024-04-25;1600;null;920,4;1012,5;921,3;920,4;2949,8;32;30,3;15;30,6;29,5;16,1;13,1;13,5;44;35;39;50;6,2;2,2;
2024-04-25;1700;null;919,6;1011,5;920,4;919,6;2730,6;33;30,5;12,9;31,1;30;15,5;12,8;13,5;40;34;34;41;5,5;2,5;
2024-04-25;1800;null;919,1;1010,9;919,6;919,1;2251,3;33;30,9;14,3;31,3;29,8;15,1;12,8;13,5;38;33;36;77;4,8;1,3;
2024-04-25;1900;null;918,9;1010,8;919,1;918,9;1598,8;33;30,3;15,5;30,9;29,8;15,5;13;13,6;41;34;41;83;4,7;1;
2024-04-25;2000;null;919,2;1011,8;919,2;918,9;817,3;33;28,4;16,1;30,6;28,4;16,1;14,3;13;47;38;47;50;2,7;1,1;
2024-04-25;2100;null;919,6;1013,7;919,6;919,2;126,2;30;23,7;16,3;28,4;23,6;17,5;15,4;12,9;63;47;63;156;2,6;,5;
2024-04-25;2200;null;919,9;1014,7;919,9;919,6;-3,5;25;21,8;17,6;24;21,8;17,7;15,8;12,8;77;61;77;137;2,5;1,4;
2024-04-25;2300;null;920,4;1015,7;920,4;919,9;-3,5;23;20,5;17,1;21,8;20,4;17,6;17;12,8;82;77;81;154;2,2;1,4;
2024-04-26;0000;null;920,7;1016,4;920,7;920,4;-3,5;22;19,5;17;20,5;19,4;17,3;16,8;12,8;86;81;86;165;2,8;1,5;
2024-04-26;0100;null;920,9;1016,7;920,9;920,7;-3,5;21;19,2;16,4;19,7;19,2;17;16,4;12,8;86;83;84;154;3,1;1,6;
2024-04-26;0200;null;921;1017;921,1;920,9;-3,5;20;18,7;16,2;19,3;18,4;17,3;16,1;12,7;92;83;85;149;3,1;1,2;
2024-04-26;0300;null;921;1017;921,2;921;-3,5;20;18,6;15,9;18,8;18,5;16,3;15,8;12,7;86;84;85;150;2,7;1,7;
2024-04-26;0400;null;920,6;1016,8;921;920,6;-3,5;19;18,1;15,8;18,6;18,1;15,9;15,6;12,7;86;84;86;153;2,7;1,6;
2024-04-26;0500;null;920,4;1016,7;920,6;920,4;-3,5;19;17,7;16,4;18,2;17,7;16,5;15,3;12,7;92;85;92;158;2,3;1,5;
2024-04-26;0600;null;920,5;1016,8;920,6;920,4;-3,5;19;17,7;17,2;18,1;17,4;17,3;16,3;12,7;98;91;97;141;2,4;1,1;
2024-04-26;0700;null;920,4;1016,5;920,6;920,4;-3,5;18;18,1;16;18,3;17;17,6;15,7;12,6;100;86;88;147;2,5;1,5;
2024-04-26;0800;null;920,6;1016,4;920,6;920,2;-3,5;18;19,1;16;19,2;18,1;16,1;15,6;12,6;88;81;82;137;3,8;1,4;
2024-04-26;0900;null;920,9;1016,9;920,9;920,5;-3,5;19;18,7;16;19,1;18,5;16,2;15,8;12,6;85;82;85;130;3,8;1,3;
2024-04-26;1000;null;921,6;1017,4;921,6;920,9;36,4;19;19,3;16,3;19,3;18,3;17;15,8;12,7;93;83;83;138;3,1;1,4;
2024-04-26;1100;null;921,9;1016,9;921,9;921,6;663,3;20;22;16,9;22;19,3;17,1;16,3;13,6;83;73;73;122;4,9;2,2;
2024-04-26;1200;null;922,5;1016,5;922,5;921,8;1457,2;23;25;17,3;25;22;17,6;16,8;13,8;74;62;62;113;5,5;2,4;
2024-04-26;1300;null;922,6;1016;922,7;922,5;2154,9;27;26,9;16,7;27,3;24,9;17,9;16,5;13,7;65;52;54;67;5,6;2,3;
2024-04-26;1400;null;922,1;1014,9;922,6;922,1;2652,7;29;28,7;17,5;28,8;26,9;18,1;16,6;13,7;56;51;51;57;5,7;2,3;
2024-04-26;1500;null;921,6;1014,1;922,1;921,6;2925;30;29,3;17;29,8;28;17,8;16,6;13,6;52;46;47;48;6,2;2,2;
2024-04-26;1600;null;920,9;1013,1;921,6;920,9;2996,6;32;30,1;15,5;30,6;29;18,1;14,7;13,5;50;39;41;87;6,4;2;
2024-04-26;1700;null;919,9;1011,9;920,9;919,9;2784,7;33;30,3;14,9;31,3;29,7;16,5;13,9;13,5;44;37;39;51;5,1;1,9;
2024-04-26;1800;null;919,3;1011;919,9;919,3;2300,4;33;31,1;15,8;31,1;30;16,1;12,8;13,6;41;34;40;60;4,3;1,8;
2024-04-26;1900;null;919;1011;919,3;919;1618,2;34;30;14,8;31,1;29,7;16,1;13,4;13,5;42;35;40;69;4,1;1,5;
2024-04-26;2000;null;919;1011,6;919;918,9;833,7;33;28,2;16;30;28,2;16;14,7;13;48;40;47;48;3,9;1,4;
2024-04-26;2100;null;919,2;1013,1;919,2;919;134;30;24,4;16,8;28,2;23,7;16,9;15,3;12,9;64;47;63;5;3,5;,4;
2024-04-26;2200;null;919,5;1014,1;919,5;919,2;-3,5;25;22,2;17,4;24,4;22,2;17,4;15,8;12,8;74;62;74;138;1,8;,7;
2024-04-26;2300;null;919,9;1015,1;919,9;919,5;-3,5;23;20,7;17,3;22,2;20,6;17,5;17;12,8;81;75;81;153;2,1;1,2;
2024-04-27;0000;null;920,3;1015,8;920,3;919,9;-3,5;22;20;17;20,7;20;17,3;17;12,8;83;81;83;148;2,4;1,8;
2024-04-27;0100;null;920,4;1016,3;920,4;920,3;-3,5;21;18,7;17,9;20,1;18,7;18;16,9;12,8;95;83;95;153;2,4;1,4;
2024-04-27;0200;null;920,5;1016,7;920,5;920,4;-3,5;20;18;18;18,8;18;18,4;18;12,7;100;95;100;150;2,2;,6;
2024-04-27;0300;null;920,3;1016,6;920,5;920,3;-3,5;19;17,7;17,7;18,1;17,5;18,1;17,5;12,7;100;100;100;175;1,3;,7;
2024-04-27;0400;null;920,1;1016,5;920,3;920,1;-3,5;18;17,2;null;17,7;16,6;null;null;12,7;null;null;null;174;1,5;,7;
2024-04-27;0500;null;920;1016,6;920,1;920;-3,5;18;16,7;null;17,4;16,5;null;null;12,7;null;null;null;149;2,4;1,5;
2024-04-27;0600;null;920;1016,6;920;920;-3,5;18;16,6;null;16,9;16,2;null;null;12,7;null;null;null;165;2,6;1,5;
2024-04-27;0700;null;919,8;1016,1;920,1;919,8;-3,5;18;17,3;null;17,3;16,6;null;null;12,6;null;null;null;166;2,9;1,5;
2024-04-27;0800;null;920;1016,5;920;919,8;-3,2;17;16,8;null;17,8;16,6;null;null;12,6;null;null;null;151;2,6;1,2;
2024-04-27;0900;null;920,5;1017;920,5;920,1;-3,5;17;17;null;17,1;16,2;null;null;12,6;null;null;null;155;2,1;1,3;
2024-04-27;1000;null;921,1;1017,6;921,1;920,5;39,5;17;17,3;null;17,3;16,7;null;null;12,7;null;null;null;151;2,2;1,1;
2024-04-27;1100;null;921,7;1016,7;921,7;921,1;653,3;19;21,7;17,4;21,7;17,3;18,9;17,1;13,6;100;76;76;124;4,6;1,3;
2024-04-27;1200;null;922,1;1016,4;922,1;921,7;1438,8;22;24,1;17,2;24,5;21,6;18,1;17;13,9;78;64;65;101;5,1;2,1;
2024-04-27;1300;null;922,4;1016;922,4;922,1;2130,8;26;26,2;17;26,5;24,1;18;16,5;13,7;67;56;57;65;6;2,1;
2024-04-27;1400;null;921,9;1014,9;922,4;921,9;2627;28;27,9;17,3;28;26,1;17,4;16,3;13,6;58;51;53;52;6,2;2,8;
2024-04-27;1500;null;921,1;1013,8;921,9;921,1;2889,3;30;28,5;16,5;29,1;27,2;17,4;15,5;13,5;53;46;48;41;6,5;2,2;
2024-04-27;1600;null;920,2;1012,4;921,1;920,2;2951,3;31;29,8;16,8;29,9;27,8;16,8;15,1;13,6;49;43;46;17;4,8;1,7;
2024-04-27;1700;null;919,3;1011,9;920,2;919,3;2638,5;33;28,3;15,7;30,4;28,3;16,6;14,7;13,2;47;40;46;132;5;1,5;
2024-04-27;1800;null;918,9;1011,1;919,3;918,9;2197;33;29,6;14,2;30,8;28,2;16,3;14,2;13,5;47;38;39;60;4;1,7;
2024-04-27;1900;null;918,7;1010,8;918,9;918,6;1633,1;33;29,6;14;30,7;29,4;15,3;13,8;13,6;40;37;39;29;3,6;1,7;
2024-04-27;2000;null;918,6;1011;918,7;918,5;778;33;28,6;15,1;29,7;28,6;15,9;13,1;13;45;37;44;33;2,7;1;
2024-04-27;2100;null;918,6;1012,5;918,7;918,5;118,9;30;24;17;28,6;23,6;17,3;15,2;12,9;66;44;65;117;2,1;,8;
2024-04-27;2200;null;919,2;1014;919,2;918,6;-3,5;25;21,6;17,7;24;21,3;17,7;16;12,8;79;63;78;142;2,8;1,7;
2024-04-27;2300;null;919,5;1014,6;919,5;919,2;-3,5;23;20,7;17;21,9;20,7;17,6;16,9;12,8;79;76;79;151;3;1,5;
2024-04-28;0000;null;919,8;1014,8;919,8;919,5;-3,5;22;21,1;16,8;21,7;20,7;17,1;16,7;12,8;80;74;77;146;2,8;1,4;
2024-04-28;0100;null;919,9;1015,1;919,9;919,8;-3,5;22;20,6;16,6;21,5;20,6;17;16,6;12,8;78;75;78;151;2,9;1,4;
2024-04-28;0200;null;919,8;1015,3;920;919,8;-3,5;21;19,7;16,6;21;19,5;16,9;16,4;12,8;83;77;83;151;2,7;1,1;
2024-04-28;0300;null;919,6;1015,3;919,8;919,6;-3,5;21;19;16,9;20,2;19;17;16,3;12,7;88;81;88;144;2,5;1,6;
2024-04-28;0400;null;919,6;1015,7;919,6;919,5;-3,5;20;18;18;19;17,7;18,3;17;12,7;100;88;100;153;2,7;1,4;
2024-04-28;0500;null;919,7;1016,2;919,7;919,5;-3,2;19;16,8;null;18;16,8;null;null;12,7;null;null;null;169;2,1;,7;
2024-04-28;0600;null;919,8;1016,4;919,8;919,7;-3,5;18;16,7;null;17,2;16,7;null;null;12,7;null;null;null;159;2,5;1,3;
2024-04-28;0700;null;919,9;1016,6;919,9;919,8;-3,4;18;16,4;null;17;16,4;null;null;12,6;null;null;null;155;2,4;1,1;
2024-04-28;0800;null;920,4;1017,3;920,4;919,9;-3,3;17;15,9;null;16,6;15,8;null;null;12,6;null;null;null;144;2,2;1;
2024-04-28;0900;null;921;1017,9;921;920,4;-3,5;17;16,1;null;16,1;15,5;null;null;12,6;null;null;null;147;2;1,4;
2024-04-28;1000;null;921,5;1018,3;921,5;921;39,7;17;16,4;null;16,4;15,8;null;null;12,7;null;null;null;141;2,1;1,4;
2024-04-28;1100;null;921,7;1017,1;921,7;921,5;622,2;18;20,5;16,8;20,5;16,4;18,8;16,8;13,6;100;80;80;156;2,8;1,6;
2024-04-28;1200;null;922;1016,2;922;921,7;1412,4;22;24,3;17,9;24,4;20,5;18,1;16,7;13,8;81;67;67;142;3,6;1,4;
2024-04-28;1300;null;921,7;1014,7;922;921,7;2098,9;26;27,9;17,3;27,9;24,3;18,4;16,7;13,7;67;52;53;64;3,6;1,2;
2024-04-28;1400;null;921;1014;921,7;921;2046,6;29;27,7;16,2;29,4;27,5;18,3;15,8;13,7;54;46;50;255;4,6;1,3;
2024-04-28;1500;null;920,2;1012,4;921;920,2;1728;30;29,9;16,1;29,9;27,5;16,8;13,9;13,5;50;40;43;255;3,9;1,4;
2024-04-28;1600;null;919,5;1011,9;920,2;919,5;2223,2;31;29;14,2;30,9;28,1;16,3;14;13,1;46;37;40;15;4,3;1,5;
2024-04-28;1700;null;918,8;1011,4;919,5;918,8;1288,7;32;28,1;16,2;30,7;28,1;16,2;13,9;13,1;48;37;48;36;3,1;1,2;
2024-04-28;1800;null;918,6;1010,3;918,8;918,6;934,2;31;30,9;15,2;30,9;27,3;17,5;14,4;13,6;55;38;38;null;2;null;
2024-04-28;1900;null;918,4;1010,3;918,6;918,4;1204,8;32;30,3;15,4;31,4;28,8;17;14,4;13,6;47;37;40;53;2,3;1,3;
2024-04-28;2000;null;918,5;1011,8;918,5;918,4;438,7;31;26;17,2;30,4;25,9;18;15,4;13;62;40;58;151;3,5;,5;
2024-04-28;2100;null;918,6;1012,7;918,7;918,5;60,8;28;23,5;17,7;26,4;23,3;17,9;16,6;12,8;71;54;70;159;1,8;1,1;
2024-04-28;2200;null;918,9;1013,6;918,9;918,6;-3,5;25;21,7;17,8;23,5;21,5;17,9;17,2;12,8;79;70;79;138;1,7;1;
2024-04-28;2300;null;919,2;1014,6;919,2;918,9;-3,5;23;19,9;17,5;21,7;19,7;17,8;17;12,8;88;79;86;156;1,8;1;
2024-04-29;0000;null;919,5;1015,4;919,5;919,2;-3,5;21;18,4;18;19,9;18,4;18,6;16,8;12,8;98;85;98;141;2,2;1;
2024-04-29;0100;null;919,8;1016;919,8;919,5;-3,5;20;17,6;17,6;18,4;17,6;18,4;17,6;12,8;100;96;100;152;1,8;,8;
2024-04-29;0200;null;920,1;1016,4;920,1;919,8;-3,5;19;17,4;17,4;18,1;17,4;18,1;17,4;12,7;100;99;100;155;2,6;2;
2024-04-29;0300;null;920,3;1016,8;920,3;920,1;-3,5;19;17;17;17,7;16,9;17,6;16,9;12,7;100;99;100;155;2,5;1,5;
2024-04-29;0400;null;920,2;1016,8;920,3;920,2;-3,5;18;16,8;16,8;17,2;16,6;17,2;16,7;12,7;100;100;100;162;2,4;1,6;
2024-04-29;0500;null;920,1;1016,8;920,2;920;-3,5;18;16,4;null;16,8;16,3;16,8;16,3;12,7;100;100;null;156;2,6;1,8;
2024-04-29;0600;null;919,8;1016,4;920,1;919,8;-3,5;17;16,6;null;16,7;16,4;null;null;12,7;null;null;null;151;2,3;1,2;
2024-04-29;0700;null;919,7;1016,2;919,8;919,6;-3,5;17;16,9;16,9;17;16,4;null;null;12,6;null;null;100;157;3;1,9;
2024-04-29;0800;null;919,9;1016,4;919,9;919,7;-3,5;18;16,8;16,8;17,1;16,6;17,1;16,6;12,6;100;100;100;158;3,1;1,8;
2024-04-29;0900;null;920,4;1017,2;920,4;919,9;-3,5;17;16,3;16,3;17;16,2;17;16,2;12,6;100;100;100;156;2,4;1,4;
2024-04-29;1000;null;921,3;1018,1;921,3;920,4;39,8;17;16,5;16,5;16,7;16,3;16,7;16,3;12,7;100;100;100;151;2,4;1,4;
2024-04-29;1100;null;921,9;1017,3;921,9;921,3;642,2;18;20,6;16,6;20,6;16,5;17,5;16,2;13,6;100;77;78;147;2,3;,9;
2024-04-29;1200;null;922,6;1016,7;922,6;921,9;1426,5;22;24,9;16,7;25,1;20,6;17,4;16,5;13,8;79;60;60;126;4,3;1,5;
2024-04-29;1300;null;922,6;1015,5;922,7;922,6;2108,6;27;28,5;16,6;28,5;24,9;17,5;16;13,7;61;48;48;45;4,7;2,4;
2024-04-29;1400;null;922,5;1015,1;922,6;922,5;2611,3;29;29,4;16,2;29,7;28,1;17;15,5;13,5;49;44;45;77;6,7;2,3;
2024-04-29;1500;null;921,6;1013,9;922,5;921,6;2883,9;31;30,1;14,8;30,5;29,1;16,2;14,5;13,5;45;39;40;41;7,2;3,5;
2024-04-29;1600;null;920,8;1012,9;921,6;920,8;2956,7;32;30,3;14,1;30,9;29,4;15,9;13,9;13,5;42;37;37;27;8,3;2,9;
2024-04-29;1700;null;920,2;1012,2;920,8;920,2;2537,7;33;30,4;14,5;30,9;29,1;15,8;13,5;13,5;42;35;38;25;7,3;2,8;
2024-04-29;1800;null;919,7;1011,7;920,2;919,6;1969,6;33;30,4;13,5;31,1;29,2;15,7;12,7;13,5;42;34;36;27;6,8;3,8;
2024-04-29;1900;null;919,6;1012,2;919,7;919,5;1343,6;33;28,3;15;30,7;28,1;15;12,8;13,1;44;35;44;50;6,8;1,6;
2024-04-29;2000;null;919,6;1012,3;919,7;919,6;546,3;31;28;14,5;28,8;27,4;16;14,4;13,1;48;43;44;74;4,1;1;
2024-04-29;2100;null;919,9;1014,4;920;919,6;118,3;28;22,7;14,4;28;22,7;15,2;14,1;12,9;60;44;60;168;4,1;,4;
2024-04-29;2200;null;920,2;1015,2;920,3;919,9;-3,5;24;21,3;16,3;23,5;20,9;16,3;14,5;12,8;73;59;73;145;2,1;1,5;
2024-04-29;2300;null;920,5;1015,5;920,5;920,2;-3,5;23;21,3;15,7;22,1;20,8;16,3;15,4;12,8;73;67;70;146;2,8;1,4;
2024-04-30;0000;null;920,9;1016,1;920,9;920,5;-3,5;22;21,1;15,5;21,4;20,6;15,7;15,4;12,8;73;69;70;147;3;1,5;
2024-04-30;0100;null;921,2;1016,4;921,2;920,9;-3,5;22;21,1;15,4;21,5;20,8;15,6;15,3;12,8;71;69;70;149;3,5;1,6;
2024-04-30;0200;null;921,4;1016,7;921,4;921,1;-3,5;22;20,7;15,3;21,2;20,5;15,5;15,2;12,8;72;70;71;144;3,1;1,6;
2024-04-30;0300;null;921,1;1017;921,4;921,1;-3,5;21;19;14,9;20,7;19;15,3;14,9;12,7;77;71;77;149;3;1,6;
2024-04-30;0400;null;920,9;1016,5;921,1;920,9;-3,5;20;19,7;15;20,2;18,8;15,2;14,6;12,7;77;72;74;145;3;1,6;
2024-04-30;0500;null;920,3;1016;920,9;920,3;-3,5;20;19,3;14,5;19,8;18,6;15;14,4;12,7;78;73;74;149;3,1;1,5;
2024-04-30;0600;null;919,8;1015,5;920,3;919,8;-3,5;20;19,2;14,4;19,5;18,9;14,6;14,3;12,7;75;73;74;151;3,1;1,4;
2024-04-30;0700;null;919,8;1015,6;919,9;919,8;-3,5;19;18,8;14,4;19,5;18,8;14,5;14,3;12,7;75;73;75;155;3,1;1,5;
2024-04-30;0800;null;919,7;1015,7;919,8;919,7;-3,5;19;18,3;14,3;18,9;18,3;14,4;14,2;12,6;77;75;77;158;3,1;1,7;
2024-04-30;0900;null;920,2;1016,2;920,2;919,7;-3,5;19;18,5;14,3;18,6;18,2;14,5;14,3;12,6;78;76;76;160;3,4;1,7;
2024-04-30;1000;null;921,2;1017,1;921,2;920,2;36,8;19;18,9;14,6;18,9;17,7;14,6;14,2;12,7;80;76;76;152;3,4;2;
2024-04-30;1100;null;922,2;1017,3;922,2;921,2;638,8;20;21,6;15,2;21,6;18,8;15,5;14,6;13,6;77;67;67;138;4,2;1,4;
2024-04-30;1200;null;922,5;1016,7;922,5;922,1;1442,4;23;24,4;15,5;24,4;21,6;15,8;14,9;13,8;67;58;58;null;4,2;null;
2024-04-30;1300;null;922,7;1016,1;922,8;922,5;2125,5;27;26,8;15,2;27,1;24,4;15,8;14,7;13,7;59;47;49;81;null;1,7;
2024-04-30;1400;null;922,3;1014,9;922,7;922,3;2626;29;29,4;13,7;29,6;26,7;16,3;13,7;13,5;51;38;38;53;5,3;2,6;
2024-04-30;1500;null;921,9;1014,3;922,3;921,9;2992,5;31;29,7;11,6;30,7;28,9;14,6;9,6;13,5;40;30;33;62;6,4;2,1;
2024-04-30;1600;null;920,9;1013,1;921,9;920,9;2940,2;32;30,1;11,7;30,8;29,2;12,9;11,3;13,5;36;31;32;117;5,5;1,6;
2024-04-30;1700;null;920,2;1012,5;920,9;920,2;2709,5;33;29,6;11,2;31,2;29,4;13;10,6;13,5;34;30;32;198;4;1,5;
2024-04-30;1800;null;919,7;1011,5;920,3;919,7;2246,9;33;30,8;10,7;31,6;29,6;12,4;10,4;13,5;33;28;29;56;4,1;1,4;
2024-04-30;1900;null;919,5;1011,4;919,7;919,5;1505,1;34;30,5;10,5;31,6;29,9;11,8;9,6;13,5;31;27;29;275;3,4;1,1;
2024-04-30;2000;null;919,8;1012,2;919,8;919,5;842;33;29;13,5;30,6;28,9;13,5;10,1;13;39;29;39;91;2,4;,6;
2024-04-30;2100;null;920,2;1014,1;920,2;919,8;104,3;30;24,6;14,1;29;24,5;15,1;13,2;12,9;54;38;52;125;2,7;1,2;
2024-04-30;2200;null;920,7;1015,7;920,7;920,2;-3,5;25;21,4;15,3;24,6;21,3;15,5;13,6;12,8;68;50;68;136;2,7;1,3;
2024-04-30;2300;null;921,2;1017,2;921,2;920,7;-3,5;22;18,7;14,8;21,4;18,7;15,4;14,7;12,8;78;68;78;158;2,4;1,3;
2024-05-01;0000;null;921,4;1017,8;921,4;921,1;-3,5;20;17,7;14,5;18,8;17,7;15;14,5;12,8;83;78;82;147;2,4;1,2;
2024-05-01;0100;null;921,7;1018,3;921,7;921,4;-3,5;19;17,2;14;17,7;17;14,5;14;12,8;84;81;82;152;2,8;2,1;
2024-05-01;0200;null;921,4;1018,1;921,7;921,4;-3,5;18;16,9;13,5;17,2;16,8;14;13,4;12,7;82;79;81;154;2,8;1,4;
2024-05-01;0300;null;921;1017,5;921,4;921;-3,5;18;17,3;13,2;17,4;16,7;13,5;13,2;12,7;81;76;77;156;2,6;1,7;
2024-05-01;0400;null;920,6;1017,2;921,1;920,6;-3,3;18;16,7;14;17,6;16,2;14,1;13,1;12,7;85;76;84;158;2,5;2;
2024-05-01;0500;null;920,3;1016,7;920,6;920,3;-3,5;18;17,2;14,6;17,6;16,7;14,7;14,1;12,7;85;83;85;142;3;1,9;
2024-05-01;0600;null;919,9;1016,5;920,3;919,9;-3,5;18;16,6;16,3;17,6;16,6;16,3;14,6;12,7;98;84;98;147;2,9;2,2;
2024-05-01;0700;null;920;1016,8;920;919,9;-3,5;17;16;16;16,8;16;16,6;16;12,6;100;98;100;181;2,8;,9;
2024-05-01;0800;null;920,2;1017;920,2;919,9;-3,4;17;16;null;16,2;15,7;null;null;12,6;null;null;null;159;2,5;1,5;
2024-05-01;0900;null;920,4;1017,5;920,5;920,2;-3,3;17;15,4;null;16;15,4;null;null;12,6;null;null;null;147;2,4;1,8;
2024-05-01;1000;null;920,9;1017,9;920,9;920,4;41,7;16;15,9;null;15,9;15,1;null;null;12,7;null;null;null;155;2,7;1,7;
2024-05-01;1100;null;921,4;1016,9;921,4;920,9;621,5;18;20,1;16,7;20,1;15,9;17,6;16,2;13,7;100;81;81;159;2,6;1,3;
2024-05-01;1200;null;921,6;1015,5;921,6;921,3;1439,2;22;25;17,8;25;20,1;17,8;16,5;13,9;81;63;65;141;3;1,5;
2024-05-01;1300;null;921,8;1014,9;921,9;921,6;2115,8;26;27,5;17,2;27,7;25;18,1;16,8;13,7;65;53;54;142;3,2;1,4;
2024-05-01;1400;null;921,4;1014,3;921,8;921,4;2244;29;28,2;16,6;29,5;27,2;18,1;16,2;13,3;55;47;49;110;4;1,6;
2024-05-01;1500;null;920,4;1012,4;921,4;920,4;2558,6;30;30,7;16,5;31,2;27,1;17,7;14,2;13,4;55;39;43;91;4,5;1,8;
2024-05-01;1600;null;919,7;1012,2;920,4;919,7;2246,6;32;28,9;15,1;31,4;28,8;16,9;13,8;13,2;44;37;43;120;4;1;
2024-05-01;1700;null;919;1011,1;919,7;919;1645,9;32;29,8;11,4;32,2;28,4;16,3;11,1;13,1;47;31;32;302;3,5;,8;
2024-05-01;1800;null;918,2;1010,3;919;918,2;1849,4;33;29,5;13;32,3;29,4;13,9;11,4;13;37;30;36;252;5,6;1,8;
2024-05-01;1900;null;918;1010,1;918,2;918;1545,8;33;29,6;12,9;31,7;29,5;13,8;12;13;37;31;36;258;null;2,3;
2024-05-01;2000;null;918,3;1011;918,3;918;366,9;31;27,6;17,5;29,6;26,4;18,2;13,3;13;60;36;54;271;3,3;,5;
2024-05-01;2100;null;918,7;1012,4;918,7;918,3;117,6;29;24,9;16,3;27,8;24,9;18,6;16,3;12,9;64;51;59;147;2,4;,9;
2024-05-01;2200;null;918,8;1013,3;918,8;918,6;-3,5;26;22,4;17;25,2;22,1;17,1;16,2;12,8;73;58;72;150;2,1;,5;
2024-05-01;2300;null;919;1014,2;919;918,8;-3,5;23;20,4;16,9;22,5;20,3;17,2;16,2;12,8;81;71;81;172;1,7;1;
2024-05-02;0000;null;919,4;1015,1;919,5;919;-3,5;21;18,9;17,9;20,6;18,9;17,9;16,5;12,8;94;79;94;147;1,9;1;
2024-05-02;0100;null;919,5;1015,5;919,6;919,4;-3,5;20;18,1;18,1;18,9;18,1;18,5;17,8;12,8;100;95;100;153;2,1;1,5;
2024-05-02;0200;null;919;1015,2;919,5;919;-3,5;19;17,4;17,4;18,1;17,4;18,1;17,4;12,7;100;99;100;154;3;1,6;
2024-05-02;0300;null;918,7;1014,9;919;918,7;-3,5;19;17,5;17,4;17,5;17,2;17,5;17,2;12,7;100;99;99;148;3;1,7;
2024-05-02;0400;null;918,4;1014,7;918,7;918,4;-3,5;18;17,1;17,1;17,5;17;17,3;17;12,7;100;99;100;154;3,1;2,1;
2024-05-02;0500;null;917,7;1013,6;918,4;917,7;-3,5;18;18;15,7;18;17;17,4;15,7;12,7;100;87;87;155;3,2;1,8;
2024-05-02;0600;null;917,4;1013,1;917,8;917,4;-3,5;18;18,3;15,7;18,8;17,6;16,7;15,2;12,7;94;82;85;144;3,3;1,7;
2024-05-02;0700;null;917,4;1013,5;917,5;917,4;-3,5;18;17,4;17,3;18,5;17,4;17,7;15,6;12,6;100;85;100;147;2,8;1,9;
2024-05-02;0800;null;917,5;1013,8;917,6;917,3;-3,5;18;16,7;null;17,7;16,7;17,7;16,7;12,6;100;100;null;187;2,7;,9;
2024-05-02;0900;null;918,1;1014,5;918,1;917,5;-3,4;18;16,5;null;16,9;16,3;null;null;12,6;null;null;null;157;2,5;2;
2024-05-02;1000;null;918,8;1015,2;918,8;918,1;45,7;17;16,8;null;16,9;16,3;null;null;12,7;null;null;null;153;2,6;1,4;
2024-05-02;1100;null;919,7;1014,9;919,7;918,8;626;19;20,6;17,7;20,6;16,8;18,3;16,7;13,6;100;82;83;156;2,7;1,2;
2024-05-02;1200;null;920,1;1013,8;920,1;919,7;1423,4;23;25,2;18,5;25,2;20,7;18,5;17,2;13,8;83;66;67;135;2,7;1,1;
2024-05-02;1300;null;920,2;1012,7;920,2;920,1;2105,2;27;28,8;16,3;28,8;25,2;18,5;15,8;13,6;66;46;47;358;3,8;1,6;
2024-05-02;1400;null;919,7;1011,9;920,3;919,7;2620,6;30;29,8;13,3;30,1;28,3;16,2;11,6;13,6;47;34;36;343;5,6;2,4;
2024-05-02;1500;null;918,9;1010,7;919,7;918,9;2820,7;32;30,8;12;31,4;29,3;13,7;11,5;13,5;37;31;32;312;5,6;2,6;
2024-05-02;1600;null;918,2;1009,7;918,9;918,2;2917,2;33;31,4;10,9;31,9;30,2;12,6;10;13,5;32;28;28;310;5,7;2,7;
2024-05-02;1700;null;917,4;1009;918,2;917,4;2690,8;34;31;11,2;31,8;30,5;12,3;10,2;13,4;31;28;30;301;6,5;2,2;
2024-05-02;1800;null;916,8;1008,3;917,4;916,8;2130,6;34;30,9;12,6;32,2;30,4;12,7;10,8;13,5;33;28;33;301;5,4;1,8;
2024-05-02;1900;null;916,4;1008,2;916,8;916,4;1416,4;34;30;12,6;32;30;13,1;11,6;13,2;34;30;34;360;4,9;2,7;
2024-05-02;2000;null;916,5;1008,5;916,5;916,4;792,3;33;29,3;12,9;30,6;29,2;13,4;11,8;13;37;32;37;1;4,8;1,4;
2024-05-02;2100;null;917;1010,6;917;916,5;97,9;30;24,5;14,6;29,3;24,5;14,8;12,9;12,9;54;37;54;122;3;,4;
2024-05-02;2200;null;917,7;1012,4;917,7;917;-3,5;26;21,6;15,5;24,5;21,6;16;14,5;12,8;69;54;68;156;3,6;1;
2024-05-02;2300;null;918,3;1013,7;918,3;917,7;-3,5;23;19,7;16;22,2;19,6;16;15,1;12,8;79;66;79;153;2,4;1,2;
2024-05-03;0000;null;918,8;1014,7;918,8;918,3;-3,5;21;18,2;15,8;19,9;18,2;16;15,4;12,8;86;78;86;157;2,5;1,1;
2024-05-03;0100;null;919;1015,1;919;918,8;-3,5;20;17,7;16,2;18,4;17,7;16,2;15,3;12,8;91;84;91;161;2;,8;
2024-05-03;0200;null;919,1;1015,6;919,1;919;-3,5;19;16,7;16,7;17,8;16,5;17,1;16,1;12,7;100;91;100;166;2,3;1,4;
2024-05-03;0300;null;918,8;1015,4;919,2;918,8;-3,5;18;16,4;16,4;17,2;16,1;17,2;16,1;12,7;100;98;100;151;2,5;1,7;
2024-05-03;0400;null;918,4;1015,1;918,8;918,4;-3,5;17;15,9;15,9;16,4;15,6;16,4;15,6;12,7;100;100;100;146;2,4;1,3;
2024-05-03;0500;null;917,9;1014,6;918,4;917,9;-3,5;17;15,7;15,7;16;15,7;16;15,7;12,7;100;100;100;152;2,8;1,8;
2024-05-03;0600;null;917,5;1014,3;917,9;917,5;-3,5;17;15,4;15,4;16;15,4;16;15,4;12,7;100;100;100;150;3;1,7;
2024-05-03;0700;null;917,7;1014,4;917,8;917,5;-3,5;17;15,7;15,7;15,9;15,4;15,9;15,4;12,6;100;100;100;154;3;1,9;
2024-05-03;0800;null;917,9;1014,6;917,9;917,7;-3,5;17;15,6;15,6;16,1;15,4;16,1;15,4;12,6;100;100;100;149;2,9;2;
2024-05-03;0900;null;918,8;1015,6;918,8;918;-3,5;16;15,7;null;15,8;15,3;null;null;12,6;null;null;null;147;2,9;1,8;
2024-05-03;1000;null;919,8;1016,6;919,8;918,8;43,5;16;15,9;null;15,9;15,4;null;null;12,7;null;null;null;145;2,9;1,8;
2024-05-03;1100;null;920,6;1016,3;920,6;919,8;610,2;18;19,4;16,2;19,4;15,9;17,8;16,2;13,6;100;81;81;150;2,5;1,3;
2024-05-03;1200;null;920,9;1014,9;921;920,6;1403,2;22;24,5;17,8;24,5;19,4;18,3;16,2;13,8;82;66;66;135;2,8;1,6;
2024-05-03;1300;null;921,3;1014,3;921,4;920,9;2080,3;26;27,7;17;27,9;24,5;18,3;16,9;13,7;67;51;52;124;3,5;1,5;
2024-05-03;1400;null;921;1014,4;921,3;921;990,5;27;26,5;17,6;28;26,3;17,8;16;13,4;60;49;58;172;3,3;,9;
2024-05-03;1500;null;920,1;1013;921;920,1;762,9;28;27,6;14,4;27,6;26,2;17,7;14,4;13,4;59;44;44;141;1,9;,7;
2024-05-03;1600;null;919,2;1011,1;920,1;919,2;2349;30;30,5;13,3;30,6;27,6;15,6;12,4;13,6;48;34;35;68;4,4;2;
2024-05-03;1700;null;918,5;1010,8;919,2;918,5;2349,9;32;28,9;14,2;31,3;28,6;14,8;12,5;13,5;41;33;41;53;5,4;2,2;
2024-05-03;1800;null;918,1;1009,8;918,5;918,1;2319,4;33;30,8;13,4;31,2;28,9;14,8;12,5;13,6;41;33;35;54;5,6;2,4;
2024-05-03;1900;null;917,9;1009,9;918,1;917,8;1560,8;34;29,7;12,4;30,9;29,7;14;12,2;13,2;37;32;34;32;4,7;2,1;
2024-05-03;2000;null;918,1;1010,8;918,1;917,8;752,8;33;27,6;15,3;30,4;27,6;15,3;11,7;12,9;47;34;47;124;3,8;,6;
2024-05-03;2100;null;918,5;1012,4;918,5;918,1;59,5;29;24,1;14,2;27,5;24,1;15,5;14;12,9;54;45;54;126;1,7;,9;
2024-05-03;2200;null;918,6;1013,4;918,6;918,5;-3,5;25;21,3;15,6;24,1;21,2;15,7;14,2;12,8;71;54;70;139;2,5;1,2;
2024-05-03;2300;null;919,3;1014,4;919,3;918,6;-3,5;23;20,7;15,7;21,4;20,5;15,7;15,4;12,8;74;69;73;155;2,4;1,2;
2024-05-04;0000;null;920;1014,9;920;919,3;-3,5;22;21,7;15,5;21,8;20,5;15,7;15,4;12,8;74;68;68;148;3,5;1,2;
2024-05-04;0100;null;920,2;1015,1;920,2;920;-3,5;22;21,6;14,9;22,1;21,6;15,5;14,9;12,8;68;65;66;154;3,1;1,6;
2024-05-04;0200;null;920,6;1015,7;920,6;920,2;-3,5;22;21,1;14,8;21,8;21;15,1;14,8;12,8;68;65;67;149;3,2;1,9;
2024-05-04;0300;null;920,7;1016,4;920,8;920,6;-3,5;21;19,4;14,6;21,1;19,4;14,8;14,5;12,7;74;67;74;150;3,2;2;
2024-05-04;0400;null;920,5;1016,5;920,7;920,5;-3,5;20;18,6;14,5;19,9;18,4;15;14,3;12,7;78;72;77;148;3,1;1,8;
2024-05-04;0500;null;920,4;1016,6;920,5;920,3;-3,5;19;17,8;14,7;18,6;17,6;14,7;14,4;12,7;82;77;82;146;3;2,3;
2024-05-04;0600;null;920,3;1016,7;920,4;920,3;-3,5;19;17,3;14,4;18;17,2;14,7;14,2;12,7;83;80;83;141;3,2;1,9;
2024-05-04;0700;null;920,4;1016,8;920,4;920,2;-3,5;18;17,3;14,1;17,4;16,8;14,5;14,1;12,6;85;82;82;146;3,4;2,2;
2024-05-04;0800;null;920,7;1017,4;920,7;920,4;-3,5;18;16,6;13,6;17,5;16,6;14,2;13,6;12,6;84;80;83;149;3,4;2,3;
2024-05-04;0900;null;921,3;1018,3;921,3;920,7;-3,5;17;16;14,6;17,1;15,9;14,6;13,7;12,6;92;81;92;150;3;2,3;
2024-05-04;1000;null;922;1018,4;922;921,3;40,3;17;17,7;13,8;17,8;15,5;15,3;13,8;12,7;96;78;78;151;3,5;2,1;
2024-05-04;1100;null;922,7;1018,1;922,7;922,1;621,2;19;20,8;15,4;20,8;17,7;15,5;13,8;13,6;78;71;71;145;3,9;1,8;
2024-05-04;1200;null;923,2;1017,4;923,2;922,7;1428;23;24,7;15,8;24,8;20,8;16,6;15,2;13,8;71;57;58;122;3,9;1,6;
2024-05-04;1300;null;923,6;1017,2;923,6;923,2;2124,7;26;26,7;14,8;27,2;24,4;16,3;14,5;13,7;58;47;48;77;4,8;1,8;
2024-05-04;1400;null;923,1;1016,3;923,6;923,1;2619,2;28;27,7;13,3;28,4;26,4;15,6;13,3;13,7;50;40;41;104;5,6;2;
2024-05-04;1500;null;922,2;1014,8;923,1;922,2;2874,8;30;29,1;12,3;29,8;27,7;14,8;11,9;13,5;43;33;35;89;5,8;2,1;
2024-05-04;1600;null;921,3;1013,6;922,2;921,3;2894,3;31;29,9;11,8;30,4;29;13,5;10,8;13,5;38;32;33;102;5,4;2;
2024-05-04;1700;null;920,6;1012,5;921,3;920,6;2679,9;32;31;11,6;31,1;29,5;12,5;10,6;13,5;35;29;30;67;6,3;1,8;
2024-05-04;1800;null;920,2;1012,4;920,6;920,2;2231;33;29,9;9,7;31;29,8;11,8;9,3;13,5;32;27;29;36;6,3;3,5;
2024-05-04;1900;null;920,6;1012,9;920,6;920,1;1586,4;33;29,7;10;30,5;29,3;11,3;9,1;13,5;33;28;29;52;5,9;1,9;
2024-05-04;2000;null;921;1014,2;921;920,6;796,8;32;27,1;12,5;29,7;27,1;12,8;9,3;13;41;28;40;144;5,3;,9;
2024-05-04;2100;null;921,5;1015,8;921,5;921;109,5;29;23,8;12,4;27,1;23,8;13;11;12,9;49;37;49;146;3,2;1,7;
2024-05-04;2200;null;922,1;1017,9;922,1;921,5;-3,5;24;19,5;13,1;23,8;19,5;13,7;12,5;12,8;68;49;67;137;3;,7;
2024-05-04;2300;null;922,7;1018,7;922,7;922,1;-3,5;21;19,2;12,5;19,7;18,5;13,1;12,3;12,8;68;65;65;148;2,9;1,8;
2024-05-05;0000;null;923,4;1018,9;923,4;922,7;-3,5;21;20,7;11,2;20,7;19;12,6;11,1;12,8;66;54;55;146;3,6;2,1;
2024-05-05;0100;null;923,9;1020,4;923,9;923,4;-3,5;20;18,2;11,3;20,7;18;11,3;11;12,8;64;54;64;152;3,6;2,2;
2024-05-05;0200;null;924;1021,2;924;923,8;-3,5;19;16,2;11,4;18,3;16,2;11,5;11,2;12,7;73;63;73;148;3;2;
2024-05-05;0300;null;923,8;1021,2;924;923,8;-3,5;17;15,4;11,5;16,4;15,3;11,7;11,4;12,7;78;73;78;148;2,5;1,7;
2024-05-05;0400;null;923,3;1020,8;923,8;923,3;-3,5;16;15,1;11,4;15,7;14,8;11,7;11,2;12,7;80;77;79;152;2,4;1,7;
2024-05-05;0500;null;922,9;1020,8;923,3;922,9;-3,5;16;13,7;11,3;15,1;13,7;11,6;11;12,7;85;79;85;148;2,6;2;
2024-05-05;0600;null;922,8;1020,7;922,9;922,8;-3,5;15;13,7;12,9;13,9;13,1;13,1;11,2;12,7;96;85;95;145;2,8;1,5;
2024-05-05;0700;null;922,9;1020,2;923;922,8;-3,5;15;15,5;11,6;15,5;13,6;12,9;11,4;12,6;95;78;78;156;3;1,7;
2024-05-05;0800;null;923;1020;923;922,8;-3,5;15;16,3;11,8;16,4;15,5;12,2;11,3;12,6;78;74;75;127;3,7;1,3;
2024-05-05;0900;null;923,3;1020,2;923,3;922,9;-3,5;16;16,9;12,5;17,4;16,1;12,7;11,8;12,6;77;73;76;157;4,2;1,9;
2024-05-05;1000;null;924;1021;924;923,3;40,6;16;16,7;12,7;17,3;16,2;13,2;12,3;12,7;79;75;77;134;3,8;1,3;
2024-05-05;1100;null;924,6;1020,4;924,6;924;632,1;18;20,2;14,1;20,2;16,6;14,4;12,7;13,7;78;68;68;148;2,4;1,2;
2024-05-05;1200;null;924,9;1019,5;924,9;924,6;1418,8;21;24,1;15;24,1;20,2;15,4;13,7;13,9;68;57;57;85;4,3;1,5;
2024-05-05;1300;null;925,2;1019,4;925,2;924,9;2125,2;25;25,2;14,5;25,3;23,6;15,3;14,1;13,8;57;51;51;61;5,8;2,5;
2024-05-05;1400;null;924,8;1018,4;925,2;924,8;2618,8;27;26,9;14,1;27;25,1;15,7;13,9;13,6;53;45;46;78;5,6;2,3;
2024-05-05;1500;null;923,8;1016,9;924,8;923,8;2866,1;29;28,1;14,3;28,1;26,4;14,9;12,3;13,7;48;39;43;64;5,5;2,3;
2024-05-05;1600;null;922,8;1015,7;923,8;922,8;2901;30;28,4;12,7;29,2;27,3;14,5;11,2;13,6;44;33;38;122;5,5;2,3;
2024-05-05;1700;null;921,9;1014,4;922,8;921,9;2681,3;31;29,3;11,9;30,4;28,4;12,9;10,8;13,5;38;31;34;51;5,8;2,7;
2024-05-05;1800;null;921,1;1013,8;921,9;921,1;2230,7;32;28,6;12;29,6;28,6;12,5;10,8;13,6;36;32;36;42;7,5;3,7;
2024-05-05;1900;null;920,7;1013,3;921,1;920,7;1558,7;32;28,7;12,2;29,7;28,6;13,3;11,5;13,6;38;34;36;101;7,5;1,7;
2024-05-05;2000;null;921,1;1014,3;921,1;920,7;787,5;31;27,1;14,2;29;27,1;14,2;11,9;13;45;36;45;144;4,3;,7;
2024-05-05;2100;null;921,1;1015,8;921,2;921,1;96,5;28;22,6;13,8;27,1;22,6;15;13,6;12,9;59;44;57;120;2,8;,6;
2024-05-05;2200;null;921,6;1017;921,6;921,1;-3,5;24;20,6;14,7;23,1;19,8;14,8;13,5;12,8;71;56;69;183;1,8;,7;
2024-05-05;2300;null;922,6;1018,9;922,6;921,6;-3,5;21;18,4;14,1;21,3;18,4;14,5;13,1;12,8;76;64;76;139;1,4;,6;
2024-05-06;0000;null;923,3;1020;923,3;922,6;-3,5;19;17,2;14,1;18,4;17,2;14,4;14;12,8;82;76;82;142;2,8;2;
2024-05-06;0100;null;923,3;1020,3;923,3;923,2;-3,5;18;16,6;13,9;17,4;16,5;14,2;13,8;12,8;85;82;84;155;2,8;1,9;
2024-05-06;0200;null;923,4;1020,6;923,5;923,3;-3,5;18;16;14,4;16,6;15,5;15,2;13,6;12,7;96;84;90;152;2,9;1,6;
2024-05-06;0300;null;923,2;1020,5;923,4;923,2;-3,4;17;15,7;14,9;16,2;15,6;15,2;13,8;12,7;96;87;96;149;2,6;1,9;
2024-05-06;0400;null;922,7;1020,2;923,2;922,7;-3,5;17;14,9;14,9;15,7;14,5;15,1;14,4;12,7;100;95;100;123;2,8;1,1;
2024-05-06;0500;null;922,1;1018,8;922,7;922,1;-3,5;16;17,1;13,7;17,1;14,6;15,8;13,7;12,7;100;80;80;132;3,2;1,6;
2024-05-06;0600;null;921,8;1017,8;922,1;921,7;-3,5;17;18,8;14,5;19,7;17,1;14,5;13,5;12,7;80;70;76;163;5,1;2,4;
2024-05-06;0700;null;921,7;1017,9;921,8;921,6;-3,5;18;18,4;14,6;18,9;18;14,9;14,2;12,6;80;75;78;150;4,4;1,6;
2024-05-06;0800;null;921,7;1018,1;921,7;921,6;-3,5;18;17,6;14,5;18,4;17,6;14,6;14,4;12,6;82;78;82;162;3,4;1,2;
2024-05-06;0900;null;922,2;1018,8;922,2;921,7;-3,5;18;17,4;14,2;17,9;17,2;14,6;14,1;12,6;84;81;81;169;3,8;,8;
2024-05-06;1000;null;922,7;1019;922,7;922,2;33,7;17;18,3;14,5;18,3;16;15,3;13,5;12,6;92;78;78;149;2,7;1,1;
2024-05-06;1100;null;923;1018,5;923;922,6;615,2;19;20,7;15;20,7;17,9;15;14,2;13,6;79;69;70;87;3,8;1;
2024-05-06;1200;null;923,2;1017,7;923,2;923;1428,9;22;23,6;15,1;23,8;20,7;15,9;14,8;13,8;71;58;59;76;5;1,6;
2024-05-06;1300;null;923,4;1017,5;923,5;923,2;2114,3;25;25,1;15,4;25,1;23,4;16;14,6;13,8;61;55;55;71;9;2,4;
2024-05-06;1400;null;922,7;1016,4;923,4;922,7;2598,2;27;26,1;14,8;26,1;24,6;15,9;14,6;13,7;58;50;50;58;8,8;3;
2024-05-06;1500;null;921,8;1014,9;922,7;921,8;2847,7;28;27,5;15;27,9;25,6;15,9;14,4;13,7;53;45;46;56;8;2,9;
2024-05-06;1600;null;920,8;1013,3;921,8;920,8;2872,8;30;29;15,5;29;27;15,8;14,2;13,5;47;42;44;38;7,7;3,3;
2024-05-06;1700;null;920;1012,5;920,8;920;2628,4;31;28,9;14,2;29,3;28,1;15,2;13,5;13,6;44;40;41;101;6,7;1,8;
2024-05-06;1800;null;919,4;1011,8;920;919,4;2169,9;32;29,1;14,3;29,4;28,4;15;13,2;13,7;43;38;40;75;6,4;1,2;
2024-05-06;1900;null;919,2;1011,7;919,4;919,1;1524,8;32;28,6;14,2;29,5;28,3;14,8;13,2;13,6;43;38;41;74;3,8;1,7;
2024-05-06;2000;null;919,5;1012,5;919,5;919,2;754,1;31;27,3;15,5;28,7;27,1;15,5;13,9;13;49;41;49;135;3,7;,7;
2024-05-06;2100;null;919,7;1013,7;919,7;919,5;94,1;28;24,1;14,9;27,3;24,1;15,9;14,9;12,9;56;49;56;157;2,4;,9;
2024-05-06;2200;null;920,1;1015,3;920,1;919,7;-3,5;25;20,7;15,6;24,1;20,7;15,9;14,9;12,8;73;56;73;151;2,9;1,7;
2024-05-06;2300;null;920,8;1015,9;920,8;920,1;-3,5;23;21,2;15,2;21,4;20,3;15,6;15,1;12,8;74;68;69;158;4,2;2,1;
2024-05-07;0000;null;921,3;1016,5;921,3;920,8;-3,5;22;21,2;15,5;21,3;20,7;15,6;15,1;12,8;71;69;70;150;4,3;1,7;
2024-05-07;0100;null;921,5;1016,7;921,5;921,3;-3,5;22;21;15,5;21,6;20,8;15,6;15,4;12,8;71;69;71;136;3,8;1,6;
2024-05-07;0200;null;921,6;1016,9;921,6;921,5;-3,5;21;21;15,6;21,2;20,6;15,7;15,5;12,8;73;71;71;138;3,8;1,6;
2024-05-07;0300;null;921,4;1016,7;921,6;921,4;-3,5;21;20,7;15,7;21,1;20,6;15,7;15,5;12,7;73;71;73;145;3,4;1,5;
2024-05-07;0400;null;921,2;1016,7;921,4;921,2;-3,5;21;20,2;15,6;20,8;20,2;15,8;15,6;12,7;75;73;75;143;3,5;1,6;
2024-05-07;0500;null;920,9;1016,4;921,3;920,9;-3,5;21;20;15,8;20,5;19,9;15,8;15,6;12,7;77;75;77;142;3,6;1,8;
2024-05-07;0600;null;920,5;1016,1;920,9;920,5;-3,5;20;19,7;15,9;20,1;19,5;15,9;15,6;12,7;79;76;79;133;3,6;1,7;
2024-05-07;0700;null;920,4;1016;920,6;920,4;-3,5;20;19,5;16,1;19,9;19,5;16,1;15,8;12,7;81;78;81;134;4,5;2,2;
2024-05-07;0800;null;920,5;1016,4;920,5;920,3;-3,5;20;18,9;16,5;19,5;18,8;16,7;16;12,6;87;80;86;133;5,3;1,7;
2024-05-07;0900;null;920,8;1016,7;920,8;920,5;-3,5;20;18,8;17,6;19,4;18,7;17,7;16,3;12,6;93;84;93;143;5,4;1,6;
2024-05-07;1000;null;921,3;1017,1;921,3;920,8;31,9;19;19,4;16,6;19,5;18,6;18;16,5;12,6;95;83;84;122;4,4;1,7;
2024-05-07;1100;null;921,7;1016,8;921,7;921,3;599,9;21;21,4;16,8;21,4;19,3;16,9;16,4;13,6;84;75;75;121;4,9;1,8;
2024-05-07;1200;null;922,1;1016,4;922,1;921,7;1393,9;23;24;17,2;24;21,3;17,3;16,7;13,8;75;66;66;118;5,4;2;
2024-05-07;1300;null;922,4;1016,2;922,4;922,1;2047,7;26;25,6;16,5;25,8;24;17,4;16,4;13,7;66;57;57;95;5,2;2,1;
2024-05-07;1400;null;922;1015,2;922,4;922;2528,5;28;27,2;16,4;27,7;25,3;17,5;16,2;13,7;59;50;52;109;4,5;2;
2024-05-07;1500;null;921,3;1014;922;921,3;2772;30;28,6;16,5;28,8;26,9;17,6;15,7;13,6;54;47;48;72;4,9;1,8;
2024-05-07;1600;null;920,4;1012,9;921,3;920,4;2662,3;31;29;16,3;29,4;27,8;17,3;15,1;13,5;50;44;46;6;4,4;,9;
2024-05-07;1700;null;919,5;1011,8;920,4;919,5;2332,4;32;29,3;15,8;30,2;27,6;16,8;15,2;13,5;48;42;44;12;5,4;2,2;
2024-05-07;1800;null;919;1011,5;919,5;919;1887,1;32;28,6;15,1;29,9;28,2;16,3;14,9;13;47;42;44;53;5,4;2,2;
2024-05-07;1900;null;919;1011,6;919;918,9;1249,3;32;28,1;15,6;29,4;27,7;16;14,8;13,6;47;43;47;46;4,9;1,9;
2024-05-07;2000;null;918,9;1012;919;918,8;737,6;32;26,8;15,8;28,9;26,8;16,3;14,6;13;51;43;51;55;4,2;1,9;
2024-05-07;2100;null;919,2;1013,7;919,2;918,9;82,1;29;22,6;16,6;26,8;22,6;16,7;15,8;12,9;69;51;69;102;4,1;,4;
2024-05-07;2200;null;919,7;1014,5;919,7;919,2;-3,5;25;21,7;16,5;22,6;21,6;16,8;16;12,8;73;69;72;94;2;,5;
2024-05-07;2300;null;920,1;1014,9;920,1;919,7;-3,5;23;21,9;16,9;22;21,5;16,9;16,5;12,8;74;72;73;133;2,2;,6;
2024-05-08;0000;null;920,5;1016;920,5;920,1;-3,5;22;20,1;16,6;21,9;19,9;17;16,5;12,8;81;73;80;143;2,8;1,5;
2024-05-08;0100;null;920,8;1016,6;920,8;920,5;-3,5;21;19,1;17;20,1;19,1;17,1;16,4;12,8;88;80;88;153;2,4;1,7;
2024-05-08;0200;null;921;1017;921,1;920,8;-3,4;20;18,7;17,8;19,2;18,6;17,8;16,6;12,7;95;86;95;146;2,9;1,6;
2024-05-08;0300;null;920,6;1016,5;921;920,6;-3,5;20;18,8;16,5;19,1;18,5;18;16,2;12,7;96;85;86;146;2,8;,9;
2024-05-08;0400;null;920,4;1015,9;920,6;920,4;-3,5;20;20;16,4;20,1;18,7;16,7;15,9;12,7;87;80;80;149;3;1,8;
2024-05-08;0500;null;920,2;1015,7;920,4;920,2;-3,5;20;19,9;16,2;20,3;19,4;16,5;16;12,7;81;78;79;121;3,6;1,5;
2024-05-08;0600;null;920;1015,7;920,2;920;-3,5;20;19,3;15,7;20,1;19,2;16,3;15,7;12,7;81;79;80;133;4;1,6;
2024-05-08;0700;null;920;1016;920;919,9;-3,5;19;18,3;15,1;19,6;18,2;15,7;15;12,7;82;77;82;123;3,5;,9;
2024-05-08;0800;null;920,4;1016,7;920,4;919,9;-3,5;18;17,5;14,7;18,4;17,2;15,1;14,4;12,6;84;81;83;117;3,2;,8;
2024-05-08;0900;null;921,1;1017,8;921,1;920,4;-3,5;18;16,8;15,9;17,7;16,4;15,9;14;12,6;95;82;95;148;3,2;1,1;
2024-05-08;1000;null;921,5;1018;921,6;921,1;30;17;17,3;14,4;17,6;16,8;16;14;12,6;95;81;83;133;2,8;1,2;
2024-05-08;1100;null;922,1;1017,7;922,1;921,5;591,9;19;20,1;15;20,1;17,3;15,3;14,3;13,6;83;72;73;136;2,7;1,2;
2024-05-08;1200;null;922,6;1017,4;922,6;922,1;1375,2;22;22,8;16;22,8;20,1;16,5;15,3;13,9;73;64;66;62;5,9;2;
2024-05-08;1300;null;922,9;1016,9;923;922,6;2050,5;25;25,1;15,2;25,4;22,6;16,7;15,2;13,8;66;54;54;54;5,7;2,8;
2024-05-08;1400;null;922,2;1015,6;922,9;922,2;2556,6;27;26,8;14,5;27;24,9;15,9;14;13,7;56;46;47;37;7,8;4,2;
2024-05-08;1500;null;922;1015,2;922,2;922;2801,8;29;27,3;14,3;27,7;26,3;15,2;13,7;13,8;48;44;45;23;8,2;3,8;
2024-05-08;1600;null;921,3;1014,3;922;921,3;2727,1;30;27,7;14,1;28,3;26,7;15,4;13,7;13,5;47;43;43;33;6,9;3,5;
2024-05-08;1700;null;920,6;1013,4;921,3;920,6;2410,7;31;28,1;13;28,8;27;15;13;13,5;46;39;39;360;6,8;3,3;
2024-05-08;1800;null;920,1;1012,4;920,6;920,1;2056,2;31;29,4;14,2;29,4;27,8;14,5;13,2;13,5;43;39;40;2;6,1;2,3;
2024-05-08;1900;null;920,4;1013;920,4;920,1;1468,3;32;28,6;13,7;29,6;28,3;14,5;13,2;13,6;42;38;40;37;4,8;2;
2024-05-08;2000;null;920,6;1013,8;920,6;920,3;730,6;31;26,9;14,9;28,7;26,8;15,2;13,3;13;48;39;48;62;4,1;1;
2024-05-08;2100;null;921;1015,3;921;920,6;83,2;28;23,7;14,9;27;23,7;15,7;14,8;12,9;59;48;58;140;2,3;1,3;
2024-05-08;2200;null;921,4;1016,2;921,4;921;-3,5;24;22,2;15,4;23,7;21,2;15,9;14,8;12,8;72;58;65;127;2,9;1,7;
2024-05-08;2300;null;922,1;1017,8;922,1;921,4;-3,5;22;20;15,1;22,2;19,9;15,3;15;12,8;74;65;74;146;3,5;1,6;
2024-05-09;0000;null;922,6;1018,2;922,6;922,1;-3,5;21;20,2;14,9;20,3;19,1;15,2;14,9;12,8;77;72;72;141;3,5;1,6;
2024-05-09;0100;null;923;1019,1;923;922,6;-3,5;20;19,1;14,7;20,2;18,2;14,9;14,3;12,8;79;71;76;158;3,2;2;
2024-05-09;0200;null;923,3;1019,7;923,3;923;-3,5;20;18,3;14,3;19,3;18,1;14,7;14,2;12,8;79;74;77;146;3,5;1,4;
2024-05-09;0300;null;923,3;1020,1;923,4;923,3;-3,5;19;17,1;14,4;18,5;16,9;14,8;14,1;12,7;85;77;84;150;2,8;2,2;
2024-05-09;0400;null;923,3;1020,2;923,4;923,3;-3,5;18;16,8;14,3;17,1;16,4;15,5;14,2;12,7;93;84;85;149;2,8;1,6;
2024-05-09;0500;null;923;1020,2;923,3;922,9;-3,5;17;15,8;15,8;16,8;15,6;15,8;14,1;12,7;100;85;100;157;2,6;1,3;
2024-05-09;0600;null;922,5;1019,9;923;922,5;-3,5;17;15;15;15,8;14,9;15,8;15;12,7;100;99;100;146;2;1,5;
2024-05-09;0700;null;922,2;1019,7;922,5;922,2;-3,5;16;14,6;null;15,1;14,5;15,1;14,5;12,6;100;100;null;157;2,1;1,3;
2024-05-09;0800;null;922,1;1019,7;922,3;922,1;-3,4;16;14,4;14,4;15,1;14,4;15,1;14,4;12,6;100;100;100;151;2,4;1,2;
2024-05-09;0900;null;922,4;1020;922,4;922,1;-3,5;15;14,6;null;14,9;14,4;null;null;12,6;null;null;null;157;2;1,3;
2024-05-09;1000;null;923;1020,5;923;922,4;40,5;15;14,9;null;14,9;14,4;null;null;12,6;null;null;null;158;2,5;1,4;
2024-05-09;1100;null;923,6;1019,8;923,7;923;573;17;18,8;15,2;18,8;14,9;16,3;14,3;13,6;100;80;80;145;2,8;1,6;
2024-05-09;1200;null;924,4;1019,2;924,4;923,6;1355;21;23,1;16;23,1;18,8;16,4;15;13,9;80;64;64;141;2,8;1,4;
2024-05-09;1300;null;924,6;1018,9;924,8;924,4;2016,6;25;24,9;16;25;22,9;16,4;15,4;13,8;65;57;58;140;3,7;1,7;
2024-05-09;1400;null;924,1;1017,5;924,7;924,1;2370,6;27;27,2;15,3;27,4;24,9;16,2;14,5;13,8;58;47;48;113;4,2;1,4;
2024-05-09;1500;null;923,1;1016,3;924,2;923,1;2682;29;27,7;14;28,6;25,8;15,5;13,3;13,7;49;41;43;74;5,9;2;
2024-05-09;1600;null;922;1014,9;923,1;922;2667,9;30;28,1;14;28,5;27,1;14,7;12,8;13,6;45;40;42;88;5,3;1,8;
2024-05-09;1700;null;921,4;1014,1;922;921,4;2675,2;31;28,7;14,2;29,7;27,7;15,2;12,9;13,6;43;39;41;37;6,5;2,4;
2024-05-09;1800;null;920,9;1013,8;921,4;920,9;2085,4;32;28;13,4;29,8;28;15,1;12,8;13,3;42;38;41;61;5,2;1,5;
2024-05-09;1900;null;920,5;1013,4;920,9;920,5;1497,7;32;27,9;13,7;29;27,9;14,7;13,1;13,6;43;39;42;42;4,6;2,3;
2024-05-09;2000;null;920,6;1014,2;920,6;920,4;646,7;31;25,8;15,1;28,3;25,4;15,2;13,7;13,1;54;41;52;49;4,6;1;
2024-05-09;2100;null;920,9;1015,8;920,9;920,5;85,9;27;21,9;15,2;25,8;21,7;15,4;14,6;12,9;67;51;66;167;2,6;,8;
2024-05-09;2200;null;921,4;1016,9;921,4;920,9;-3,5;24;20,1;14,8;23,3;20,1;15,5;14,5;12,8;72;59;72;139;2,5;,8;
2024-05-09;2300;null;921,8;1017,8;921,8;921,4;-3,5;21;19;15,2;20,1;18,2;15,6;14,3;12,8;80;72;79;125;2,2;1,3;
2024-05-10;0000;null;922,1;1018,4;922,1;921,8;-3,5;20;18;14,6;19,3;17,9;15,3;14,6;12,8;82;77;81;152;2,3;1,3;
2024-05-10;0100;null;922,4;1019,1;922,4;922,1;-3,5;19;17;14,4;18,6;17;14,9;14;12,8;84;78;84;133;2,1;,6;
2024-05-10;0200;null;922,5;1019,5;922,5;922,2;-3,5;18;16,3;15;17,5;16,2;15,9;13,9;12,7;94;83;92;158;2,6;1,9;
2024-05-10;0300;null;922,2;1019,4;922,5;922,2;-3,5;17;15,7;15,5;16,4;15,6;15,8;15,3;12,7;99;92;99;144;2,8;1,7;
2024-05-10;0400;null;922;1019,5;922,3;922;-3,5;16;14,8;14,8;15,7;14,8;15,5;14,8;12,7;100;99;100;144;2,6;1,4;
2024-05-10;0500;null;921,6;1019,2;922;921,6;-3,5;16;14,3;null;14,8;14,2;14,8;14,3;12,7;100;100;null;154;2,4;1,6;
2024-05-10;0600;null;921;1018,5;921,6;921;-3,5;15;14,4;null;14,4;14;null;null;12,7;null;null;null;161;2,4;1,7;
2024-05-10;0700;null;920,9;1018,5;921;920,9;-3,5;15;14,1;14,1;14,6;14,1;14,6;14,1;12,6;100;100;100;157;2,4;1,4;
2024-05-10;0800;null;920,9;1018,3;921;920,9;-3,5;15;14,5;14,5;14,6;14;null;null;12,6;null;null;100;154;2,9;2,3;
2024-05-10;0900;null;921,2;1018,9;921,2;920,9;-3,5;15;13,9;null;14,6;13,9;null;null;12,6;null;null;null;151;3,1;1,6;
2024-05-10;1000;null;921,9;1019,4;921,9;921,2;29,6;15;14,6;14,6;15,9;13,8;null;null;12,6;null;null;100;142;2,4;1,5;
2024-05-10;1100;null;922,6;1019,1;922,6;921,9;576,6;16;17,7;15;17,7;14,6;16,1;14,2;13,7;100;81;84;148;2,2;1,1;
2024-05-10;1200;null;923,2;1018,2;923,2;922,6;1361,2;20;22,4;16,6;22,4;17,7;16,6;15;13,9;86;68;70;143;2,5;1,2;
2024-05-10;1300;null;923,2;1017,2;923,2;923,2;2036;24;25,1;15,7;25,4;22,4;16,6;15,3;13,8;69;55;56;41;5,8;3,1;
2024-05-10;1400;null;922,7;1016,1;923,2;922,7;2514,2;27;27;15,5;27,1;25,1;16,4;14,8;13,8;56;48;49;53;6,4;3,2;
2024-05-10;1500;null;922;1015,1;922,7;922;2786,9;28;27,5;14,7;28;26,3;15,7;14,5;13,7;50;44;46;44;7,7;3,5;
2024-05-10;1600;null;921;1013,8;922;921;2810,9;30;28,1;14,7;28,4;27,3;15,6;13,9;13,5;47;42;44;38;7,3;3,7;
2024-05-10;1700;null;920,2;1012,7;921;920,2;2587,2;31;29;14,7;29,2;27,8;15,5;13,9;13,6;45;40;42;53;6,7;2,3;
2024-05-10;1800;null;919,2;1011,6;920,1;919,2;2222,4;32;28,8;13,9;29,7;28,2;15,4;13,8;13,6;44;39;40;37;5,8;2,3;
2024-05-10;1900;null;918,7;1011,3;919,2;918,6;1510,5;32;28,2;14,1;29,3;28,2;14,8;13,3;13,5;42;38;42;47;6,3;2,3;
2024-05-10;2000;null;918,8;1012;918,9;918,7;613,7;31;26,2;15;28,6;26,2;15,2;13,6;13;50;40;50;51;5,3;1;
2024-05-10;2100;null;919;1013,3;919,1;918,8;61,2;28;23,2;15,6;26,2;23,2;16,3;15,3;12,9;62;50;62;135;3,1;,8;
2024-05-10;2200;null;919,6;1014,6;919,6;919;-3,5;24;21,2;16;23,2;20,9;16,2;15,5;12,8;74;62;72;135;2,5;1,2;
2024-05-10;2300;null;920,3;1015,9;920,3;919,6;-3,5;22;19,5;15,6;21,3;19,5;16,1;15,6;12,8;78;72;78;133;2,3;1,2;
2024-05-11;0000;null;920,7;1016,8;920,7;920,3;-3,5;21;18,4;15,7;19,5;18,3;15,8;15;12,8;85;78;85;134;2,5;,7;
2024-05-11;0100;null;920,8;1017,2;920,8;920,7;-3,5;20;17,4;17;18,4;17,4;17;15,5;12,8;98;84;98;153;2,3;1;
2024-05-11;0200;null;920,9;1017,4;920,9;920,7;-3,5;19;17,2;16,7;17,5;17;17,1;15,9;12,8;99;92;97;148;2,9;2,3;
2024-05-11;0300;null;920,9;1017,6;921;920,8;-3,5;18;16,5;16,4;17,3;16,5;16,7;16,3;12,7;100;95;99;159;2,9;1,6;
2024-05-11;0400;null;920,7;1017,6;921;920,7;-3,5;18;16;16;16,8;16;16,7;16;12,7;100;99;100;116;2,7;,5;
2024-05-11;0500;null;920,6;1017,5;920,7;920,6;-3,5;17;15,9;15,9;16,6;15,8;16,6;15,8;12,7;100;99;100;160;1,4;,9;
2024-05-11;0600;null;920,6;1017,6;920,7;920,6;-3,4;17;15,7;null;16;15,4;null;null;12,7;null;null;null;167;1,6;1;
2024-05-11;0700;null;920,4;1017,6;920,6;920,4;-3,2;16;15;null;15,9;15;null;null;12,6;null;null;null;163;2,1;1,3;
2024-05-11;0800;null;920,5;1017,8;920,5;920,3;-3,2;16;14,8;null;15,2;14,8;null;null;12,6;null;null;null;168;1,8;,9;
2024-05-11;0900;null;920,7;1018,1;920,7;920,5;-3,5;16;14,5;null;14,8;14,4;null;null;12,6;null;null;null;160;1,7;1,2;
2024-05-11;1000;null;921;1018,5;921;920,7;31;15;14,5;null;14,6;14;null;null;12,6;null;null;null;145;2,7;1,4;
2024-05-11;1100;null;921,6;1017,9;921,6;921;556,2;16;17,9;16,1;17,9;14,5;null;null;13,6;null;null;89;157;2,7;1,7;
2024-05-11;1200;null;922,1;1016,6;922,1;921,6;1360,6;20;23,3;17;23,3;17,9;17,2;15,4;14;89;68;68;130;2,8;1,5;
2024-05-11;1300;null;922,4;1015,7;922,4;922,1;2008,9;25;27,1;15;27,2;23,2;17,5;14,7;13,7;69;47;47;341;3,5;1,3;
2024-05-11;1400;null;921,9;1014,9;922,4;921,9;2500,3;28;28;14,2;28,5;26,2;15,2;13,6;13,6;49;40;43;299;4,7;2,1;
2024-05-11;1500;null;920,9;1013,7;921,9;920,9;2794,9;30;28,3;13,5;29,5;27,7;15,1;13,2;13,6;45;39;40;330;5,8;2,7;
2024-05-11;1600;null;920;1012,5;920,9;920;2418,9;31;28,8;13,3;30,5;28;14,7;12,7;13,6;42;36;39;2;5,8;2,6;
2024-05-11;1700;null;919;1011,1;920;919;2493,2;32;29,8;13,2;30,6;28,8;14,5;12,1;13,5;39;34;36;314;6,7;2,7;
2024-05-11;1800;null;918,6;1010,5;919;918,6;1941,2;32;30,2;12,1;30,8;28,3;14,1;11,8;13,5;40;33;33;338;7,8;2,7;
2024-05-11;1900;null;918,7;1010,8;918,7;918,6;1300,9;32;29,8;13,1;30,6;28,5;13,1;11;13,6;37;31;36;301;7,2;2,2;
2024-05-11;2000;null;918,8;1011,6;918,8;918,7;483,5;31;27,7;14,3;29,8;27,4;15;12,6;13;45;35;44;272;4,7;1;
2024-05-11;2100;null;919,1;1013,6;919,1;918,8;70,9;28;22,5;14,9;27,7;22,5;15,5;14,5;12,9;62;44;62;248;2,7;1,6;
2024-05-11;2200;null;919,4;1014,5;919,4;919,1;-3,5;24;20,8;16,3;22,6;20,7;16,6;15;12,8;76;62;75;158;2;,6;
2024-05-11;2300;null;920;1015,7;920;919,4;-3,5;22;19,1;16,1;20,8;19,1;16,3;15,8;12,8;83;75;83;159;1,6;,8;
2024-05-12;0000;null;920,4;1016,6;920,4;920;-3,5;20;17,9;16,5;19,2;17,9;16,6;15,7;12,8;91;82;91;150;2,4;1,5;
2024-05-12;0100;null;920,4;1016,9;920,5;920,4;-3,5;19;17;16,8;17,9;17;17,1;15,3;12,8;99;86;99;154;2,4;1,4;
2024-05-12;0200;null;920,3;1016,7;920,5;920,3;-3,5;18;17,2;16,5;17,2;16,4;16,9;16,3;12,7;100;96;96;174;2,2;1;
2024-05-12;0300;null;920;1016,8;920,3;920;-3,5;18;16;16;17,2;16;16,5;16;12,7;100;95;100;150;2,3;,9;
2024-05-12;0400;null;919,8;1016,7;920,1;919,8;-3,5;17;15,6;null;16,3;15,6;16,3;15,7;12,7;100;100;null;158;2,2;1,3;
2024-05-12;0500;null;919,5;1016,4;919,8;919,5;-3,5;17;15,7;null;15,8;15,3;null;null;12,7;null;null;null;175;2,1;,6;
2024-05-12;0600;null;919,3;1016,4;919,5;919,3;-3,4;16;15,1;null;15,7;14,8;null;null;12,7;null;null;null;179;1,6;,9;
2024-05-12;0700;null;919,3;1016,4;919,3;919,2;-2,5;16;15,1;null;15,9;15,1;null;null;12,6;null;null;null;156;2,2;1,1;
2024-05-12;0800;null;919,3;1016,3;919,4;919,2;-3,5;16;15,2;null;15,5;14,8;null;null;12,6;null;null;null;160;2,7;,7;
2024-05-12;0900;null;919,8;1017,1;919,8;919,3;-3,5;16;14,5;null;15,2;14,5;null;null;12,6;null;null;null;160;1,8;1,1;
2024-05-12;1000;null;920,2;1017,6;920,2;919,8;27,3;15;14,5;null;14,5;14,2;null;null;12,6;null;null;null;165;2;1;
2024-05-12;1100;null;920,6;1016,9;920,6;920,2;552;16;17,7;15,8;17,7;14,5;null;null;13,6;null;null;89;153;2,4;1,3;
2024-05-12;1200;null;921,1;1015,9;921,1;920,6;1349,6;20;22,3;16,7;22,4;17,7;16,9;15,2;14;90;70;70;148;2,4;1,5;
2024-05-12;1300;null;921,1;1014,5;921,2;921,1;1996,1;24;26,4;15,3;26,6;22,3;17,6;14,6;13,8;72;50;51;146;2,7;1;
2024-05-12;1400;null;920,4;1013,3;921,1;920,4;2208,9;28;27,6;14;28;26,3;15,2;13,3;13,7;51;42;43;345;6;2,5;
2024-05-12;1500;null;919,6;1012,3;920,4;919,6;2532,1;30;28,2;12,9;29,3;27,5;14,5;12,3;13,5;44;37;39;352;7,3;2,5;
2024-05-12;1600;null;918,8;1010,8;919,6;918,8;2537,1;31;30,1;12,4;30,1;27,7;13,6;12;13,5;41;34;34;27;7,4;2,6;
2024-05-12;1700;null;918,1;1010,1;918,8;918,1;2401,4;32;29,7;11,8;30,9;28,2;12,4;10,3;13,5;34;29;33;322;8,1;3,6;
2024-05-12;1800;null;917,6;1009,9;918,1;917,6;1947,4;32;28,8;12,2;31;28,5;13,2;11,3;13,1;36;32;36;8;6,6;3;
2024-05-12;1900;null;917,6;1010;917,6;917,4;1353,1;32;28,5;12,8;30,7;28,5;13,5;11;13;38;31;38;328;6,2;2,9;
2024-05-12;2000;null;917,9;1010,3;917,9;917,6;701,2;31;28,5;11,3;29,6;28,4;13,8;10,9;13;40;32;34;310;5,2;1,2;
2024-05-12;2100;null;918,3;1012,5;918,3;917,9;80;28;23,2;13,5;28,5;23,2;14,3;11,2;12,9;55;34;54;254;3,3;1,7;
2024-05-12;2200;null;918,9;1014,1;918,9;918,3;-3,5;24;20,3;15,4;23,1;20,2;15,4;12,8;12,8;73;54;73;170;2,3;,8;
2024-05-12;2300;null;919,4;1015,2;919,4;918,9;-3,5;22;18,7;15,3;20,8;18,7;15,6;14,8;12,8;81;71;81;145;2;1,2;
2024-05-13;0000;null;919,9;1016,2;919,9;919,4;-3,5;20;17,5;15,2;18,7;17,5;15,5;15;12,8;86;81;86;158;2,1;,9;
2024-05-13;0100;null;920,1;1016,7;920,1;919,9;-3,5;19;16,6;16,4;17,5;16,6;16,6;14,8;12,8;99;85;99;163;1,8;,9;
2024-05-13;0200;null;919,9;1016,9;920,1;919,9;-3,5;18;15,6;15,6;16,6;15,6;16,4;15,6;12,7;100;98;100;176;2;1,2;
2024-05-13;0300;null;919,7;1017;919,9;919,6;-3,5;17;14,6;14,6;16,1;14,6;16,1;14,6;12,7;100;100;100;173;2,5;1,1;
2024-05-13;0400;null;919,5;1016,8;919,7;919,5;-3,5;16;14,5;null;15,4;14,5;null;null;12,7;null;null;null;150;3,1;1,5;
2024-05-13;0500;null;919,3;1016,6;919,5;919,2;-3,5;16;14,4;null;14,9;14,2;null;null;12,7;null;null;null;187;2,3;,6;
2024-05-13;0600;null;919;1016,4;919,4;919;-3,5;15;14,1;null;14,6;13,9;null;null;12,7;null;null;null;164;2,1;1,2;
2024-05-13;0700;null;919,3;1016,9;919,3;919;-3,5;15;13,7;null;14,1;13,7;null;null;12,6;null;null;null;141;2,1;,6;
2024-05-13;0800;null;919,7;1017,3;919,7;919,3;-3,4;14;13,7;null;14;13,2;null;null;12,6;null;null;null;164;2,3;1,6;
2024-05-13;0900;null;920,3;1018,1;920,3;919,7;-3,5;14;13,2;null;13,7;13;null;null;12,6;null;null;null;163;2,2;1;
2024-05-13;1000;null;921,1;1019,1;921,1;920,3;27,7;14;12,9;null;13,2;12,8;null;null;12,6;null;null;null;169;2,7;1,1;
2024-05-13;1100;null;921,7;1018,5;921,7;921,1;582,5;15;16,6;15,3;16,6;12,9;null;null;13,7;null;null;92;162;2,7;1,1;
2024-05-13;1200;null;922;1016,9;922;921,7;1349,4;19;22,3;15;22,3;16,6;15,3;13,8;13,9;92;60;63;142;1,7;,7;
2024-05-13;1300;null;922,3;1015,8;922,3;922;2018,8;24;26,4;13,1;26,4;22,3;15,9;12,1;13,8;64;42;44;292;4,6;2,5;
2024-05-13;1400;null;921,8;1014,9;922,3;921,8;2495,7;27;27,6;9,9;28;26;13,7;9,7;13,7;45;33;33;299;6,8;4,2;
2024-05-13;1500;null;920,9;1013,6;921,8;920,9;2743;29;28,5;9,7;28,8;27;10,7;9,4;13,6;35;30;31;280;8,9;4,6;
2024-05-13;1600;null;920,1;1012,5;920,9;920,1;2774,1;30;29,3;10;29,7;28,2;10,5;9,2;13,5;32;30;30;280;8,9;4,4;
2024-05-13;1700;null;919,5;1011,8;920,1;919,5;2564,5;31;29,4;8,5;30;28,4;10,2;8,3;13,5;31;27;27;null;null;null;
2024-05-13;1800;null;919,2;1011,4;919,5;919,1;2130,1;31;29,6;8,4;30,2;28,9;9,8;6,9;13,6;29;24;27;300;7,5;2,6;
2024-05-13;1900;null;919;1011,5;919,2;919;1422,4;31;28,5;10,2;29,6;28,5;10,8;8,6;13,5;32;27;32;308;6,1;3,4;
2024-05-13;2000;null;919,1;1012,1;919,2;919;709,4;30;27,1;10;28,9;27;10,6;9,9;13;35;32;34;296;6,9;2,4;
2024-05-13;2100;null;919,4;1013,8;919,4;919,1;73,6;27;22,9;10,9;27,1;22,9;10,9;10;12,9;47;34;47;306;4,9;1,3;
2024-05-13;2200;null;919,8;1015,2;919,8;919,4;-3,5;23;20;12,5;23,3;19,5;12,6;10,6;12,8;64;46;62;153;2,3;,9;
2024-05-13;2300;null;920,4;1017;920,4;919,8;-3,5;20;16,7;12,7;20,1;16,7;13;11,7;12,8;77;60;77;144;3,3;1,2;
2024-05-14;0000;null;920,8;1017,8;920,9;920,4;-3,5;18;15,7;12,4;16,7;15,7;12,9;12,3;12,8;82;77;81;153;2,3;1,5;
2024-05-14;0100;null;920,8;1018,3;920,9;920,8;-3,5;17;14,2;12;15,7;14,2;12,7;12;12,8;87;81;86;156;2,5;1,2;
2024-05-14;0200;null;920,7;1018,5;920,9;920,7;-3,5;16;13,5;13,3;14,4;13,5;13,7;12,2;12,7;99;86;98;159;2,1;1,4;
2024-05-14;0300;null;920,2;1017,9;920,7;920,2;-3,5;15;13,5;13,2;13,9;13,3;13,8;13;12,7;100;97;99;167;2,4;1,3;
2024-05-14;0400;null;919,9;1017,7;920,2;919,8;-3,5;14;13,2;13,2;13,5;13;13,4;13;12,7;100;98;100;162;2,5;1,5;
2024-05-14;0500;null;919,4;1017,2;919,9;919,4;-3,5;14;13;12,8;13,4;12,6;13,4;12,6;12,7;100;99;99;158;2,4;1,5;
2024-05-14;0600;null;919,7;1018,1;919,7;919,2;-3,5;13;11,6;null;13;11,4;null;null;12,7;null;null;null;157;3,7;1,3;
2024-05-14;0700;null;920,2;1018,3;920,2;919,7;-3,5;13;12,5;12,5;13,1;11,6;13,1;10,9;12,6;100;90;100;161;2,4;1,3;
2024-05-14;0800;null;920,5;1018,8;920,5;920,2;-3,5;13;12,1;12,1;12,8;11,9;12,8;11,9;12,6;100;100;100;151;2,6;1,2;
2024-05-14;0900;null;921;1019,4;921;920,5;-3,4;13;11,8;null;12,1;11,6;null;null;12,6;null;null;null;161;2,1;1,3;
2024-05-14;1000;null;921,5;1020,1;921,5;920,9;27,4;12;11,6;null;11,8;11,2;null;null;12,6;null;null;null;162;2,4;1,2;
2024-05-14;1100;null;922;1019,2;922;921,5;539,6;14;15,5;12,5;15,5;11,6;null;null;13,7;null;null;82;141;2,3;1,2;
2024-05-14;1200;null;922,4;1017,8;922,4;922;1321,5;17;20,8;14,4;20,8;15,5;14,5;12,4;14;83;66;66;152;2,2;1,4;
2024-05-14;1300;null;922,6;1016,3;922,6;922,4;1963,7;23;26,1;12;26,1;20,9;15;12;13,8;67;42;42;328;3,6;2,1;
2024-05-14;1400;null;922,3;1015,3;922,6;922,3;2434,8;27;27,9;11,2;28,1;26,1;13,4;11,2;13,6;44;35;35;276;7,6;3,6;
2024-05-14;1500;null;921,5;1014,4;922,3;921,5;2668,4;29;28,1;11,6;28,8;26,9;12,2;10,7;13,6;39;34;36;287;7,4;4,4;
2024-05-14;1600;null;920,6;1013;921,5;920,6;2682,1;30;29,5;12,1;29,9;27,8;13;11,4;13,6;39;33;34;278;8,2;3,6;
2024-05-14;1700;null;919,9;1012,3;920,6;919,9;2490;31;29;11,4;30;28,5;12,1;11;13,5;35;32;34;264;7,4;4,4;
2024-05-14;1800;null;919,4;1011,9;919,9;919,4;1784,6;31;28,6;12,9;30,1;27,4;13,6;10,9;13,6;40;32;38;246;7,9;4,2;
2024-05-14;1900;null;919,4;1011,9;919,5;919,3;1501,7;31;28,6;13,1;29,3;28,4;13,8;12;13,5;40;35;39;268;8;3,8;
2024-05-14;2000;null;919,7;1013;919,7;919,3;571;30;26,2;15,3;28,7;26,2;15,3;12,7;13;51;38;51;220;6,6;3,1;
2024-05-14;2100;null;919,8;1014,2;919,9;919,6;71,7;27;22,9;15,8;26,2;22,9;15,8;15,3;12,9;64;51;64;211;4,6;2,1;
2024-05-14;2200;null;920,1;1014,8;920,1;919,8;-3,5;24;22,3;16,1;23;22;16,1;15,8;12,8;69;64;68;211;2,6;2;
2024-05-14;2300;null;920,7;1016,3;920,7;920,1;-3,5;23;19,8;16,1;22,4;19,8;16,2;15,6;12,8;79;68;79;105;2,6;,3;
2024-05-15;0000;null;921;1017,1;921;920,7;-3,5;21;18,4;15,9;20,2;18,3;16,6;15,3;12,8;87;77;86;213;,9;,4;
2024-05-15;0100;null;921,2;1017,6;921,2;921;-3,5;19;17,6;17,3;19,1;17,5;18,5;15,2;12,8;99;81;98;212;1,3;,5;
2024-05-15;0200;null;921,3;1018;921,4;921,2;-3,4;19;16,8;null;17,6;16,7;17,5;16,7;12,8;100;98;null;168;1,4;1;
2024-05-15;0300;null;920,9;1017,7;921,4;920,9;-3,5;18;16,2;null;17;16,2;null;null;12,7;null;null;null;176;1,4;,5;
2024-05-15;0400;null;920,7;1017,6;920,9;920,7;-3,5;17;15,9;null;17;15,8;null;null;12,7;null;null;null;146;1,6;,6;
2024-05-15;0500;null;920,4;1017,5;920,7;920,4;-3,5;17;15,3;null;16;15,3;null;null;12,7;null;null;null;160;1,4;,9;
2024-05-15;0600;null;920,4;1017,6;920,5;920,3;-3,5;16;15;null;15,6;15;null;null;12,7;null;null;null;167;1,8;1,1;
2024-05-15;0700;null;920,4;1017,8;920,5;920,3;-3,4;16;14,6;null;15,1;14,6;null;null;12,6;null;null;null;161;1,6;1;
2024-05-15;0800;null;920,7;1018,1;920,7;920,4;-3;16;14,5;null;14,8;14,3;null;null;12,6;null;null;null;159;1,7;,8;
2024-05-15;0900;null;921,2;1018,7;921,2;920,7;-3;15;14,5;null;14,5;14,1;null;null;12,6;null;null;null;165;1,6;1;
2024-05-15;1000;null;922;1019,6;922;921,2;41,7;15;14,3;null;14,6;14,1;null;null;12,7;null;null;null;144;2;,9;
2024-05-15;1100;null;922,4;1019,3;922,4;922;454,1;16;16,6;null;16,6;14,3;null;null;13,5;null;null;null;145;1,9;1,1;
2024-05-15;1200;null;922,9;1018;922,9;922,4;1212,5;19;22;17,5;22;16,7;18,3;16,5;13,9;100;74;76;95;2;1;
2024-05-15;1300;null;922,8;1016,8;923;922,8;1939,6;23;25,2;17,3;25,3;22;18;16,8;13,8;75;62;62;140;3,5;1,3;
2024-05-15;1400;null;922,3;1015,8;922,8;922,2;2404,8;27;26,6;15,8;26,6;24,7;17,4;14,3;13,7;62;47;52;168;3,1;1,7;
2024-05-15;1500;null;921,5;1014,5;922,3;921,5;2653,9;29;27,7;15,1;28;26,5;16,4;14,7;13,7;52;45;46;146;3,7;1;
2024-05-15;1600;null;920,7;1013,3;921,5;920,7;2818,8;31;28,9;13,9;29,3;27,5;15,8;13,8;13,6;47;39;40;21;4,6;2,1;
2024-05-15;1700;null;919,8;1012,1;920,7;919,8;2598,4;32;29,4;11,6;30,2;28,4;14,5;10,6;13,6;41;31;33;279;5,2;2,3;
2024-05-15;1800;null;919,2;1011,5;919,8;919,2;2033,5;33;29,2;12,7;30,5;29;13,1;9,3;13,5;37;28;36;267;4,5;2,2;
2024-05-15;1900;null;919,2;1011,6;919,2;919,1;1445,9;32;29;12,1;30,1;28,8;12,8;10,9;13,5;37;32;35;240;4,9;2,6;
2024-05-15;2000;null;919,5;1012,6;919,5;919,2;671;31;26,7;14,6;29,4;26,7;14,6;10,6;13;48;33;48;220;4,1;2,7;
2024-05-15;2100;null;920,1;1014,3;920,1;919,5;60,9;28;23,8;15,9;26,7;23,8;15,9;14,7;12,9;61;48;61;172;4;1,8;
2024-05-15;2200;null;920,6;1015,6;920,6;920,1;-3,5;24;21,4;15,9;23,8;21,2;16,4;15,3;12,8;71;61;71;24;3,2;1,3;
2024-05-15;2300;null;921,2;1016,8;921,2;920,6;-3,5;22;20;15,6;22,7;19,3;16,4;15,2;12,8;79;67;76;69;3;,7;
2024-05-16;0000;null;921,6;1017,4;921,7;921,2;-3,5;21;19,3;15,6;20,9;19,3;16,2;15,4;12,8;79;73;79;226;1,9;,3;
2024-05-16;0100;null;921,5;1017,3;921,6;921,5;-3,5;20;19,4;16;20,4;19,2;16,3;15,4;12,8;81;76;81;148;2,2;1;
2024-05-16;0200;null;921,3;1017,8;921,6;921,3;-3,5;19;17,2;17,2;19,4;17,1;17,8;14,7;12,8;100;80;100;160;1,6;1;
2024-05-16;0300;null;921;1017,7;921,3;921;-3,5;18;16,6;null;17,4;16,5;null;null;12,7;null;null;null;139;2,5;1,3;
2024-05-16;0400;null;920,6;1016,9;921;920,5;-3,5;18;17,6;17,3;17,6;16,5;17,5;16,7;12,7;100;98;98;139;2,5;1,5;
2024-05-16;0500;null;920,2;1016,8;920,6;920,2;-3,5;18;16,7;16,7;18;16,6;17,7;15,5;12,7;100;87;100;144;2,8;1,6;
2024-05-16;0600;null;920;1016,7;920,3;920;-3,5;18;16,4;16,4;17;16,1;17;16,1;12,7;100;100;100;147;2,9;1,5;
2024-05-16;0700;null;920,2;1016,6;920,3;920;-3,5;17;17,2;17;17,2;16,4;17,1;16,4;12,6;100;98;99;138;3,6;1,9;
2024-05-16;0800;null;920,2;1016,7;920,3;920;-3,5;17;16,9;16,9;17,6;15,9;17;15,1;12,6;100;88;100;137;3,6;1,5;
2024-05-16;0900;null;920,6;1017,4;920,6;920,2;-3,5;17;16,3;16,3;17,6;16,3;17,2;15,9;12,6;100;90;100;144;2,8;1,7;
2024-05-16;1000;null;921,3;1017,7;921,3;920,6;24,3;17;17,6;17,2;17,6;16,3;17,5;16,3;12,6;100;97;97;136;3,6;1,8;
2024-05-16;1100;null;921,9;1017,5;921,9;921,4;500;19;20,2;16,4;20,2;17,6;17,4;16;13,5;98;79;79;142;3,1;1,5;
2024-05-16;1200;null;922,5;1016,9;922,5;921,9;1245,8;22;23,9;17,4;23,9;20,2;17,5;16,4;13,9;79;67;67;110;4,1;1,4;
2024-05-16;1300;null;923;1016,6;923;922,5;1901,7;26;26,4;16,1;26,4;23,9;17,7;15,8;13,7;67;53;53;71;5,6;2,1;
2024-05-16;1400;null;922,4;1015,5;923;922,4;2357,4;28;27,9;15,5;28,1;26,1;16,8;15,1;13,7;55;47;47;43;5,1;2,8;
2024-05-16;1500;null;921,8;1014,5;922,4;921,8;2585;30;28,8;13,2;29,4;27,3;15,8;13;13,6;49;37;38;13;5,4;3,1;
2024-05-16;1600;null;921,1;1013,6;921,8;921,1;2635,7;31;29,3;13,4;30,3;28,7;14;12,3;13,5;41;34;38;346;7,8;2,4;
2024-05-16;1700;null;920,3;1012,6;921,1;920,3;2280,4;32;29,5;12,7;30,4;28,6;14,7;12,7;13,6;40;35;35;30;6,3;2,2;
2024-05-16;1800;null;919,8;1012,5;920,3;919,8;834,3;32;28,1;15,1;30,4;28,1;15,3;12,4;13;45;34;45;338;5;,4;
2024-05-16;1900;null;919,8;1012,8;919,8;919,6;1210,4;32;27,2;13,7;30,5;27,2;16,4;12,3;13;50;34;43;43;5,7;2,1;
2024-05-16;2000;null;919,9;1013,4;919,9;919,7;426,9;31;25,6;15,8;28,8;25,6;15,8;13;13;55;38;55;24;4;1,1;
2024-05-16;2100;null;920,3;1014,7;920,3;919,9;47,8;27;23,1;14,6;25,6;23,1;15,6;14,1;12,8;59;51;59;135;2,7;1,5;
2024-05-16;2200;null;920,8;1016,1;920,8;920,3;-3,5;24;20,6;14,8;23;20,5;15,3;14,5;12,8;70;59;70;149;2,6;,8;
2024-05-16;2300;null;921,5;1017,3;921,5;920,8;-3,1;22;19,4;15,1;20,6;19,3;15,1;14,5;12,8;76;70;76;151;3,4;1,6;
2024-05-17;0000;null;922,2;1017,9;922,2;921,5;-2,8;21;19,8;15;19,8;19,4;15,1;14,9;12,8;76;74;74;157;3,1;1,3;
2024-05-17;0100;null;922,3;1018,1;922,3;922,2;-3,1;21;19,7;15,1;20,6;19,7;15,2;14,9;12,8;75;71;75;153;2,9;2,2;
2024-05-17;0200;null;922,3;1018,2;922,5;922,3;-3,5;21;19,2;15,4;20,2;19,1;15,5;15,1;12,7;79;74;79;152;3,4;1,7;
2024-05-17;0300;null;922,3;1017,9;922,4;922,2;-3,5;20;20,3;15,1;20,5;19,1;15,6;15,1;12,7;79;72;72;146;3;1,8;
2024-05-17;0400;null;922,2;1018,1;922,3;922,2;-3,5;20;19,4;14,8;20,4;19,3;15,1;14,7;12,7;75;72;75;152;3,2;2,1;
2024-05-17;0500;null;922,1;1018,2;922,2;922,1;-3,5;20;18,6;14,5;19,6;18,2;14,8;14,4;12,7;79;73;77;148;3,1;1,5;
2024-05-17;0600;null;921,9;1018,7;922,1;921,9;-3,5;18;16,6;15,4;18,7;16,3;16,3;13,3;12,7;98;77;92;201;2,3;,6;
2024-05-17;0700;null;922,1;1019,4;922,1;921,9;-3,4;17;15,4;15,4;16,6;15,3;16;15,1;12,6;100;91;100;152;2,1;,9;
2024-05-17;0800;null;922,5;1019,9;922,5;922,1;-3,5;16;15,1;null;15,5;14,9;null;null;12,6;null;null;null;150;2,1;1,1;
2024-05-17;0900;null;923,2;1021;923,2;922,5;-3,5;16;14,3;null;15,1;14,2;null;null;12,6;null;null;null;163;1,9;1,2;
2024-05-17;1000;null;924;1021,8;924;923,2;27,3;15;14,5;null;14,8;14;null;null;12,6;null;null;null;142;2;1,5;
2024-05-17;1100;null;924,5;1021,6;924,6;924;267,9;16;16,5;null;16,5;14,5;null;null;13,5;null;null;null;140;2,1;1,3;
2024-05-17;1200;null;925;1020,1;925;924,5;1307,4;19;22,4;16,1;22,4;16,6;17,5;15,2;13,9;100;68;68;145;2,3;1,2;
2024-05-17;1300;null;924,9;1018,8;925;924,9;1898,9;24;26,1;15,7;26,1;22,4;16,8;15,3;13,8;68;53;53;315;3,3;1,1;
2024-05-17;1400;null;924,1;1017,1;924,9;924,1;2358,8;28;28,6;13,4;28,6;25,7;15,7;12,6;13,8;52;39;39;356;7,3;2,4;
2024-05-17;1500;null;923,3;1016;924,2;923,3;2669,5;30;29,2;9,3;29,8;27,5;13,4;8,7;13,6;40;29;29;10;5,5;2,4;
2024-05-17;1600;null;922,3;1014,7;923,3;922,3;2770,1;32;29,8;10,6;30,4;28,8;11,1;9;13,5;32;28;31;321;4,9;2,8;
2024-05-17;1700;null;921,5;1013,8;922,3;921,5;2613,8;33;30;9,6;31,3;29,3;10,8;9;13,5;31;26;28;37;5,6;2,4;
2024-05-17;1800;null;921;1013,3;921,5;921;1746,6;32;29,8;10,4;30,2;28,5;10,8;8,7;13,5;32;27;30;32;5,4;2,4;
2024-05-17;1900;null;921,1;1013,6;921,1;921;1380,8;32;29,1;9,9;30,1;29,1;10,3;8,8;13,6;31;27;30;91;5;1,2;
2024-05-17;2000;null;921,2;1014,4;921,2;921;651,5;32;27,2;12,8;29,2;27;12,9;9,9;13;41;30;41;102;2,4;,4;
2024-05-17;2100;null;921,5;1016,2;921,5;921,2;59,5;28;22,5;12,7;27,5;22,3;13,2;10,9;12,9;54;38;54;112;1,3;,8;
2024-05-17;2200;null;922;1018;922,1;921,5;-3,5;23;19;13,5;22,7;19;13,7;12,3;12,8;70;53;70;136;2,5;1,6;
2024-05-17;2300;null;922,5;1019;922,5;922;-3,5;21;17,8;13,6;19,1;17,8;13,9;13,3;12,8;76;70;76;146;2,7;1,6;
2024-05-18;0000;null;923,1;1019,8;923,1;922,5;-3,5;19;17,4;13,1;18,1;17,3;13,7;13,1;12,8;77;74;76;148;3,2;2,6;
2024-05-18;0100;null;923,1;1019,8;923,2;923;-3,5;19;17,2;13;17,5;17;13,2;13;12,8;77;76;77;150;3,2;2,3;
2024-05-18;0200;null;923,1;1020,1;923,2;923,1;-3,5;18;16,3;12,5;17,6;16,3;13,1;12,5;12,7;79;75;79;141;3;1,5;
2024-05-18;0300;null;922,9;1020,3;923,1;922,8;-3,5;17;15,2;12,6;16,7;15,2;13;12,4;12,7;85;78;84;160;2,3;,9;
2024-05-18;0400;null;922,6;1020,2;922,9;922,6;-3,5;16;14,7;13,9;15,7;14,3;13,9;12,1;12,7;95;82;95;152;2,1;,7;
2024-05-18;0500;null;922,4;1020,1;922,6;922,4;-3,5;15;14,3;14,2;15,1;14,2;14,2;12,2;12,7;99;85;99;159;1,8;,8;
2024-05-18;0600;null;922,3;1020,1;922,4;922,3;-3,5;15;14;13,9;14,4;13,6;14,2;13,4;12,7;100;98;100;158;2,1;1,1;
2024-05-18;0700;null;922,2;1020;922,4;922,1;-3,5;14;13,8;13,8;14,3;13,2;14;13,1;12,6;100;96;100;173;1,8;1,2;
2024-05-18;0800;null;922,2;1020,3;922,2;922,1;-3,5;14;13,2;13,2;13,8;12,9;13,8;12,9;12,6;100;99;100;156;2,3;1,6;
2024-05-18;0900;null;922,8;1021,2;922,8;922,2;-3,5;14;12,3;null;13,2;12,3;null;null;12,6;null;null;null;156;2,8;2,1;
2024-05-18;1000;null;923,5;1021,8;923,5;922,8;25,5;13;12,9;null;12,9;12,2;null;null;12,6;null;null;null;148;2,6;1,6;
2024-05-18;1100;null;924,1;1021,2;924,1;923,5;497,5;15;16,5;13,6;16,5;12,8;null;null;13,6;null;null;83;164;2,3;1;
2024-05-18;1200;null;924,7;1020,2;924,7;924,1;1252,9;18;21,3;15;21,3;16,5;15,3;13,3;14;83;67;67;149;2,8;1,5;
2024-05-18;1300;null;924,6;1018,9;924,8;924,6;1907,3;23;24,8;13,8;25,3;21,3;15,2;13,8;13,8;68;50;50;139;3,4;1,6;
2024-05-18;1400;null;923,6;1016,7;924,6;923,6;2383,2;27;28,1;12,6;28,1;24,8;14,9;12;13,7;52;37;38;49;6,2;2,7;
2024-05-18;1500;null;922,9;1015,8;923,6;922,9;2636,2;29;28,4;11,1;28,8;27,6;13,3;10,1;13,8;39;32;34;19;7,4;3,7;
2024-05-18;1600;null;922,1;1014,9;922,9;922,1;2662,9;30;28,6;10,7;29,7;28,1;11,8;9,5;13,6;35;30;33;117;7,4;1,9;
2024-05-18;1700;null;921,2;1013,6;922,1;921,2;2456,3;31;29,6;11,5;29,6;28;11,5;9,8;13,6;34;30;33;55;5,9;2,1;
2024-05-18;1800;null;921,2;1013,8;921,3;921,1;2026,3;32;28,8;10,7;29,8;28,5;11;9,2;13,6;33;29;33;347;5,9;2,3;
2024-05-18;1900;null;921,2;1013,8;921,2;921,1;1408,5;32;28,9;11,3;29,2;28,5;11,3;10;13,5;34;31;34;75;4,1;,8;
2024-05-18;2000;null;921,3;1014,7;921,3;921,1;665,2;31;26,6;13,1;29,2;26,6;13,1;9,9;13;43;32;43;107;2,8;,9;
2024-05-18;2100;null;921,7;1016,6;921,7;921,3;60;28;22,1;13,1;26,6;22,1;14,3;12,8;12,9;57;43;56;139;1,7;,5;
2024-05-18;2200;null;922,2;1018;922,2;921,7;-3,5;23;19,6;14,2;22,1;19,6;14,2;12,9;12,8;71;56;71;160;1,8;1,2;
2024-05-18;2300;null;922,7;1019,2;922,7;922,2;-3,5;21;17,7;14,2;19,6;17,4;14,4;14;12,8;81;71;80;145;3;2,1;
2024-05-19;0000;null;922,9;1020;922,9;922,7;-3,5;19;16,1;13,5;17,7;16,1;14,1;13,4;12,8;85;80;85;147;3,3;1,3;
2024-05-19;0100;null;923,2;1019,7;923,2;922,9;-3,5;18;18;13;18;15,7;13,7;12,9;12,8;86;73;73;165;3;,8;
2024-05-19;0200;null;923,2;1020,3;923,2;923,1;-3,5;18;16,3;12,7;18,4;16,2;13;12,2;12,8;79;70;79;147;3;2,4;
2024-05-19;0300;null;922,9;1020;923,2;922,9;-3,5;17;16,2;12,6;16,4;15,8;12,8;12,4;12,7;81;79;79;148;3,2;2,7;
2024-05-19;0400;null;922,4;1019,8;922,9;922,4;-3,5;17;15,1;12,2;16,2;15,1;12,8;12,2;12,7;84;79;83;132;3,7;1,1;
2024-05-19;0500;null;922,3;1019,8;922,4;922,2;-3,5;16;14,8;13,6;15,2;14,5;14,5;12;12,7;99;83;92;149;2;1;
2024-05-19;0600;null;921,9;1019,8;922,3;921,9;-3,5;15;13,5;13,5;14,8;13,5;14,5;13,5;12,7;100;92;100;140;1,8;1;
2024-05-19;0700;null;921,6;1019,6;921,9;921,6;-3,5;14;13,1;null;13,6;12,7;null;null;12,6;null;null;null;142;2,9;1,8;
2024-05-19;0800;null;921,7;1019,9;921,7;921,5;-3,4;14;12,6;null;13,1;12,5;null;null;12,6;null;null;null;148;2,5;1,3;
2024-05-19;0900;null;922,2;1020,5;922,2;921,7;-3,5;14;12,6;null;12,9;12,3;null;null;12,6;null;null;null;163;2,5;1,2;
2024-05-19;1000;null;923,1;1021,4;923,1;922,2;24,8;13;12,7;null;12,9;12,5;null;null;12,6;null;null;null;159;2,2;1,4;
2024-05-19;1100;null;923,6;1020,8;923,6;923,1;497,5;15;15,9;13,4;15,9;12,7;null;null;13,6;null;null;85;145;2,6;1,6;
2024-05-19;1200;null;924,4;1019,7;924,4;923,6;1247,1;18;21,8;15;21,9;15,9;15,6;13,4;13,9;86;65;65;145;2,9;1,5;
2024-05-19;1300;null;924,2;1018,4;924,5;924,1;1896,4;23;25;14,7;25;21,8;15,6;14,3;13,8;67;52;53;144;3;1,6;
2024-05-19;1400;null;923,6;1017;924,2;923,6;2346,3;27;27,3;13,5;27,6;25;15,2;12,8;13,7;54;40;43;102;4,5;1,8;
2024-05-19;1500;null;922,8;1015,9;923,6;922,8;2576,6;29;28;11,2;28,5;26,8;14,1;10,6;13,7;44;34;35;144;5,2;1,5;
2024-05-19;1600;null;922;1014,7;922,8;922;2613,4;30;28,8;11,1;29,3;27,8;11,9;10,4;13,6;37;33;33;154;4,4;1,5;
2024-05-19;1700;null;921,1;1013,7;922;921,1;2428,6;31;28,9;11,4;29,5;27,9;12,1;10,6;13,5;36;32;34;123;5,1;1,4;
2024-05-19;1800;null;921,1;1013,6;921,2;921;2017,2;32;29,3;11,1;29,7;28,5;11,9;10,3;13,6;35;31;32;46;4,1;1,6;
2024-05-19;1900;null;921,1;1013,9;921,2;921;1216,2;32;28,3;11,8;29,5;27,7;12,4;10,3;13;37;31;36;65;4,3;1;
2024-05-19;2000;null;921,5;1014,8;921,5;921,1;597,1;31;26,8;13,2;29;26,8;13,3;10,6;12,9;43;32;43;41;2,5;,6;
2024-05-19;2100;null;921,8;1015,8;921,8;921,5;28,3;28;24,7;14,6;26,8;24,4;15,4;12,5;12,9;56;41;54;142;2,2;1,2;
2024-05-19;2200;null;922;1016,9;922;921,8;-3,5;26;22,3;15,7;24,6;22,3;15,7;14;12,8;66;51;66;129;1,9;1,3;
2024-05-19;2300;null;922,4;1018,3;922,4;922;-3,5;23;19,3;15,3;22,3;19,3;15,8;15,3;12,8;78;66;78;136;2,1;1,1;
2024-05-20;0000;null;922,8;1019;922,8;922,4;-3,5;21;18,5;14,6;19,3;18,1;15,5;14,4;12,8;80;77;78;180;2;,9;
2024-05-20;0100;null;922,9;1019,6;923;922,8;-3,5;19;17,1;14,2;18,7;17,1;14,6;14;12,8;83;77;83;139;1,7;1,1;
2024-05-20;0200;null;923,1;1020,1;923,2;922,9;-3,5;18;16,3;14,9;17,3;16,2;14,9;13,8;12,8;91;82;91;147;2;1,2;
2024-05-20;0300;null;922,9;1020,1;923,1;922,9;-3,5;17;15,9;15,6;16,3;15,7;15,6;14,2;12,7;98;89;98;165;2;,7;
2024-05-20;0400;null;922,6;1019,9;922,9;922,6;-3,5;17;15,4;15,4;16,1;15,1;15,7;14,1;12,7;100;89;100;158;1,8;1;
2024-05-20;0500;null;922,2;1019,7;922,6;922,2;-3,5;16;14,7;14,7;15,4;14,6;15,3;14,6;12,7;100;99;100;159;1,9;1,1;
2024-05-20;0600;null;921,9;1019,6;922,2;921,9;-3,2;16;14,1;null;14,7;14,1;null;null;12,7;null;null;null;165;1,9;1,1;
2024-05-20;0700;null;921,7;1019,5;921,9;921,7;-3,4;15;13,8;null;14,3;13,6;null;null;12,6;null;null;null;160;2,3;1,1;
2024-05-20;0800;null;922;1019,9;922;921,6;-3,5;15;13,7;13,7;14,2;13,5;null;null;12,6;null;null;100;147;2,6;,7;
2024-05-20;0900;null;922,4;1020,1;922,4;922;-3,5;14;14,3;14,3;14,6;13,4;null;null;12,6;null;null;100;50;2,1;1,1;
2024-05-20;1000;null;923,2;1020,9;923,2;922,4;24;14;14,6;14,6;14,8;13,7;14,8;13,7;12,6;100;99;100;128;2,3;1,4;
2024-05-20;1100;null;923,5;1020,1;923,5;923,2;485,7;16;17,6;13,9;17,8;14,6;16,2;13,9;13,5;100;79;79;132;2,5;,7;
2024-05-20;1200;null;924;1019,4;924;923,5;1207,5;20;21,4;15,6;21,4;17,6;15,7;13,8;13,9;80;69;70;143;2,6;1,5;
2024-05-20;1300;null;923,9;1018,1;924,1;923,9;1847,7;23;24,9;15,3;25,2;21,4;16,1;15,1;13,8;70;54;55;146;3,3;1,4;
2024-05-20;1400;null;923,5;1016,9;923,9;923,5;2293,2;27;27,1;13,5;27,4;25;15,8;13,5;13,7;56;42;43;130;3,4;1,5;
2024-05-20;1500;null;922,9;1015,8;923,5;922,9;2536,3;29;28,5;12,2;28,5;27,1;14,3;11,7;13,7;45;36;36;79;3,6;,9;
2024-05-20;1600;null;922;1014,8;922,9;922;2578,5;31;28,7;11,9;29,4;27,8;12,6;11;13,5;38;33;35;57;5,4;1,7;
2024-05-20;1700;null;921,2;1013,8;922;921,2;2390,9;32;29;10,5;29,8;28,6;12;10,2;13,5;36;31;32;161;5,4;1,4;
2024-05-20;1800;null;920,8;1013,4;921,2;920,7;1954;32;28,8;11,2;29,4;28,5;11,6;10,3;13,5;34;31;34;123;3,8;1,8;
2024-05-20;1900;null;920,7;1013,3;920,8;920,7;1351,7;32;28,9;11,3;29,4;28,5;11,8;10,6;13,5;35;32;34;49;4;1,7;
2024-05-20;2000;null;921;1014,4;921;920,7;628,5;32;26,4;14,5;29,1;26,4;14,5;11;13;48;33;48;129;3,3;,6;
2024-05-20;2100;null;921,5;1016;921,5;921;49,4;28;23,3;13;26,4;23,3;14,9;13;12,9;53;46;52;157;1,8;,8;
2024-05-20;2200;null;922;1017,5;922;921,5;-3,5;24;20,3;14,2;23,3;20,3;14,7;13;12,8;68;52;68;132;2,6;,8;
2024-05-20;2300;null;922,4;1018,6;922,4;922;-3,5;22;18,5;14,4;20,3;18,5;14,5;14,2;12,8;77;68;77;141;1,9;,9;
2024-05-21;0000;null;922,8;1019,5;922,8;922,4;-3,5;20;17,3;14,1;18,5;17,2;14,5;13,9;12,8;82;77;81;142;2;1,3;
2024-05-21;0100;null;923,1;1020;923,2;922,8;-3,5;19;16,6;13,6;17,4;16,6;14,3;13,5;12,8;85;79;83;161;2,8;1,6;
2024-05-21;0200;null;923,1;1020;923,1;923;-3,5;18;16,6;13,9;17;16;14;13,4;12,8;86;81;84;150;2,7;1,6;
2024-05-21;0300;null;923;1020,1;923,1;923;-3,5;17;16,1;15,7;16,6;15,6;15,7;13,4;12,7;99;84;98;152;3,2;2,3;
2024-05-21;0400;null;922,8;1020,2;923;922,8;-3,5;17;15,2;15,2;16,3;15;15,8;14,8;12,7;100;92;100;155;3,2;1,5;
2024-05-21;0500;null;922,4;1019,9;922,8;922,4;-3,5;16;14,9;14,9;15,4;14,9;15,4;14,8;12,7;100;99;100;161;2,6;1,5;
2024-05-21;0600;null;922,3;1019,9;922,4;922,3;-3,5;16;14,6;14,6;15;14,6;15;14,6;12,7;100;100;100;155;2,5;1,7;
2024-05-21;0700;null;922,2;1019,6;922,4;922,2;-3,5;16;14,9;14,4;15,6;14,6;15;13;12,7;100;85;96;147;2,9;2,2;
2024-05-21;0800;null;922,5;1020,1;922,5;922,2;-3,5;16;14,6;14,3;15,3;14,5;14,6;13,5;12,6;99;89;98;151;3,6;2,1;
2024-05-21;0900;null;922,9;1020,5;922,9;922,5;-3,5;15;14,7;13,9;15;14,4;14,5;13,4;12,6;99;91;95;147;3,3;2,3;
2024-05-21;1000;null;923,8;1021,5;923,8;922,9;22;15;14,6;14,5;14,8;14;14,7;13,7;12,6;100;94;99;134;2,9;1;
2024-05-21;1100;null;924,5;1021;924,5;923,8;492,8;16;18,2;13,9;18,4;14,4;14,8;13,4;13,5;100;75;76;140;3,1;1;
2024-05-21;1200;null;925,2;1020,3;925,2;924,5;1218,7;20;22,5;14,8;22,5;18,2;15,4;13,9;13,9;78;62;62;124;4,9;1,7;
2024-05-21;1300;null;925,5;1019,7;925,6;925,2;1861,6;24;25,3;14,3;25,4;22,5;15,1;13,7;13,8;62;50;51;78;6,1;2,1;
2024-05-21;1400;null;925,5;1019,4;925,6;925,4;2326,6;27;26,3;14,5;27,3;24,3;15,2;13,5;13,7;53;46;48;78;7,7;2,6;
2024-05-21;1500;null;924,8;1018,4;925,5;924,8;2546,6;28;26,9;14;27,5;26,2;14,9;14;13,7;49;45;45;48;7,1;3,4;
2024-05-21;1600;null;923,9;1017,1;924,8;923,9;2267,5;29;27,9;14,3;28,5;26,4;15,5;13,6;13,7;48;43;44;73;7,1;2,2;
2024-05-21;1700;null;923,1;1016,3;923,9;923,1;2332,3;30;27,7;14,4;28,9;27,4;14,7;13,4;13,6;44;40;44;81;8,4;1,8;
2024-05-21;1800;null;922,7;1015,8;923,1;922,7;1426,3;30;27,8;13,6;28,5;26,7;14,9;13,5;13,8;47;40;42;90;5,6;1,9;
2024-05-21;1900;null;922,6;1015,7;922,7;922,5;1390,5;31;27,8;14,1;28,6;27,6;14,4;13,2;13,5;43;40;43;62;6,3;1,7;
2024-05-21;2000;null;922,9;1016,9;922,9;922,5;465,3;29;25,3;14,8;27,8;25;15;13,5;13;54;42;52;102;5;,6;
2024-05-21;2100;null;923,2;1018,3;923,2;922,9;54,5;26;22;14,3;25,3;22;15,1;14,2;12,9;62;52;62;156;3,3;,7;
2024-05-21;2200;null;923,4;1019,4;923,4;923,2;-3,5;23;19,5;15,1;22,5;19,5;15,5;14,1;12,8;76;62;76;133;2,2;,8;
2024-05-21;2300;null;924;1020,1;924;923,4;-3,5;21;19,3;15;19,9;19,3;15,4;14,9;12,8;77;74;76;172;2,1;,4;
2024-05-22;0000;null;924,6;1021,1;924,6;924;-3,5;20;18,4;14,5;19,3;18,4;15;14,4;12,8;78;74;78;148;1,5;1;
2024-05-22;0100;null;924,9;1022,1;924,9;924,6;-3,5;19;16,4;16,1;18,7;16,3;16,1;14,2;12,8;98;77;98;161;1,7;1,2;
2024-05-22;0200;null;924,8;1022,1;925;924,8;-3,5;18;16,1;16,1;17;16;16,6;14,5;12,8;100;88;100;167;2,5;1,3;
2024-05-22;0300;null;924,8;1022,2;924,9;924,8;-3,5;17;15,9;null;16,3;15,5;16,3;15,5;12,7;100;99;null;147;2,8;1,9;
2024-05-22;0400;null;924,5;1022;924,8;924,5;-3,5;17;15,4;null;16;15,4;16;15,4;12,7;100;100;null;142;3;1,7;
2024-05-22;0500;null;924,1;1021,5;924,5;924,1;-3,5;17;15,5;15,5;17,5;15,5;16,8;13,8;12,7;100;83;100;148;3,1;1;
2024-05-22;0600;null;923,7;1021;924,1;923,7;-3,5;16;15,7;15,5;16,4;15,4;16,4;15,4;12,7;100;98;99;158;1,9;,9;
2024-05-22;0700;null;923,5;1021;923,7;923,5;-3,5;16;15;null;16;14,4;null;null;12,7;null;null;null;180;2;,8;
2024-05-22;0800;null;923,6;1020,7;923,6;923,4;-3,5;16;16,3;15,3;16,6;14,5;null;null;12,6;null;null;93;153;3,1;1,5;
2024-05-22;0900;null;923,9;1020,9;923,9;923,5;-3,5;16;16,7;14,7;16,9;15,3;16,7;14,2;12,6;100;86;88;148;3,7;1,2;
2024-05-22;1000;null;924,7;1021,7;924,7;923,8;22,4;16;17;15,2;17;16,1;16,4;14,2;12,6;99;85;89;156;4;1;
2024-05-22;1100;null;925,4;1021,7;925,4;924,7;496,3;18;19;15,1;19,1;16,9;15,2;14,6;13,5;89;77;78;158;4,7;1;
2024-05-22;1200;null;925,9;1021,1;925,9;925,3;1258;20;22,4;15,7;22,5;18,9;16,2;15;13,9;79;66;66;58;6,4;2,6;
2024-05-22;1300;null;926,2;1021;926,3;925,9;1902,7;24;23,9;15,2;24,1;22,2;16,3;15,2;13,8;68;58;58;67;6,7;2,5;
2024-05-22;1400;null;925,4;1019,5;926,2;925,4;2333,1;25;25,6;15;25,6;23,5;15,7;14,3;13,9;60;51;52;60;8,4;3;
2024-05-22;1500;null;924,7;1018,4;925,5;924,7;2618,7;27;26,5;14,5;26,6;24,7;15,3;13,9;13,4;54;47;48;36;8,7;3,1;
2024-05-22;1600;null;923,7;1017,2;924,7;923,7;2592,9;28;26,8;12,8;27,2;25,3;15,1;12,6;13,7;51;41;42;44;8,4;3,2;
2024-05-22;1700;null;923;1016,2;923,7;923;2417,4;30;27,7;12,7;28,3;26,5;13,9;12,4;13,7;43;39;40;47;6,7;2,6;
2024-05-22;1800;null;922,4;1015,7;923;922,4;1993,9;30;27,1;12,4;27,8;26,7;13;11,7;13,7;42;38;40;89;7;2;
2024-05-22;1900;null;922,1;1015,5;922,4;922,1;1374,8;30;26,8;12,6;27,5;26,4;13,1;11,8;13,7;43;38;42;101;6,1;1,2;
2024-05-22;2000;null;922,4;1016,4;922,4;922,1;646,6;29;25,1;13,2;26,8;25;13,2;12,3;13;48;41;48;69;4,4;,9;
2024-05-22;2100;null;922,5;1018;922,5;922,4;55;26;20,5;13;25,1;20,5;13,7;12,8;12,9;64;47;62;131;3,4;,8;
2024-05-22;2200;null;923;1019,2;923;922,5;-3,5;22;18,7;13,8;21,3;18,7;14;13,1;12,8;73;60;73;141;2;1,2;
2024-05-22;2300;null;923,5;1020,3;923,5;923;-3,5;20;17;13,2;18,8;16,9;13,7;13;12,8;78;71;78;143;2,6;1,3;
2024-05-23;0000;null;923,7;1020,7;923,7;923,5;-3,5;18;16,5;13;17,2;16,5;13,4;13;12,8;80;78;80;148;2,8;1,5;
2024-05-23;0100;null;923,9;1020,7;923,9;923,7;-3,5;18;17,1;13;17,6;16,2;13,4;12,7;12,8;81;75;77;148;3,1;1,5;
2024-05-23;0200;null;923,8;1020,5;924;923,8;-3,5;18;17,6;12,7;18,1;16,6;13,3;12,5;12,8;78;72;73;147;3,3;1,3;
2024-05-23;0300;null;923,6;1020,6;923,9;923,6;-3,5;18;16,5;12,3;17,9;16,5;12,8;12,1;12,7;76;72;76;146;3,7;1,7;
2024-05-23;0400;null;923,3;1020,7;923,6;923,3;-3,5;18;15,4;11,5;17,6;15,4;12,7;11,5;12,7;78;73;78;144;3,1;1,4;
2024-05-23;0500;null;922,9;1019,9;923,3;922,9;-3,5;17;16,3;12,4;16,7;15,2;12,6;11,6;12,7;81;76;77;149;3,2;1,9;
2024-05-23;0600;null;922,5;1019,5;922,9;922,5;-3,5;16;16,1;12,2;16,3;15,4;12,4;12;12,7;81;77;78;150;3,5;2;
2024-05-23;0700;null;922,6;1020,4;922,7;922,5;-3,5;16;14;11,8;16,1;14;12,3;11,3;12,7;86;78;86;149;3,5;2,1;
2024-05-23;0800;null;922,7;1020,7;922,7;922,4;-3,5;15;13,4;12,5;15,3;13,3;12,5;11;12,6;95;80;95;146;3,2;2,5;
2024-05-23;0900;null;923,2;1021,6;923,2;922,7;-3,5;14;12,6;12,6;14,1;12,4;12,9;11,2;12,6;100;85;100;141;3,3;1,7;
2024-05-23;1000;null;923,9;1022,1;923,9;923,2;25;14;13,2;12,5;13,4;12,3;13,3;12,2;12,6;100;95;95;143;4;3,2;
2024-05-23;1100;null;924,3;1021,4;924,3;923,9;517,6;15;16,5;12,9;16,5;12,3;13,4;11,4;13,6;100;79;79;143;4;2,4;
2024-05-23;1200;null;924,8;1020,6;924,8;924,3;1266,1;18;20,4;13,8;20,7;16,5;14,3;12,9;13,9;79;65;66;148;3,8;1,6;
2024-05-23;1300;null;924,6;1019;924,8;924,6;1905,6;22;24,6;13,6;24,6;20,4;14,4;12,8;13,9;67;49;50;68;3,9;2;
2024-05-23;1400;null;924;1017,9;924,5;924;2353,3;26;25,8;11,1;26,2;24,4;13,5;10,7;13,8;50;38;40;21;5,3;3,1;
2024-05-23;1500;null;923,1;1016,5;924;923,1;2574,7;28;26,9;11,4;27,5;25,7;12;10,3;13,7;41;35;38;311;7,5;2,8;
2024-05-23;1600;null;922;1015;923,1;922;2628,4;29;27,9;10,6;28,2;26,9;11,8;9,7;13,7;39;32;34;321;8,7;4,1;
2024-05-23;1700;null;921,2;1013,9;922;921,2;2420;30;28,6;10,4;28,7;27,1;10,8;8,7;13,6;34;30;32;342;8,3;2,9;
2024-05-23;1800;null;920,4;1012,9;921,2;920,4;1993,2;30;28,9;9,7;29,3;27,6;11,2;9,7;13,5;34;30;30;356;6,9;1,8;
2024-05-23;1900;null;920,1;1013;920,4;920,1;1389,1;31;27,8;8,6;29;27,8;9,6;8,2;13,6;31;28;30;344;6,8;3,1;
2024-05-23;2000;null;920,4;1013,7;920,4;920,1;592,8;30;26,6;9,6;27,9;26,6;9,9;8,6;13;34;30;34;321;6;1,3;
2024-05-23;2100;null;920,7;1015,8;920,7;920,4;56;26;21,3;11,6;26,6;21,3;11,9;9,7;12,9;54;34;54;123;2,5;,7;
2024-05-23;2200;null;921,1;1017,2;921,1;920,7;-3,5;22;18,3;13,2;21,3;18,1;13,3;11,6;12,8;72;54;72;161;2,4;1,3;
2024-05-23;2300;null;921,4;1018,1;921,4;921,1;-3,5;20;16,8;12,7;18,5;16,8;13,1;12,6;12,8;77;71;77;163;2,5;1,5;
2024-05-24;0000;null;921,7;1018,8;921,7;921,4;-3,5;18;15,7;12,4;16,8;15,7;12,8;12,4;12,8;81;76;81;159;2,4;1;
2024-05-24;0100;null;921,9;1019,2;921,9;921,7;-3,5;17;15,1;12,4;15,8;14,9;12,6;12,1;12,8;84;81;84;156;2,4;1,5;
2024-05-24;0200;null;921,9;1019,3;922;921,9;-3,5;16;14,9;12,4;15,1;14,4;13,2;12,1;12,7;91;84;85;144;3,4;2,8;
2024-05-24;0300;null;921,3;1018,8;921,9;921,3;-3,5;16;14,5;12,1;15,1;14,5;12,4;12,1;12,7;86;83;85;152;3,4;2,6;
2024-05-24;0400;null;921,1;1018,6;921,3;921;-3,5;16;14,5;13,7;14,9;14,3;13,7;12;12,7;95;85;95;150;3,3;1,8;
2024-05-24;0500;null;920,7;1018,1;921,2;920,7;-3,5;15;14,5;14,5;14,9;14,3;14,6;12,7;12,7;100;88;100;158;3,1;1,6;
2024-05-24;0600;null;920,3;1017,9;920,7;920,3;-3,5;15;13,9;null;14,5;13,8;14,4;13,8;12,7;100;99;null;149;2,8;1,9;
2024-05-24;0700;null;919,9;1017,4;920,3;919,8;-3,5;15;14;null;14,2;13,6;null;null;12,7;null;null;null;153;3,6;2,3;
2024-05-24;0800;null;920,2;1017,7;920,2;919,9;-3,5;15;14,2;null;14,8;14;null;null;12,6;null;null;null;159;3,7;1,9;
2024-05-24;0900;null;920,7;1018,2;920,7;920,2;-3,5;15;14,3;14,3;14,7;13,7;null;null;12,6;null;null;100;159;2,7;2,1;
2024-05-24;1000;null;921,2;1018,7;921,2;920,7;26,7;15;14,4;null;14,8;13,9;null;null;12,6;null;null;null;150;3;1,7;
2024-05-24;1100;null;921,7;1018,3;921,8;921,2;546,2;16;17,2;14,6;17,2;14,3;15,9;14,3;13,7;100;84;85;145;3;1,6;
2024-05-24;1200;null;922,4;1017,6;922,4;921,7;1160,4;19;21,3;15,6;21,4;17,2;15,7;14,4;13,8;85;69;70;140;3,5;1,7;
2024-05-24;1300;null;922,9;1017,1;922,9;922,4;1679,6;23;24,5;15,4;24,6;21,3;16,2;15,2;13,8;71;57;57;156;3,2;1,7;
2024-05-24;1400;null;922,6;1015,8;922,9;922,6;2125,8;27;27,5;13,4;27,9;24,4;15,8;12,4;13,7;57;39;42;317;6,4;3,2;
2024-05-24;1500;null;921,9;1014,8;922,6;921,9;2384,3;29;28,3;12;29;27,4;14,1;11,5;13,7;43;35;36;286;8,7;5,5;
2024-05-24;1600;null;921,4;1014;921,9;921,4;2345,5;30;28,9;12;29,5;28;13,1;11,3;13,6;37;34;35;294;10,5;6,1;
2024-05-24;1700;null;920,8;1013,5;921,4;920,8;1672,7;30;28,6;13,7;29,6;27,5;14,1;11,9;13,5;41;35;40;288;11,4;4,9;
2024-05-24;1800;null;920,4;1013,4;920,8;920,3;1211,5;30;27,3;13,4;29,6;27,3;14,4;12,8;13,1;43;38;42;281;10,2;5,2;
2024-05-24;1900;null;921,7;1017,1;921,9;920,4;559,7;25;20,7;16;27,3;20,5;17,1;13,4;13;78;42;74;218;14,6;2,5;
2024-05-24;2000;null;920,5;1015,7;921,7;920,5;554,9;24;20,7;15,4;21,4;20,5;16,1;15,1;13;75;69;71;181;6,1;1,5;
2024-05-24;2100;null;920,1;1016,3;920,5;919,9;48,2;22;17,8;15,6;20,7;17,8;15,7;15;12,8;87;71;87;212;2,7;,4;
2024-05-24;2200;null;920,5;1017;920,6;920;-3,5;20;17,2;17,2;18,7;17;17,2;14,3;12,8;100;80;100;144;2,2;1;
2024-05-24;2300;null;921,3;1018,4;921,4;920,5;-3,5;18;15,5;null;17,3;15,5;null;null;12,8;null;null;null;72;2,3;1,2;
2024-05-25;0000;null;921,7;1019;921,7;921,2;-3,5;17;15,2;null;15,8;15;null;null;12,8;null;null;null;138;2,4;1,1;
2024-05-25;0100;null;921,7;1019,1;921,7;921,6;-3;16;14,8;null;15,2;14,7;null;null;12,6;null;null;null;156;2,2;1,6;
2024-05-25;0200;null;921,9;1019,5;921,9;921,6;-3,3;16;14,4;null;14,9;14,2;null;null;12,6;null;null;null;145;1,9;1,1;
2024-05-25;0300;null;922;1019,7;922,1;921,9;-2,7;15;14,2;null;14,5;13,8;null;null;12,6;null;null;null;160;2,3;1,6;
2024-05-25;0400;null;921,7;1019,4;922;921,7;-2,7;15;14;null;14,3;14;null;null;12,5;null;null;null;171;2,3;,8;
2024-05-25;0500;null;921,4;1019,2;921,8;921,4;-3,3;15;13,6;null;14,3;13,6;null;null;12,5;null;null;null;156;1,3;,7;
2024-05-25;0600;null;921,2;1019,1;921,4;921,1;-3,5;14;13,2;null;13,8;13,2;null;null;12,5;null;null;null;162;2,3;1,3;
2024-05-25;0700;null;921,4;1019,4;921,5;921,2;-3,4;14;13,2;null;13,5;13,2;null;null;12,5;null;null;null;77;2;,4;
2024-05-25;0800;null;921,3;1019,5;921,4;921,2;-3,5;14;12,6;null;13,3;12,5;null;null;12,5;null;null;null;164;1,7;,8;
2024-05-25;0900;null;921,6;1019,6;921,6;921,3;-3,3;13;13,1;null;13,1;12,3;null;null;12,5;null;null;null;200;1,4;,8;
2024-05-25;1000;null;922,6;1020,9;922,6;921,6;19,3;13;12,7;null;13,2;11,8;null;null;12,6;null;null;null;198;2,2;,6;
2024-05-25;1100;null;923,4;1020,2;923,4;922,6;431,4;15;17,1;null;17,1;12,7;null;null;13,3;null;null;null;116;1,2;,3;
2024-05-25;1200;null;923,8;1019,7;923,8;923,4;1193,8;18;19,9;15,1;20,2;16,8;16,8;14,2;13,7;99;73;74;null;1,6;null;
2024-05-25;1300;null;924;1019,1;924;923,8;2036,9;22;22,2;15,2;22,8;19,8;16;14,7;13,8;75;64;64;15;4,2;1,6;
2024-05-25;1400;null;923,9;1019,1;924,2;923,9;1373,3;23;21,9;15,7;23,5;21,1;16,2;14,7;13,8;72;61;68;187;4,4;2;
2024-05-25;1500;null;923,2;1017,6;923,9;923,2;1886,3;24;23,9;15,6;23,9;21,7;16,4;15,2;13,8;68;60;60;137;3,9;1;
2024-05-25;1600;null;922,3;1016,3;923,2;922,3;1967,2;26;25;15,8;25,5;22,5;16,2;15,1;13,8;64;55;57;149;3,8;1,5;
2024-05-25;1700;null;921,6;1015,7;922,3;921,6;2164,3;27;24,5;15,3;26,3;24,1;16,5;15;13,6;58;53;57;236;4,5;2,2;
2024-05-25;1800;null;921,1;1015,1;921,6;921,1;1700,1;27;24,7;15,7;26;24,4;16,2;15,3;13,7;58;53;58;178;5,2;2,3;
2024-05-25;1900;null;921;1015,1;921,2;921;1200,2;28;24,4;15,6;25,8;24,4;16,1;15,2;13,3;58;53;58;206;4,8;2,8;
2024-05-25;2000;null;921,5;1015,9;921,5;921;578,3;27;23,4;16,2;24,7;23,4;16,2;15,6;13;64;58;64;218;4,5;3;
2024-05-25;2100;null;921,9;1017,2;921,9;921,5;39,3;24;21;16,2;23,4;21;16,3;16,2;12,9;74;64;74;213;4,8;2,9;
2024-05-25;2200;null;922,3;1018,2;922,3;921,9;-3,5;22;19,4;16,1;21;19,4;16,3;15,9;12,8;81;74;81;109;4;,9;
2024-05-25;2300;null;922,6;1018,3;922,7;922,3;-3,1;21;19,9;16,3;19,9;19;16,4;15,8;12,8;83;79;80;170;2,5;1,2;
2024-05-26;0000;null;923;1019,2;923,1;922,6;-2,8;20;18,8;16,1;19,9;18,4;16,7;15,5;12,8;88;79;85;331;2,5;,5;
2024-05-26;0100;null;923,3;1019,9;923,3;923;-3,5;19;17,6;17,6;19;17,4;18,1;15,8;12,8;100;83;100;27;2,8;,8;
2024-05-26;0200;null;923,1;1019,8;923,3;923;-3,3;19;17,3;17;18,4;17,3;18;15,4;12,8;100;85;98;122;1,8;,8;
2024-05-26;0300;null;922,9;1019,8;923,1;922,9;-3,5;18;16,7;16,7;17,3;16,4;17,3;16,4;12,8;100;98;100;188;1,8;,9;
2024-05-26;0400;null;922,8;1020;922,9;922,6;-3,5;17;15,8;null;16,7;15,5;null;null;12,8;null;null;null;124;1,5;,3;
2024-05-26;0500;null;922,5;1019,8;922,8;922,5;-3,3;16;15,3;null;16;15;null;null;12,7;null;null;null;185;1,9;1,1;
2024-05-26;0600;null;922;1019,4;922,5;922;-3,1;16;14,9;null;15,7;14,9;null;null;12,7;null;null;null;121;1,8;,6;
2024-05-26;0700;null;922,3;1019,4;922,3;921,8;-2,7;16;16;null;16;14,8;null;null;12,7;null;null;null;221;1,9;1,1;
2024-05-26;0800;null;922,2;1019,5;922,3;922,1;-2,7;16;15,3;null;16;14,6;null;null;12,7;null;null;null;16;1,5;,5;
2024-05-26;0900;null;922,6;1020;922,6;922,2;-2,8;16;15,1;null;15,8;14,8;null;null;12,7;null;null;null;315;,9;,5;
2024-05-26;1000;null;923,1;1020,4;923,1;922,6;17,1;16;15,6;null;15,6;15;null;null;12,7;null;null;null;156;2,1;1,7;
2024-05-26;1100;null;923,6;1020,2;923,6;923,1;401,9;17;17,7;17,7;17,7;15,5;null;null;13,3;null;null;100;158;2,5;1,4;
2024-05-26;1200;null;923,8;1019;923,9;923,6;1158,3;20;21,7;16,9;21,7;17,7;18,1;15,8;13,8;100;73;74;108;3,8;1,8;
2024-05-26;1300;null;924;1019,3;924,1;923,8;808,8;22;21,6;17;22,1;21,3;17;16,2;13,2;75;71;75;58;3,8;1,2;
2024-05-26;1400;null;924;1019,3;924,2;924;475,1;23;21,6;17;22;21,2;17,3;16,4;13,4;78;72;75;143;3,8;,8;
2024-05-26;1500;null;923,2;1017,5;924;923,1;1562,6;24;24,3;16,6;24,6;21,5;17,9;16,6;13,8;78;62;62;98;4,9;1,8;
2024-05-26;1600;null;922,4;1016,2;923,1;922,4;2095,1;26;25,6;17,3;25,6;23,9;17,8;16,4;13,8;66;60;60;153;3,9;1,2;
2024-05-26;1700;null;922;1017;922,4;921,8;1078,3;27;22;18,5;26,5;22;18,5;16,4;13,1;80;56;80;225;7,5;5,3;
2024-05-26;1800;null;922,1;1017,4;922,2;921,9;615,3;24;21,1;19,5;22;20,8;21,2;18,5;13,2;100;80;91;183;7,5;2;
2024-05-26;1900;null;922;1017,1;922,1;921,9;1039,8;24;21,5;17,8;22,5;21,1;21,3;17,7;13;99;77;79;185;5;2,9;
2024-05-26;2000;null;922,3;1017,7;922,3;921,9;361,6;23;20,9;17,5;21,5;20,9;18,1;17,5;13;82;78;81;154;5,4;1,4;
2024-05-26;2100;null;922,5;1018,3;922,5;922,3;29,6;22;19,8;19,6;20,9;19,8;19,6;17,5;12,8;99;81;99;118;3,3;,9;
2024-05-26;2200;null;923;1019;923;922,5;-3,2;21;19,3;19,3;19,8;19,3;19,7;19,2;12,8;100;97;100;153;2,7;,7;
2024-05-26;2300;null;923,5;1019,6;923,5;923;-3,2;20;19,2;19,2;19,4;19,1;19,4;19,1;12,8;100;100;100;136;2;,8;
2024-05-27;0000;null;923,9;1020,1;923,9;923,5;-2,8;20;19;19;19,3;18,8;19,3;18,8;12,8;100;100;100;117;2,5;1;
2024-05-27;0100;null;923,9;1020,1;924,1;923,9;-,9;20;19;19;19,2;18,9;19,2;19;12,8;100;100;100;125;4,4;1,9;
2024-05-27;0200;null;924;1020,3;924,1;923,9;-2,6;20;18,7;18,6;19;18,5;19;18,5;12,7;100;99;100;111;4,4;2;
2024-05-27;0300;null;923,8;1020,2;924;923,6;-3,5;19;18,4;18,3;18,7;18,3;18,6;18,3;12,7;100;99;100;110;5,3;1,6;
2024-05-27;0400;null;923,6;1020;923,8;923,5;-3;19;18,2;18,2;18,4;18,1;18,3;18,1;12,7;100;99;100;128;5,1;1,7;
2024-05-27;0500;null;923;1019,4;923,6;923;-2,4;19;18;18;18,2;17,9;18,2;17,9;12,7;100;100;100;110;5,4;1,4;
2024-05-27;0600;null;922,9;1019,4;923;922,7;-1,9;19;17,9;17,9;18,1;17,8;18;17,8;12,7;100;99;100;137;4,1;1,3;
2024-05-27;0700;null;922,5;1019,1;922,9;922,5;-1,5;19;17,5;17,5;17,9;17,4;17,9;17,4;12,7;100;100;100;97;4,4;1,3;
2024-05-27;0800;null;922,6;1019,2;922,6;922,5;-1,8;18;17,3;17,3;17,5;17,3;null;null;12,7;null;null;100;112;3,5;1,2;
2024-05-27;0900;null;922,9;1019,5;922,9;922,6;-3,1;18;17,5;17,5;17,6;17,3;17,6;17,3;12,7;100;100;100;124;4,4;1,6;
2024-05-27;1000;null;923,7;1020,3;923,7;922,9;15,2;18;17,7;17,7;17,7;17,5;17,7;17,5;12,7;100;100;100;118;4,4;1,7;
2024-05-27;1100;null;924,4;1020,8;924,4;923,7;187,9;19;18,6;16,8;18,6;17,7;18,1;16,8;12,9;100;89;89;112;5;1,7;
2024-05-27;1200;null;924,7;1020,3;924,7;924,4;810;20;21;16,9;21;18,6;16,9;16;13,7;89;77;77;111;5,1;1,8;
2024-05-27;1300;null;924,8;1019,6;925;924,7;1808,9;23;23,2;16,8;23,2;20,8;17,4;16,3;13,8;77;68;68;76;4,6;1,8;
2024-05-27;1400;null;924,3;1018,7;924,8;924,3;2329,6;25;24,4;15,7;24,6;22,8;17;15,7;13,8;69;59;59;45;6;2,5;
2024-05-27;1500;null;923,5;1017,3;924,3;923,5;2552,3;27;25,9;16;26;24,2;16,6;15,3;13,7;60;54;54;56;7,1;2,6;
2024-05-27;1600;null;922,8;1016,7;923,5;922,8;1980,8;28;25,3;14,7;27,1;25,2;16,8;14,7;13,2;57;49;52;9;6;2,4;
2024-05-27;1700;null;921,8;1015,2;922,8;921,8;964,8;28;26,5;16,1;26,5;25,1;16,8;15;13,2;59;52;53;122;4,6;1,3;
2024-05-27;1800;null;921,4;1015,8;921,8;921,3;1234,5;29;23,4;16,1;27;23,4;16,5;15,5;13;63;51;63;137;6,7;2,4;
2024-05-27;1900;null;921,9;1017,8;922,1;921,4;132,6;23;19,2;null;23,4;19,1;null;null;13;null;null;null;102;9,9;,9;
2024-05-27;2000;null;922,2;1018,3;922,2;921,9;179,5;21;18,8;null;19,3;18,7;null;null;12,9;null;null;null;147;3,3;1,3;
2024-05-27;2100;null;922,2;1018,5;922,4;922,1;37,9;20;18,2;null;18,8;18,2;null;null;12,8;null;null;null;136;3,6;1,8;
2024-05-27;2200;null;922,7;1019,2;922,7;922,1;-2,8;19;17,7;null;18,2;17,6;null;null;12,8;null;null;null;138;3,4;1,3;
2024-05-27;2300;null;923,1;1019,5;923,1;922,7;-2,1;19;18;null;18,3;17,7;null;null;12,8;null;null;null;164;3,1;1,4;
2024-05-28;0000;null;923,4;1019,9;923,4;923;-2,7;19;17,9;null;18,1;17,5;null;null;12,8;null;null;null;150;3,1;1,6;
2024-05-28;0100;null;923,6;1020,1;923,6;923,3;-2,3;19;18;null;18,2;17,7;null;null;12,8;null;null;null;146;3,8;1,8;
2024-05-28;0200;null;923,7;1020,3;923,8;923,6;-2,7;19;17,7;null;18,2;17,6;null;null;12,7;null;null;null;145;3,4;1,3;
2024-05-28;0300;null;923,5;1020,3;923,8;923,5;-2,2;18;17;null;17,7;17;null;null;12,7;null;null;null;155;2,7;1,3;
2024-05-28;0400;null;923,1;1019,8;923,5;923,1;-2,9;18;17,2;null;17,2;16,9;null;null;12,7;null;null;null;175;2,3;1;
2024-05-28;0500;null;922,7;1019,5;923,1;922,7;-2,7;18;16,8;null;17,4;16,8;null;null;12,7;null;null;null;165;1,5;,6;
2024-05-28;0600;null;922,7;1019,6;922,7;922,6;-2,6;18;16,5;null;16,8;16,2;null;null;12,7;null;null;null;38;1,5;,3;
2024-05-28;0700;null;922,5;1019,2;922,7;922,5;-1,7;18;17,1;null;17,1;16,3;null;null;12,6;null;null;null;331;2,5;1,1;
2024-05-28;0800;null;922,9;1019,7;922,9;922,5;-,7;18;17;null;17,7;16,8;null;null;12,6;null;null;null;337;2,2;1;
2024-05-28;0900;null;923,3;1019,9;923,3;922,9;-,3;18;17,7;null;17,9;17;null;null;12,6;null;null;null;267;4,2;2,8;
2024-05-28;1000;null;923,9;1020,6;923,9;923,3;5,2;18;17,6;null;17,7;17,6;null;null;12,6;null;null;null;279;4,8;1,9;
2024-05-28;1100;null;924,6;1021,2;924,6;923,9;171;19;18;null;18,1;17,5;null;null;12,9;null;null;null;282;4,1;1,9;
2024-05-28;1200;null;925,1;1021,6;925,2;924,6;220,3;19;18,4;18,4;18,4;17,9;null;null;13;null;null;100;249;3,7;2,2;
2024-05-28;1300;null;925,3;1021,6;925,4;925,1;508,6;19;19,1;17,5;19,2;18,2;19,1;17,4;13,4;100;87;91;265;4,3;2;
2024-05-28;1400;null;924,9;1020,7;925,3;924,9;906;21;20,5;17,8;20,5;18,9;19,3;16,5;14;100;80;84;289;3,9;2,4;
2024-05-28;1500;null;924,6;1020,2;924,9;924,6;1130,3;22;20,9;16,5;21,3;20,3;17,9;16,5;13,7;84;76;76;301;4,9;2,9;
2024-05-28;1600;null;924;1019,4;924,6;924;874,9;23;21,2;16,8;21,5;20,5;17,5;16,3;13,5;81;75;76;287;5,9;3,7;
2024-05-28;1700;null;923,8;1019,2;924;923,7;1234,7;23;21,4;16,5;22,1;20,8;17,2;15,9;13,4;78;71;74;315;6,2;3,2;
2024-05-28;1800;null;923,2;1018,4;923,8;923,2;1132,8;23;21,7;16,1;22,2;21,2;17;15,6;13,9;74;70;71;297;6,3;3,7;
2024-05-28;1900;null;923;1018,3;923,2;923;797,8;23;21,2;16,2;22,1;21,1;16,8;16;13,2;74;69;73;273;6,2;3,7;
2024-05-28;2000;null;923,2;1018,9;923,2;923;433,6;22;20,1;16;21,2;20,1;16,2;15,5;13;78;71;78;267;6,3;2,6;
2024-05-28;2100;null;923,7;1020,1;923,7;923,2;65;21;18,2;16;20,1;18,2;16,1;15,8;12,9;87;78;87;271;4,1;2,2;
2024-05-28;2200;null;923,9;1020,6;923,9;923,6;-3,5;19;17,6;17,6;18,2;17,3;17,8;16,1;12,8;100;87;100;237;3,6;1,8;
2024-05-28;2300;null;924,3;1021;924,4;923,9;-1,3;19;17,6;17,6;17,9;17,3;17,9;17,3;12,8;100;100;100;24;2,3;,7;
2024-05-29;0000;null;924,6;1021,3;924,6;924,1;-2,7;18;17,6;17,3;17,7;17,3;17,7;17,3;12,8;100;98;98;286;2,8;2,1;
2024-05-29;0100;null;924,6;1021,6;924,7;924,5;-2,1;18;16,9;16,9;17,6;16,9;17,4;16,5;12,8;100;94;100;324;2,9;1,9;
2024-05-29;0200;null;924,4;1021,7;924,6;924,3;-3,5;18;16;null;16,9;15,8;16,9;16,1;12,7;100;100;null;336;3,7;1,4;
2024-05-29;0300;null;924,2;1022,1;924,4;924;-3,4;16;14,1;null;16;13,5;null;null;12,7;null;null;null;301;1,9;1,1;
2024-05-29;0400;null;924,3;1021,9;924,3;924,1;-2,3;16;15,1;null;15,2;14;null;null;12,7;null;null;null;335;3;1;
2024-05-29;0500;null;923,5;1020,9;924,3;923,5;-1,1;16;15,4;null;15,5;15,1;null;null;12,7;null;null;null;229;2,5;1,9;
2024-05-29;0600;null;923,4;1020,9;923,6;923,2;-1,7;16;15;null;15,4;15;null;null;12,7;null;null;null;233;3,3;1,9;
2024-05-29;0700;null;923,3;1021,1;923,5;923,2;-2,4;16;14,3;null;15;14,3;null;null;12,6;null;null;null;221;4,4;2,2;
2024-05-29;0800;null;923,6;1021,5;923,6;923,2;-1,4;16;13,9;null;14,3;13,9;null;null;12,6;null;null;null;221;4,7;3;
2024-05-29;0900;null;924,1;1022,2;924,1;923,6;-1,7;15;13,5;null;14;13,5;null;null;12,6;null;null;null;221;4,9;2,1;
2024-05-29;1000;null;924,6;1022,8;924,6;924,1;3,5;15;13,5;null;13,5;13,4;null;null;12,6;null;null;null;226;3,3;1,3;
2024-05-29;1100;null;925,1;1023,2;925,1;924,6;117,6;15;13,9;null;13,9;13,4;null;null;12,8;null;null;null;237;2,3;,7;
2024-05-29;1200;null;925,7;1023,7;925,7;925,1;349,5;15;14,4;14,4;14,5;13,7;null;null;13,2;null;null;100;301;2,4;,9;
2024-05-29;1300;null;925,9;1023,4;925,9;925,6;795,5;17;15,7;12,6;15,9;14,4;14,7;12,2;13,6;100;81;82;274;3;,9;
2024-05-29;1400;null;925,5;1022,2;925,9;925,5;1424,6;18;18;13,9;18;15,6;13,9;12,4;14,1;83;76;77;290;4;1,2;
2024-05-29;1500;null;924,7;1020,7;925,6;924,7;2349,7;21;19,8;13,5;19,8;17,5;14;12,4;14;76;65;67;301;4,6;1,8;
2024-05-29;1600;null;924;1019,2;924,7;924;2460,4;23;22;13,4;22,1;18,9;14;12,6;13,9;69;58;58;275;6;2,4;
2024-05-29;1700;null;923,1;1018;924;923,1;2358,8;25;22,5;13,2;23,5;21,5;14,1;12,4;13,8;59;53;56;275;6;2,5;
2024-05-29;1800;null;922,9;1017,7;923,2;922,9;2143,6;25;22,7;14;24,3;21,7;14;12,5;13,8;58;52;58;215;6,4;2,4;
2024-05-29;1900;null;922,8;1017,6;922,9;922,8;1328,8;25;22,7;13;23,1;21,7;14,1;13;13,2;61;54;54;243;5,9;3,8;
2024-05-29;2000;null;923,3;1019;923,3;922,8;644,4;24;20,3;13,7;22,7;20,3;14,2;13;13,1;66;54;66;223;7,3;4,4;
2024-05-29;2100;null;923,8;1020,5;923,8;923,3;60;21;17,5;13,1;20,3;17,5;13,7;13,1;12,9;77;66;75;214;6,7;3,5;
2024-05-29;2200;null;924,2;1022;924,2;923,7;-3,5;18;14,6;12;17,5;14,5;13,1;11,7;12,8;85;75;84;247;5;1,2;
2024-05-29;2300;null;924,4;1022,5;924,4;924,2;-3,5;16;13,8;null;15,2;13,1;13,7;11,6;12,8;100;83;null;32;2,7;,8;
2024-05-30;0000;null;924,5;1023,3;924,5;924,4;-3,5;14;11,9;null;13,8;11,9;null;null;12,8;null;null;null;46;3;1,6;
2024-05-30;0100;null;924,9;1023,7;924,9;924,5;-3,5;13;11,8;null;12,9;11,5;null;null;12,8;null;null;null;28;2,4;,8;
2024-05-30;0200;null;925;1024,1;925;924,7;-3,5;12;11;null;11,8;10,4;null;null;12,7;null;null;null;175;2,2;,9;
2024-05-30;0300;null;924,8;1024,6;925;924,8;-3,5;11;9,3;null;11;9,2;null;null;12,7;null;null;null;34;1,9;1,4;
2024-05-30;0400;null;924,8;1025;924,9;924,7;-3,5;10;8;null;9,6;8;null;null;12,7;null;null;null;157;1,9;1,1;
2024-05-30;0500;null;924,3;1024,6;924,8;924,2;-3,5;9;7,8;null;8,3;7,8;null;null;12,7;null;null;null;175;1,8;,7;
2024-05-30;0600;null;924,1;1024,5;924,3;924;-3,5;9;7,5;null;8,4;7;null;null;12,6;null;null;null;168;1,4;,6;
2024-05-30;0700;null;923,8;1023,9;924,1;923,8;-3,5;8;8,2;null;8,6;6,5;null;null;12,6;null;null;null;131;1,4;,7;
2024-05-30;0800;null;923,7;1024,2;923,8;923,6;-3,5;7;7;null;8,3;5,9;null;null;12,6;null;null;null;173;1;,6;
2024-05-30;0900;null;924;1025,1;924;923,7;-3,5;6;5,5;null;7;5;null;null;12,5;null;null;null;148;1,6;1,1;
2024-05-30;1000;null;924,6;1026;924,6;924;18,1;6;4,9;null;5,8;4,4;null;null;12,6;null;null;null;157;1,9;1,4;
2024-05-30;1100;null;925,1;1025,4;925,1;924,6;500,7;7;8;8;8;4,8;null;null;13,9;null;null;100;146;2,5;1,2;
2024-05-30;1200;null;925,8;1024,2;925,8;925,1;1276,1;11;13,2;10,1;13,2;8;null;null;14,2;null;null;82;155;1,9;,6;
2024-05-30;1300;null;926;1022,9;926,1;925,8;1952;15;17,7;6,9;17,9;13,2;10,5;6,9;14,1;83;49;49;88;2,2;1;
2024-05-30;1400;null;925,5;1021,7;926;925,5;2454,9;19;19,5;2,7;19,9;17,6;7,5;2,3;14;51;32;33;64;3,7;1,5;
2024-05-30;1500;null;925;1020,4;925,5;924,9;2701,3;22;21,5;2,6;22;19,5;5,5;1,6;13,9;38;27;29;132;3,3;1,1;
2024-05-30;1600;null;924,2;1018,9;925;924,2;2704,1;24;23,4;4,3;23,6;21,3;4,8;1,4;13,8;31;25;29;294;5;1,8;
2024-05-30;1700;null;923,5;1017,7;924,2;923,5;2472,4;25;24,6;2,6;25,1;22,6;5,7;2,6;13,8;32;24;24;290;4,6;1,9;
2024-05-30;1800;null;923,3;1017,8;923,6;923,3;2057,3;26;23,9;2,2;24,6;23,5;2,7;-,9;13,8;25;19;24;235;5,7;2,2;
2024-05-30;1900;null;923,2;1017,5;923,3;923,2;1424,8;26;24,3;-,9;24,9;23,6;2,8;-1,7;13,8;25;18;19;241;4,4;1,8;
2024-05-30;2000;null;923,4;1019,1;923,4;923,2;676,8;25;20,4;6,6;24,3;20,4;6,7;-1,9;13,1;41;19;41;220;4;2,6;
2024-05-30;2100;null;923,9;1020,8;923,9;923,4;58,8;21;16,9;5,2;20,4;16,3;6,9;5;12,9;48;41;46;281;4,3;,7;
2024-05-30;2200;null;924,2;1022,6;924,2;923,9;-3,5;16;12,9;6,8;16,9;12;7,2;4,6;12,8;72;46;66;73;2,8;,2;
2024-05-30;2300;null;924,8;1024,3;924,8;924,2;-3,5;13;10,1;6,7;13,1;10,1;8;5,7;12,8;81;65;79;157;1,9;,7;
2024-05-31;0000;null;925,2;1024,6;925,3;924,9;-3,5;11;10,3;5,7;10,9;10,1;7,1;5,5;12,8;80;72;73;161;1,4;,9;
2024-05-31;0100;null;925,3;1025,5;925,3;925,2;-3,5;10;8,3;6,5;10,3;8;6,7;5,1;12,7;89;73;88;193;1,5;1;
2024-05-31;0200;null;925,4;1025,7;925,5;925,3;-3,5;9;8,1;6,9;8,9;7,3;7,9;5,4;12,7;100;81;92;181;1,8;,9;
2024-05-31;0300;null;925,1;1026;925,4;925,1;-3,5;8;6,4;null;8,1;6,4;7,6;6,4;12,7;100;90;null;148;1,8;1,3;
2024-05-31;0400;null;925,2;1026,2;925,2;925;-3,5;7;6,1;null;6,9;5,9;null;null;12,7;null;null;null;167;2;,8;
2024-05-31;0500;null;924,9;1025,8;925,3;924,9;-3,5;7;6,2;null;6,3;5,7;null;null;12,7;null;null;null;173;1,6;1,2;
2024-05-31;0600;null;924,5;1025,7;924,9;924,5;-3,5;7;5,5;null;6,4;5,3;null;null;12,6;null;null;null;151;2,2;1,6;
2024-05-31;0700;null;924,6;1025,8;924,6;924,4;-3,5;6;5,5;null;5,7;5,2;null;null;12,6;null;null;null;153;2,3;1,5;
2024-05-31;0800;null;924,6;1025,5;924,6;924,4;-3,5;6;6,3;null;6,7;5,3;null;null;12,6;null;null;null;150;2,7;2,2;
2024-05-31;0900;null;924,9;1024,7;924,9;924,6;-3,5;7;9,2;7,7;9,2;6;null;null;12,5;null;null;91;145;3,6;1,9;
2024-05-31;1000;null;925,7;1025,5;925,7;924,9;17,9;9;9,5;9,3;9,6;8,9;9,3;7,2;12,6;99;88;99;143;4,1;1,6;
2024-05-31;1100;null;926,1;1024,9;926,1;925,7;538,9;10;12,2;9,1;12,2;9,5;9,6;8,6;13,9;99;81;81;129;4,3;1,7;
2024-05-31;1200;null;926,5;1024,2;926,5;926,1;1230,7;13;15,4;10,3;15,5;12,2;10,5;9,2;14,1;82;70;72;110;6,9;2,4;
2024-05-31;1300;null;926,7;1023,6;926,8;926,5;1929,4;16;17,7;9,3;17,8;15,4;10,7;9,1;14;73;57;58;104;6,9;2,8;
2024-05-31;1400;null;926,5;1022,4;926,7;926,5;2411,1;19;20,5;9,6;20,5;17,7;10,2;8,9;13,9;60;49;50;120;6,8;2,4;
2024-05-31;1500;null;925,7;1021;926,5;925,7;2656,2;22;22;9,2;22,3;20;9,9;8,1;13,9;51;43;44;111;6,9;1,8;
2024-05-31;1600;null;924,7;1019,6;925,7;924,7;2683,3;24;23,1;6,7;24,1;22;9,9;5,8;13,8;44;32;35;48;5,4;1,9;
2024-05-31;1700;null;924,2;1018,5;924,7;924,1;2460,8;26;24,5;6,6;24,9;23,1;7,9;5,5;13,8;36;29;32;39;4,6;1,9;
2024-05-31;1800;null;924,1;1018,3;924,2;924;2012;27;24,8;7,8;25,2;23,9;8,1;6,1;13,8;35;30;34;104;4,5;1,4;
2024-05-31;1900;null;923,9;1018,3;924,1;923,9;1387,8;27;24,4;6,5;24,8;23,9;7,7;5,5;13,8;34;30;32;103;4,1;1,2;
2024-05-31;2000;null;923,9;1019,2;924;923,9;652,2;26;21,7;9;24,8;21,7;9,3;5,8;13,1;45;30;44;174;2,6;,5;
2024-05-31;2100;null;924,1;1020,5;924,1;923,9;47,4;22;18,5;8,3;22;18;9,2;6,9;12,9;52;40;51;140;2,5;1,2;
2024-05-31;2200;null;924,5;1022;924,5;924,1;-3,5;18;15,4;8,9;18,5;14,2;9,1;8,3;12,8;71;51;65;148;4;2,2;
2024-05-31;2300;null;924,9;1022,5;924,9;924,5;-3,5;16;15,4;9,4;15,6;14,6;9,6;8,7;12,8;69;64;68;140;3,9;1,7;
2024-06-01;0000;null;925,3;1023,1;925,3;924,9;-3,5;16;14,9;8,9;15,6;14,9;9,6;8,8;12,8;69;66;67;142;4;1,3;
2024-06-01;0100;null;925,8;1023,8;925,8;925,3;-3,5;15;14,3;8,5;14,9;14,2;9;8,4;12,8;69;67;68;147;3,2;1,7;
2024-06-01;0200;null;926,2;1024,3;926,2;925,8;-3,5;15;14,2;8;14,4;13,7;8,5;8;12,7;69;66;66;145;3,5;2,1;
2024-06-01;0300;null;925,8;1024,2;926,2;925,8;-3,5;14;13,3;7,8;14,3;13,3;8,2;7,7;12,7;69;66;69;139;4,8;1,4;
2024-06-01;0400;null;925,7;1023,7;925,9;925,6;-3,5;14;14,3;7,7;14,8;13,3;8;7,7;12,7;69;63;64;116;4,8;2;
2024-06-01;0500;null;925,6;1023,5;925,7;925,5;-3,5;14;14,6;7,6;14,8;13,8;7,8;7,5;12,7;67;62;63;115;5,5;2,9;
2024-06-01;0600;null;925,9;1024,8;926;925,6;-3,5;14;12;7,7;14,6;12;7,8;7,5;12,7;75;63;75;120;5,5;1,6;
2024-06-01;0700;null;925,9;1024,9;925,9;925,8;-3,5;12;11,8;8,3;12,1;11;8,3;7,5;12,7;81;75;79;137;3,7;1,7;
2024-06-01;0800;null;925,9;1024,9;926;925,9;-3,5;12;11,7;8,1;12,5;11,6;8,3;7,9;12,6;79;75;78;148;4,1;1,8;
2024-06-01;0900;null;926,1;1024,9;926,2;925,9;-3,5;12;12,4;8,3;12,4;11,4;8,3;7,9;12,6;80;76;76;132;5,4;2,5;
2024-06-01;1000;null;927,1;1026,1;927,1;926,1;14,9;12;12,1;8,3;12,6;12;8,4;8,2;12,6;78;75;78;132;6,2;1,9;
2024-06-01;1100;null;927,5;1025,5;927,5;927;477,4;13;14,8;9,1;14,8;12,1;9,1;8,3;13,6;78;69;69;120;5,9;2,9;
2024-06-01;1200;null;928,2;1025,3;928,2;927,5;1224,8;16;17,6;10,1;17,7;14,8;10,4;9,1;14;69;61;61;115;8,1;2,8;
2024-06-01;1300;null;928,5;1024,8;928,5;928,2;1881;19;20;10,6;20;17,6;11,2;10;13,9;62;55;55;108;7;2,9;
2024-06-01;1400;null;928,1;1024;928,6;928,1;2343,6;21;21,2;10,8;21,5;19,9;11,7;10,5;13,9;56;51;51;93;8,7;2,9;
2024-06-01;1500;null;927,2;1022,4;928,1;927,2;2601,7;23;22,8;11;23,2;20,8;11,8;10,5;13,9;53;46;47;81;8,7;2,5;
2024-06-01;1600;null;926,2;1020,5;927,2;926,2;2627,9;25;25,3;10,9;25,3;22,7;11,8;10,4;13,8;48;40;40;69;6,7;2;
2024-06-01;1700;null;925,4;1019,8;926,2;925,4;2425,3;27;24,6;9,9;25,5;24;11,6;8,9;13,7;45;37;40;54;5,6;3;
2024-06-01;1800;null;925;1019,4;925,4;925;1995,5;28;24,7;9,4;25,5;24,4;11,2;9,3;13,8;42;37;38;86;6,3;1,7;
2024-06-01;1900;null;924,9;1019,3;925;924,8;1356,6;28;24,5;8,4;25,4;24,4;10,9;8,4;13,4;42;36;36;63;4,8;1,5;
2024-06-01;2000;null;925,2;1020,3;925,2;924,9;636;27;22,7;10,8;24,6;22,6;10,8;8,3;13;47;35;47;53;4,4;1,3;
2024-06-01;2100;null;925,7;1022;925,7;925,2;48,4;23;19,1;10,8;22,7;18,5;11,4;10,3;12,9;61;46;59;139;3,2;1;
2024-06-01;2200;null;926,2;1023,5;926,2;925,7;-3,5;19;16,5;11,4;19,8;15,8;11,5;10,4;12,8;74;55;72;150;2,2;1,4;
2024-06-01;2300;null;926,7;1024,1;926,7;926,2;-3,5;17;16,4;10,9;16,5;14,8;11,3;10,8;12,8;78;70;70;152;3,1;1,3;
2024-06-02;0000;null;927,1;1024,7;927,1;926,7;-3,5;16;16;10;16,8;14,9;10,8;9,9;12,8;73;67;68;144;3,6;1,7;
2024-06-02;0100;null;927,1;1024,8;927,1;926,9;-3,5;16;15,7;10;16;15,5;10,1;9,9;12,8;70;68;69;143;3,9;1,7;
2024-06-02;0200;null;926,9;1024,6;927,1;926,8;-3,5;16;15,7;10;16,2;15,4;10,1;9,8;12,7;70;67;69;149;4,2;1,9;
2024-06-02;0300;null;926,8;1024,5;926,9;926,8;-3,5;16;15,5;9,6;16;15,5;10,1;9,6;12,7;69;67;68;150;4,2;1,7;
2024-06-02;0400;null;926,6;1024,7;926,8;926,6;-3,5;16;14,5;8,8;15,9;14,4;9,6;8,8;12,7;69;66;69;111;3,9;1,4;
2024-06-02;0500;null;926;1023,7;926,6;926;-3,5;15;15,4;8,9;15,4;14,5;9,1;8,8;12,7;69;65;65;132;5,1;1,5;
2024-06-02;0600;null;925,5;1023;926;925,5;-3,5;15;15,7;8,9;15,8;14,9;9,1;8,7;12,7;67;64;64;121;6,2;2,5;
2024-06-02;0700;null;925,6;1023,4;925,6;925,4;-3,5;16;14,8;9,3;15,9;14,8;9,3;8,9;12,7;69;64;69;136;7,6;2,3;
2024-06-02;0800;null;925,9;1023,6;925,9;925,6;-3,5;15;15,4;10,2;15,4;14,7;10,2;9,3;12,6;72;69;71;122;7,4;3;
2024-06-02;0900;null;926,4;1024,2;926,4;925,9;-3,5;15;15,2;10,7;15,4;15;10,7;10,1;12,6;75;71;75;117;7,4;2,2;
2024-06-02;1000;null;927;1024,9;927;926,4;14,5;15;15,1;10,8;15,4;14,9;11;10,7;12,6;77;74;76;125;5,8;2,1;
2024-06-02;1100;null;927,7;1025,2;927,7;927;420,4;16;16,5;11,4;16,5;15;11,4;10,8;13,5;76;71;72;115;5,8;2,4;
2024-06-02;1200;null;928,2;1024,6;928,3;927,7;1205,3;18;19,7;12,5;20;16,5;12,9;11,2;13,9;72;61;63;85;5,6;1,9;
2024-06-02;1300;null;928,2;1024,4;928,4;928,1;1617,6;21;20,2;12,1;20,8;18,8;13,1;11,8;13,9;66;59;60;113;5,6;2,2;
2024-06-02;1400;null;927,3;1022,5;928,2;927,3;2297,2;23;23;12;23,4;20,1;12,9;11,7;13,9;61;50;50;104;5,2;2,2;
2024-06-02;1500;null;926,5;1021,1;927,3;926,5;2554,5;25;24,6;10,4;25,6;22,8;12,9;10,4;13,8;51;40;41;90;6,3;1,8;
2024-06-02;1600;null;925,6;1019,9;926,5;925,6;2594,1;27;25,1;11,4;25,9;24,1;12,1;10,5;13,8;45;39;42;114;5,1;1,8;
2024-06-02;1700;null;924,7;1018,5;925,6;924,7;1642,7;27;26,4;10,3;26,6;24,2;12,2;9;13,8;44;35;37;53;5,1;2,4;
2024-06-02;1800;null;924,3;1018,4;924,7;924,3;1580;28;25,4;10,3;26,8;24,3;11,4;9,2;13,1;43;34;39;70;6,3;1,9;
2024-06-02;1900;null;924,2;1018,8;924,3;924,1;1027,6;28;23,7;11,2;25,9;23,7;11,9;10,3;13;45;38;45;60;5,7;1,7;
2024-06-02;2000;null;924,3;1019,2;924,3;924,2;521,3;27;22,8;11,6;25,4;22,7;11,9;10,9;13;49;41;49;45;5,8;1,6;
2024-06-02;2100;null;924,8;1021;924,8;924,3;41,6;24;19,1;12,6;22,9;19,1;12,8;11,7;12,8;66;49;66;107;3,5;,6;
2024-06-02;2200;null;925,3;1021,3;925,3;924,8;-3,5;21;19,9;12,6;20;18,1;13,2;12,5;12,8;72;63;63;130;2,1;,9;
2024-06-02;2300;null;925,8;1022,4;925,8;925,3;-3,5;20;18,3;12,6;19,9;18,3;12,7;12,5;12,8;70;63;70;115;3,4;1,1;
2024-06-03;0000;null;926,2;1023;926,2;925,8;-3,5;19;18;12,6;18,5;18;12,8;12,5;12,8;71;69;71;139;3,6;1,4;
2024-06-03;0100;null;926,4;1023,4;926,4;926,2;-3,5;19;17,5;12,7;18,2;17,1;12,7;12,5;12,8;75;70;73;140;3,3;1,5;
2024-06-03;0200;null;926,4;1023,4;926,5;926,3;-3,5;18;17,3;12,6;17,7;17,2;12,7;12,5;12,8;74;72;74;155;3,7;1,2;
2024-06-03;0300;null;926,1;1023,4;926,4;926,1;-3,5;18;16,4;12,8;17,3;16,1;12,8;12,4;12,7;80;74;80;141;3,3;1,6;
2024-06-03;0400;null;925,8;1022,8;926,1;925,8;-3,5;18;17,2;12,7;18;16,3;13;12,6;12,7;80;72;75;125;4,6;1,6;
2024-06-03;0500;null;925,6;1022,5;925,9;925,6;-3,5;17;17,4;12,6;17,6;16,9;12,8;12,4;12,7;76;72;73;82;4,9;1,5;
2024-06-03;0600;null;925,5;1022,8;925,7;925,4;-3,5;17;16,3;12,7;17,6;16,1;12,8;12,4;12,7;80;73;80;134;5,3;1;
2024-06-03;0700;null;925,8;1023,3;925,8;925,5;-3,5;17;15,8;12,7;16,5;15,8;12,9;12,5;12,7;82;78;82;164;4;1,4;
2024-06-03;0800;null;926,1;1023,5;926,1;925,8;-3,4;16;16,1;12,7;16,1;15,7;12,9;12,5;12,6;82;80;80;151;3,3;1,6;
2024-06-03;0900;null;926,8;1024,2;926,8;926,1;-3,4;17;16,4;12,6;16,4;16;12,7;12,5;12,6;80;78;78;134;4,4;2;
2024-06-03;1000;null;927,8;1025,3;927,8;926,8;6,2;17;16,5;12,6;16,7;16,3;12,7;12,5;12,6;79;76;78;102;4,4;1,6;
2024-06-03;1100;null;928,1;1025,4;928,1;927,7;176,6;17;17,2;13;17,2;16,5;13,3;12,7;12,9;80;76;76;127;3,8;1,8;
2024-06-03;1200;null;928,9;1025,7;928,9;928,1;582,8;18;18,6;13,2;18,7;17,2;13,5;12,8;13,3;77;70;71;122;3,9;2;
2024-06-03;1300;null;929,1;1025,2;929,1;928,9;1069,6;20;20,9;13,2;21;18,6;13,8;13;13,7;71;61;61;98;4,8;1,4;
2024-06-03;1400;null;928,3;1023,2;929,1;928,3;2229,5;23;24,1;13,7;24,2;20,8;14,2;12,9;13,8;63;51;52;97;4,8;1,9;
2024-06-03;1500;null;927,3;1021,5;928,3;927,3;2829,6;26;25,8;12,5;25,9;23,3;13,8;12,5;13,8;53;44;44;74;5,2;2;
2024-06-03;1600;null;926,2;1020,8;927,3;926,2;1560,4;28;24,4;12,9;26,6;24,4;13,6;10,6;13,3;50;41;49;124;4,6;1,1;
2024-06-03;1700;null;925,6;1020,1;926,2;925,6;844,9;27;24,6;12,6;24,9;24,3;13,3;12,3;13,1;50;46;47;45;3,5;,9;
2024-06-03;1800;null;925;1019,3;925,6;925;727,1;27;24,9;13,4;24,9;24,1;13,9;12,4;13,2;52;46;49;57;2,2;1;
2024-06-03;1900;null;924,8;1019,3;925;924,8;596,7;26;24,2;13,6;25,2;24;14;11,8;13;54;45;52;115;1,8;,4;
2024-06-03;2000;null;924,8;1019,7;924,8;924,7;299,1;25;22,9;14,4;24,2;22,9;16,1;13,8;13;65;52;59;127;1,5;,4;
2024-06-03;2100;null;925,1;1020,8;925,1;924,7;29,9;24;20,8;15,5;22,9;20,4;15,6;14;12,8;73;59;72;57;2,8;,9;
2024-06-03;2200;null;925,5;1021,7;925,6;925,1;-3,5;22;19,3;15,4;20,8;19,3;15,8;14,8;12,8;79;71;78;172;1,9;,4;
2024-06-03;2300;null;925,7;1022,2;925,7;925,4;-3,5;20;18,5;14,9;19,4;18,4;15,7;14,9;12,8;83;77;79;152;1,6;,8;
2024-06-04;0000;null;926;1023,2;926;925,6;-3,5;19;16,6;15,6;18,5;16,6;15,6;14,4;12,8;94;79;94;130;2,3;1,2;
2024-06-04;0100;null;926,2;1023,8;926,3;926;-3,5;18;15,7;15;17;15,7;15,8;14;12,8;96;86;96;142;2,3;1,3;
2024-06-04;0200;null;926;1023,8;926,2;926;-3,5;17;15;13,8;15,7;15;15;13;12,7;98;86;93;142;2,6;1,8;
2024-06-04;0300;null;925,5;1023,4;926;925,5;-3,5;16;14,7;13,7;15,1;14,2;14,5;13,6;12,7;99;93;94;139;2,6;1,1;
2024-06-04;0400;null;925;1022,7;925,5;925;-3,5;16;15;14,1;15,3;14,4;15;13,8;12,7;100;92;94;144;2,5;1,7;
2024-06-04;0500;null;924,4;1021,9;925,1;924,4;-3,5;16;15,4;14;15,6;14,9;14,8;12,9;12,7;98;86;91;138;2,6;1,5;
2024-06-04;0600;null;924,2;1022,2;924,6;924,2;-3,5;15;14;14;15,4;14;14,5;13,1;12,7;100;87;100;135;2,5;,9;
2024-06-04;0700;null;924,1;1022,1;924,3;924;-3,5;15;13,9;13,7;14,6;13,7;14,6;12,9;12,6;100;92;98;148;2,8;1,3;
2024-06-04;0800;null;924;1021,6;924,1;923,9;-3,5;15;15,1;12,3;15,3;13,9;14,1;11,8;12,6;100;82;83;137;2,7;1,7;
2024-06-04;0900;null;924,4;1022,1;924,4;923,9;-3,5;15;14,7;12,2;15,6;14,6;12,5;11,8;12,6;85;81;85;144;2,7;1,7;
2024-06-04;1000;null;925,1;1023;925,1;924,3;7,3;14;14,5;14,3;15,2;13,4;14,5;11,3;12,6;100;82;98;130;2,4;1,2;
2024-06-04;1100;null;925,7;1022,9;925,7;925,1;439,6;15;16,5;13,1;16,5;13,7;14,5;12,4;13,5;100;81;81;146;1,8;1;
2024-06-04;1200;null;926,2;1022,2;926,2;925,7;1158,4;19;20,3;13,7;20,7;16,5;14,8;13;13,8;81;65;66;138;3,4;1,4;
2024-06-04;1300;null;926,6;1021,7;926,6;926,2;1801;22;23;12,6;23,3;20,3;14,2;12,4;13,9;68;51;52;123;4,4;1,7;
2024-06-04;1400;null;926,3;1020,6;926,6;926,3;2266,6;25;25,3;11,7;25,6;22,8;13,3;11,3;13,8;53;41;43;94;4,5;1,8;
2024-06-04;1500;null;925,6;1019,3;926,3;925,6;2531,6;27;26,9;10,3;26,9;24,7;12,4;10;13,8;46;35;35;75;4,6;1,7;
2024-06-04;1600;null;924,7;1018,3;925,6;924,7;2588,6;29;27;7,3;27,2;25,9;10,2;6,9;13,7;35;28;29;107;5;1,6;
2024-06-04;1700;null;923,9;1017,2;924,7;923,9;2209,6;29;27,6;6,4;28,1;25,8;10,2;6,4;13,8;34;26;26;109;6,4;2,1;
2024-06-04;1800;null;923,6;1017,3;923,9;923,5;2032;30;26,2;8;27,8;26,2;8,5;6;13;32;26;32;109;5,1;2,1;
2024-06-04;1900;null;923,3;1016,9;923,6;923,2;1186,7;29;26,4;7,7;26,7;25,6;9,5;7,7;13,3;35;31;31;91;5,1;1,3;
2024-06-04;2000;null;923,9;1018,4;923,9;923,3;583,1;29;23,9;9,6;26,7;23,9;9,9;7,9;13;41;31;40;143;3,4;,4;
2024-06-04;2100;null;924,1;1020,1;924,1;923,8;35,1;25;19,7;10,5;23,9;19,7;10,7;8,9;12,9;55;40;55;90;2,1;,6;
2024-06-04;2200;null;924,7;1021,5;924,7;924,1;-3,5;21;17,4;11;19,8;17,4;11,2;10,2;12,8;67;55;66;145;2,3;1,5;
2024-06-04;2300;null;925,1;1022,2;925,1;924,7;-3,5;19;16,7;10,9;18,4;16,5;11,1;10;12,8;69;58;69;140;3,3;1,1;
2024-06-05;0000;null;925,5;1022,7;925,5;925;-3,5;17;16,5;11,9;17;16;12;10,7;12,8;75;68;74;154;2;,4;
2024-06-05;0100;null;925,8;1023;925,9;925,5;-3,5;17;16,6;12,6;17,1;16,1;12,8;11,8;12,8;79;73;77;140;1,9;,6;
2024-06-05;0200;null;925,8;1023,2;926;925,8;-3,5;16;16;12,7;16,8;15;13;11,6;12,7;83;73;81;141;1,6;,8;
2024-06-05;0300;null;925,5;1023,4;925,8;925,5;-3,5;16;14,6;12,4;16,3;14,6;13,2;12,4;12,7;87;80;86;146;2,6;1,1;
2024-06-05;0400;null;925,3;1022,6;925,5;925,3;-3,5;16;16,1;12,3;16,1;14,4;14,6;11,9;12,7;98;78;78;137;5,1;1,8;
2024-06-05;0500;null;925;1022,1;925,3;924,9;-3,5;16;16,6;12,2;17,1;16,1;12,3;12;12,7;78;73;75;127;6;1,9;
2024-06-05;0600;null;925;1022,2;925,1;925;-3,5;17;16,4;12,4;16,8;16,2;12,4;12,1;12,7;78;75;77;127;5;1,8;
2024-06-05;0700;null;925,2;1022,6;925,2;925;-3,5;16;15,8;12,2;16,4;15,8;12,4;12,2;12,7;79;77;79;131;4,8;1,8;
2024-06-05;0800;null;925;1022,4;925,3;924,9;-3,5;16;15,8;12,2;15,9;15,4;12,3;12,1;12,6;81;79;79;119;4,5;2;
2024-06-05;0900;null;925,1;1022,6;925,2;925;-3,5;16;15,5;12;16;15,5;12,3;11,9;12,6;80;78;80;130;6;1,7;
2024-06-05;1000;null;925,8;1023,4;925,8;925,1;10,4;16;15,4;12;15,6;15,2;12,1;11,9;12,6;81;79;80;137;5,6;1,8;
2024-06-05;1100;null;926,5;1023,6;926,5;925,8;424;16;17,2;12,6;17,2;15,4;12,9;12;13,4;80;75;75;121;4,5;1,9;
2024-06-05;1200;null;926,9;1023,3;926,9;926,5;1133,2;19;19,3;13;19,6;17,1;13,5;12,7;13,8;75;67;67;115;7,9;2,3;
2024-06-05;1300;null;927,1;1022,7;927,1;926,9;1781,9;21;21,6;13,2;21,6;19,3;13,7;12,8;13,9;68;59;59;110;7,3;2,8;
2024-06-05;1400;null;926,8;1021,7;927,1;926,7;2254,6;24;23,5;13;23,7;21,2;13,7;12,5;13,9;60;51;52;88;7,6;2,6;
2024-06-05;1500;null;926;1020,4;926,8;926;2505,6;26;24,8;13,4;25,1;23,1;13,8;12,2;13,8;54;47;49;69;6,3;2,4;
2024-06-05;1600;null;925,2;1019,4;926;925,1;2532,2;27;25,2;12,7;25,7;24,3;13,5;12,4;13,7;49;45;46;107;6,8;2,3;
2024-06-05;1700;null;924,2;1018;925,2;924,2;2325,7;28;26,2;8,5;26,3;25;13,2;8,5;13,6;48;33;33;65;6,6;2,3;
2024-06-05;1800;null;923,6;1017,4;924,2;923,6;1837,5;29;25,9;7,4;26,8;24,1;10,7;7,1;13,7;38;30;31;15;5,9;2,3;
2024-06-05;1900;null;923,1;1017,1;923,7;923,1;1136,3;28;25,3;7,3;26,3;24,2;8,4;6,9;13,3;37;30;32;46;5,1;2,3;
2024-06-05;2000;null;923,8;1018,6;923,8;923,1;584,7;28;22,9;10,6;25,8;22,9;11,2;7,3;13;47;31;46;154;5,1;,9;
2024-06-05;2100;null;924,1;1020;924,1;923,8;29;24;19,8;11;22,9;19,8;11,1;10,4;12,9;57;46;57;140;2,3;1;
2024-06-05;2200;null;924,4;1021,3;924,4;924;-3,5;20;17,1;11,8;19,8;17,1;11,9;11,1;12,8;71;57;71;133;2;1;
2024-06-05;2300;null;924,9;1022,4;924,9;924,4;-3,5;18;15,6;11,8;17,1;15,6;11,8;11,3;12,8;78;71;78;145;2,6;1,1;
2024-06-06;0000;null;925,2;1022,7;925,2;924,8;-3,5;17;15,5;11,9;16;15,3;12;11,3;12,8;80;76;79;147;2,4;1,5;
2024-06-06;0100;null;925,2;1022,7;925,3;925,1;-3,5;16;15,7;11,6;16,4;15,1;12,2;11,6;12,8;81;75;77;151;2,8;1,9;
2024-06-06;0200;null;925,4;1022,8;925,5;925,1;-3,5;16;16;11,9;16;15,2;12;11,6;12,7;80;77;77;146;3;1,7;
2024-06-06;0300;null;925,2;1022,5;925,5;925,2;-3,5;16;16,2;11,9;16,5;15,6;12,1;11,6;12,7;78;74;76;140;2,8;1,3;
2024-06-06;0400;null;925,1;1022,1;925,3;925,1;-2,9;17;17,1;12,1;17,1;15,6;12,2;11,7;12,7;78;72;72;149;2,8;1,2;
2024-06-06;0500;null;924,6;1021,7;925,1;924,5;-2,3;17;16,6;12,3;17,5;16,6;12,3;11,9;12,7;76;71;76;129;3;1,4;
2024-06-06;0600;null;924,1;1021;924,6;924,1;-2,9;17;17;12,3;17,6;16,6;12,5;12,1;12,7;76;71;74;140;3,1;1;
2024-06-06;0700;null;924,4;1021,5;924,4;924;-3,5;17;16,5;12,3;17;16,3;12,3;12,1;12,7;77;74;76;143;4;1,7;
2024-06-06;0800;null;924,6;1021,8;924,6;924,4;-3;17;16,4;12,3;16,9;16,3;12,3;12,2;12,6;77;74;76;144;4;1,1;
2024-06-06;0900;null;924,4;1021,7;924,7;924,4;-3,5;17;16;11,9;17;16;12,4;11,9;12,6;78;74;77;129;3,9;1,6;
2024-06-06;1000;null;925,3;1022,9;925,3;924,4;12,7;17;15,5;12;16,5;15,4;12,2;11,9;12,6;80;75;80;143;5,3;1,8;
2024-06-06;1100;null;925,7;1022,6;925,8;925,3;415,9;17;17,6;12,5;17,6;15,4;12,7;12;13,4;80;72;72;134;4;1,7;
2024-06-06;1200;null;926,5;1022,6;926,5;925,7;1117,2;19;20;12,8;20;17,6;13,1;12,5;13,8;73;63;63;123;5,6;2;
2024-06-06;1300;null;926,8;1022,3;926,9;926,5;1755,7;22;22;12,9;22,2;20;13,6;12,7;13,9;64;56;56;136;5,3;1,8;
2024-06-06;1400;null;926,3;1020,7;926,9;926,3;2229,4;25;25;13,1;25,1;22;13,7;12,4;13,8;57;46;48;54;5,5;2,6;
2024-06-06;1500;null;925,5;1019,6;926,4;925,4;2484,9;27;25,8;11,5;26,6;24,3;13,4;10,8;13,8;49;40;41;84;6,5;2,1;
2024-06-06;1600;null;924,4;1018,1;925,5;924,4;2510,7;28;26,5;9,6;27,3;25,2;11,3;8,3;13,7;41;32;34;67;5,7;2;
2024-06-06;1700;null;923,8;1017,5;924,4;923,8;2618,4;29;26,3;8,8;27;25,5;10,2;8,7;13,7;37;33;33;179;4,6;1,7;
2024-06-06;1800;null;923,6;1017,2;923,8;923,6;1969;30;26,6;8,7;27,5;25,9;10;8,2;13,7;35;31;32;357;3,9;1,9;
2024-06-06;1900;null;923,6;1018,1;923,8;923,6;900,1;29;23,8;10,5;27,3;23,8;10,7;7,8;13;43;30;43;45;4,2;1;
2024-06-06;2000;null;923,9;1018,7;924;923,6;388,3;27;23,1;11;24,1;22,8;12,5;10,1;13;51;42;47;143;2;,7;
2024-06-06;2100;null;924;1020;924,1;923,9;46,2;24;19,7;11,8;23,1;19,2;12,3;10,9;12,8;62;47;60;155;2,2;,6;
2024-06-06;2200;null;924,4;1021,4;924,4;924;-3,5;21;16,8;12,3;19,8;16,8;12,5;11,5;12,8;75;59;75;142;2,4;1,3;
2024-06-06;2300;null;925;1022,6;925;924,4;-3,5;18;15,4;11,7;16,9;15,4;12,3;11,6;12,8;79;74;79;148;2,8;1,7;
2024-06-07;0000;null;925,4;1023,2;925,4;925;-3,5;17;14,8;11,3;15,4;14,6;11,7;11,3;12,8;81;79;80;152;2,6;1,9;
2024-06-07;0100;null;925,6;1023,5;925,6;925,4;-3,5;16;14,5;11,2;14,9;13,9;11,3;10,9;12,8;83;79;80;146;2,6;2;
2024-06-07;0200;null;925,7;1023,9;925,7;925,6;-3,5;15;13,8;10,7;14,9;13,8;11,2;10,6;12,7;81;78;81;145;3;1,9;
2024-06-07;0300;null;925,6;1023,7;925,7;925,6;-3,5;15;14,1;10,7;14,3;13,6;11,1;10,6;12,7;83;80;80;151;2,8;2,1;
2024-06-07;0400;null;925,4;1023,7;925,6;925,4;-3,5;15;13,5;10,5;14,1;13,3;10,7;10,3;12,7;82;80;82;154;3;2;
2024-06-07;0500;null;925,3;1023,8;925,4;925,2;-3,5;14;12,8;10,1;13,5;12,8;10,4;10,1;12,7;83;81;83;149;3,3;1,9;
2024-06-07;0600;null;925;1023,4;925,3;925;-3,5;14;13,1;10,1;13,2;12,7;10,2;10;12,7;84;82;82;154;3,3;2;
2024-06-07;0700;null;924,9;1023,5;925;924,9;-3,5;13;12,5;10;13,1;12,4;10,1;9,9;12,6;86;82;84;149;3,3;2;
2024-06-07;0800;null;925;1023,7;925;924,9;-3,5;13;12,3;10,3;12,5;11,9;11,2;9,8;12,6;94;84;88;149;3,1;2,3;
2024-06-07;0900;null;925,3;1023,8;925,3;925;-3,5;13;12,8;10,6;12,8;12,2;10,8;10;12,6;90;85;87;150;3,1;2;
2024-06-07;1000;null;925,8;1023,7;925,8;925,2;11,2;14;14,6;10,5;14,9;12,8;10,7;10,3;12,6;87;76;76;149;3,2;1,9;
2024-06-07;1100;null;926,4;1023,7;926,4;925,8;413,5;15;16,6;11,4;16,6;14,6;11,4;10,4;13,5;76;71;71;148;3,9;2,1;
2024-06-07;1200;null;927,4;1023,6;927,4;926,4;1124,8;18;20,1;11,8;20,1;16,6;12,4;11,4;13,9;72;58;59;118;4,7;2,2;
2024-06-07;1300;null;927,7;1023,1;927,8;927,4;1762,1;21;22,5;12,2;22,7;20;12,6;11,4;13,9;59;51;52;129;4,7;2,1;
2024-06-07;1400;null;927,2;1021,8;927,7;927,2;2227,4;24;24,8;11;25,2;22,5;12,7;11;13,8;52;42;42;76;5,5;2,4;
2024-06-07;1500;null;926,5;1020,6;927,2;926,5;2486,1;27;26,1;10,3;26,3;24,4;12,3;10;13,8;44;36;37;116;5,5;1,9;
2024-06-07;1600;null;926;1019,9;926,6;926;2559,3;28;26,4;9,2;27;25,5;10,5;8,1;13,6;38;33;34;160;4,2;1,5;
2024-06-07;1700;null;925;1018,4;926;925;2417;29;27,6;10;27,6;25,7;10,2;8,8;13,7;35;33;33;159;4,7;1,2;
2024-06-07;1800;null;924,7;1018,5;925;924,7;1964,3;30;26,4;9,4;27,8;26,1;10,5;9;13,7;35;33;34;117;4,2;1,7;
2024-06-07;1900;null;924,7;1018,4;924,7;924,6;1046,1;29;26,5;8,9;27,2;25,6;9,9;8,8;13,3;37;33;33;101;3,7;,8;
2024-06-07;2000;null;924,8;1019;924,8;924,5;591,1;29;25,1;12;26,7;24,7;12,4;8,7;13;45;33;44;94;1,9;,4;
2024-06-07;2100;null;924,9;1020,8;924,9;924,8;45,4;25;20,1;11,6;25,2;20,1;12,5;11,6;12,9;58;44;58;134;1,9;,9;
2024-06-07;2200;null;925,1;1022;925,2;924,9;-3,5;21;17,3;12,4;20,3;17,3;12,7;11,5;12,8;73;58;73;148;2,4;1,1;
2024-06-07;2300;null;925,5;1022,9;925,5;925,1;-3,5;19;16;12,1;17,3;15,8;12,5;12,1;12,8;79;73;78;154;3;2;
2024-06-08;0000;null;926,1;1023,7;926,1;925,5;-3,5;17;15,7;11,8;16,5;15,6;12,2;11,5;12,8;79;75;78;142;3,3;1,3;
2024-06-08;0100;null;926,1;1023,8;926,1;925,9;-3,5;17;15,4;11,7;15,8;15,3;11,9;11,6;12,8;79;78;79;149;2,6;1,5;
2024-06-08;0200;null;926,1;1023,9;926,2;926,1;-3,5;16;15,1;11,8;15,5;14,7;11,9;11,5;12,7;82;79;81;134;2,7;1;
2024-06-08;0300;null;926,3;1024,3;926,4;926,1;-3,5;16;14,6;11,4;15,3;14,6;11,8;11,3;12,7;82;79;81;145;2,4;1,6;
2024-06-08;0400;null;925,9;1023,9;926,3;925,9;-3,5;15;14,5;11,1;15,2;14,2;11,6;11;12,7;83;78;80;143;2,4;1,3;
2024-06-08;0500;null;925,6;1023,7;925,9;925,6;-3,5;15;14,2;11;14,6;14,1;11,2;11;12,7;82;80;81;141;2,3;1,6;
2024-06-08;0600;null;925,5;1023,7;925,6;925,4;-3,5;15;13,7;10,8;14,3;13,6;11,1;10,6;12,7;83;81;83;150;2,7;2,1;
2024-06-08;0700;null;925,1;1023,4;925,5;925,1;-3,5;14;13,3;10,9;14;13;11,1;10,5;12,6;86;82;85;159;3,1;1,8;
2024-06-08;0800;null;925,1;1023,5;925,2;925;-3,5;14;13,1;10,5;13,7;13,1;10,9;10,5;12,6;85;83;84;152;3,2;2,1;
2024-06-08;0900;null;925,4;1023,8;925,4;925,1;-3,5;14;13,3;10,5;14,8;12,8;11;10,3;12,6;86;77;84;150;3,4;1,8;
2024-06-08;1000;null;926;1024,1;926;925,4;12;14;14,2;11;14,4;13;11,1;10,1;12,6;85;78;81;146;3,6;2,1;
2024-06-08;1100;null;926,6;1024;926,6;926;394,7;15;16,2;11,6;16,2;13,9;11,6;10,5;13,4;81;74;74;145;3,6;2;
2024-06-08;1200;null;927,3;1023,6;927,3;926,6;1098,6;18;19,7;12,3;19,7;16,2;12,6;11,5;13,9;74;62;62;132;4,4;1,8;
2024-06-08;1300;null;927,5;1022,7;927,5;927,3;1649;21;23,1;12,5;23,1;19,7;13;11,8;13,9;62;51;51;101;4,3;1,5;
2024-06-08;1400;null;927,4;1022,2;927,6;927,4;2256,6;24;24,1;11,7;24,7;22,9;12,9;11,7;13,8;52;45;46;92;5,7;1,7;
2024-06-08;1500;null;926,5;1020,5;927,4;926,5;2475,9;27;26,4;11,9;26,7;24,1;12,7;11,5;13,8;48;40;41;53;5,5;2,2;
2024-06-08;1600;null;925,7;1019,7;926,5;925,7;2495;28;25,9;10,1;26,6;25,3;12,1;9,5;13,7;42;36;37;48;5,6;2;
2024-06-08;1700;null;925;1018,7;925,7;925;2296,1;29;26,8;10,7;27;25,7;11;9,4;13,7;39;35;36;66;5,2;1,8;
2024-06-08;1800;null;924,6;1018,2;925;924,6;1917,6;30;26,9;10,5;27,6;26;11,6;9,4;13,7;38;34;36;42;5,2;2,3;
2024-06-08;1900;null;924,3;1018,1;924,6;924,3;1250,5;30;26,1;11,6;26,9;25,9;11,8;9,6;13,3;42;34;40;81;4,2;1,1;
2024-06-08;2000;null;924,6;1019,3;924,6;924,3;574,1;29;23,6;12,6;26,2;23,6;13,3;11,4;13;52;40;50;165;4,2;,4;
2024-06-08;2100;null;924,8;1020,4;924,8;924,6;32,9;25;21;12,2;23,6;21;12,6;12,1;12,9;57;50;57;148;1,9;1;
2024-06-08;2200;null;925;1021,8;925;924,8;-3,5;21;17,7;12,8;21;17,7;13;12,2;12,8;73;57;73;147;2,7;1,8;
2024-06-08;2300;null;925,1;1022,3;925,1;924,9;-3,5;19;16,4;12,6;17,7;16,4;12,8;12,5;12,8;78;73;78;148;3;1,5;
2024-06-09;0000;null;925,4;1022,5;925,4;925,1;-3,5;18;16,7;12,3;16,9;16;12,7;12,2;12,8;79;75;75;147;3,2;1,7;
2024-06-09;0100;null;925,7;1023,1;925,7;925,4;-3,5;17;16,1;12;16,7;15,6;12,4;11,8;12,8;79;75;77;145;3,2;1,6;
2024-06-09;0200;null;925,5;1022,8;925,7;925,5;-3,5;17;16,2;11,9;16,3;15,8;12,1;11,8;12,7;78;75;76;148;3,3;1,8;
2024-06-09;0300;null;925,3;1022,5;925,5;925,3;-3,5;17;16,5;11,8;17;16,1;12,1;11,8;12,7;76;72;74;148;3,9;1,9;
2024-06-09;0400;null;925,1;1022,5;925,3;925,1;-3,5;17;16;11,8;16,8;16;12;11,7;12,7;76;73;76;148;3,7;2;
2024-06-09;0500;null;924,8;1022,2;925,1;924,8;-3,5;17;15,9;11,8;16,4;15,8;12;11,6;12,7;77;75;76;149;3,7;2,1;
2024-06-09;0600;null;924,3;1021,6;924,8;924,3;-3,5;16;15,9;11,7;16,2;15,4;11,9;11,6;12,7;79;76;76;147;3,5;2;
2024-06-09;0700;null;924,1;1021,7;924,3;924;-3,5;16;15;11,4;15,9;14,9;11,7;11,3;12,6;80;76;79;144;3,5;1,7;
2024-06-09;0800;null;924,2;1022;924,3;924;-3,5;15;14,6;11,5;15;14,4;11,5;11,3;12,6;82;79;81;145;3,4;2,1;
2024-06-09;0900;null;924,6;1022,4;924,6;924,2;-3,5;15;14,5;11,5;14,7;14,1;11,6;11,2;12,6;83;81;82;148;3,4;1,6;
2024-06-09;1000;null;925,2;1023,4;925,2;924,6;9,2;15;13,8;11,5;14,7;13;12,3;10,4;12,6;92;81;86;148;3;1,6;
2024-06-09;1100;null;925,6;1023;925,6;925,2;439,2;15;16;12,1;16;13,3;12,2;10,7;13,4;89;78;78;145;2,8;1,4;
2024-06-09;1200;null;926;1022,2;926;925,6;1117,5;18;19,7;13,3;19,8;16;13,6;12,1;13,9;78;66;66;131;3,9;1,3;
2024-06-09;1300;null;926;1021;926;925,9;1770,9;22;23;12,9;23;19,7;14,1;12,1;13,9;68;52;53;68;5,4;2,1;
2024-06-09;1400;null;925,7;1020,3;926;925,7;2263,8;24;24,3;11,9;24,7;22,8;12,8;11,6;13,8;53;45;46;85;7,2;2,2;
2024-06-09;1500;null;925,2;1019,6;925,7;925,1;2514,1;27;24,8;10,9;26,4;24;12,7;10,9;13,7;48;41;42;43;5,6;3,1;
2024-06-09;1600;null;924,2;1018,1;925,2;924,2;2571,9;28;25,9;8,8;26,4;24,7;12;8,8;13,6;43;34;34;19;5,9;3;
2024-06-09;1700;null;923,3;1016,9;924,2;923,3;2350,7;29;26,6;10,1;27,1;25,6;10,3;8,4;13,7;37;33;35;52;5;1,7;
2024-06-09;1800;null;922,9;1016,2;923,3;922,9;1938,9;30;27,2;9,3;27,5;26,1;10,8;9,3;13,8;36;32;32;80;5;1,3;
2024-06-09;1900;null;922,6;1016;922,9;922,5;1338,8;30;26,9;10,7;27,4;26,3;10,8;9,2;13,3;37;32;36;87;3,7;1;
2024-06-09;2000;null;922,6;1016,7;922,6;922,4;630,5;29;24,8;11,6;26,9;24,8;11,8;10;13;44;35;44;70;3,9;,7;
2024-06-09;2100;null;922,9;1018,5;922,9;922,6;47,6;25;20,4;11,5;24,8;20,3;12,5;11;12,9;57;44;57;146;1,8;1,2;
2024-06-09;2200;null;923,1;1019,8;923,1;922,9;-3,5;21;17,4;12,2;20,3;17,4;12,7;11,5;12,8;72;57;72;144;2,3;2;
2024-06-09;2300;null;923,4;1020,1;923,4;923;-3,5;19;17,4;11,4;17,6;16,2;12,2;11,4;12,8;75;68;68;147;3,2;1,7;
2024-06-10;0000;null;923,6;1020,4;923,6;923,4;-3,5;18;17,2;11,6;17,5;16,7;11,7;11,3;12,8;71;68;70;151;3,1;1,3;
2024-06-10;0100;null;924,1;1020,8;924,2;923,6;-3,5;18;17,5;12;17,5;16,8;12;11,6;12,8;72;69;70;148;4,1;1,7;
2024-06-10;0200;null;924,2;1021,1;924,3;924,1;-3,5;18;17,1;12;17,5;16,6;12,2;11,7;12,8;73;70;72;150;4,1;1,8;
2024-06-10;0300;null;924,1;1021,2;924,2;924,1;-3,5;17;16,3;12;17,3;16,3;12,1;11,9;12,7;76;72;76;155;3,2;1,5;
2024-06-10;0400;null;924;1021,3;924,1;924;-3,5;17;15,8;12;16,6;15,5;12,2;11,7;12,7;79;75;78;144;3,3;1,8;
2024-06-10;0500;null;923,5;1021,5;924;923,5;-3,5;16;13,6;12,5;15,9;13,6;12,5;11,4;12,7;93;78;93;141;3,2;2,3;
2024-06-10;0600;null;923,3;1021,3;923,5;923,2;-3,5;15;13,6;12,6;13,8;13,2;13,2;12,3;12,7;97;92;93;151;3;2,4;
2024-06-10;0700;null;923;1021,2;923,3;923;-3,5;14;13;12,6;14,8;13;13,3;10,9;12,7;98;82;98;148;3,4;2,2;
2024-06-10;0800;null;923,1;1021,4;923,2;923;-3,5;14;12,7;12,5;13,4;12,4;13,1;12,2;12,6;100;96;99;151;3,5;2,5;
2024-06-10;0900;null;923,6;1022,1;923,6;923,1;-3,5;13;12,3;12,3;12,8;12,1;12,8;12,1;12,6;100;99;100;148;3,2;2;
2024-06-10;1000;null;924,3;1023,3;924,3;923,6;9,8;13;11,3;null;12,5;11,1;null;null;12,6;100;100;null;139;2,8;1,3;
2024-06-10;1100;null;925,1;1022,8;925,1;924,3;422,4;13;15,1;12;15,1;11,3;null;null;13,5;null;null;82;146;2,4;,9;
2024-06-10;1200;null;925,8;1022,2;925,8;925,1;1148,8;17;18,9;12,9;18,9;15,1;13,1;11,9;13,9;83;68;68;152;2;1;
2024-06-10;1300;null;925,9;1020,9;925,9;925,8;1804,6;21;23,2;12,6;23,7;18,9;14,1;12,3;13,9;69;49;51;73;4,2;1,8;
2024-06-10;1400;null;925,5;1020;925,9;925,5;2273,9;25;24,3;11,7;25;23;13,4;11,7;13,8;52;45;45;61;4,9;2,4;
2024-06-10;1500;null;924,7;1018,6;925,5;924,7;2514,9;27;26;12,6;26,3;24;13,3;11,1;13,7;48;42;43;43;5,4;2,3;
2024-06-10;1600;null;923,7;1017,3;924,7;923,7;2553,9;28;26,7;11,2;26,8;25,4;12,3;10,6;13,7;43;37;38;340;5,7;2,2;
2024-06-10;1700;null;923;1016,4;923,7;923;2364;29;27,1;7,9;27,3;26;11,6;7,9;13,7;39;30;30;355;4,9;2,3;
2024-06-10;1800;null;922,5;1015,6;923;922,5;1951,9;30;27,8;10,3;27,8;26,5;11;8,4;13,8;36;30;33;106;4,6;1,3;
2024-06-10;1900;null;922,4;1015,9;922,5;922,3;1339,9;30;26,4;9,3;27,8;26,1;10,4;9;13,3;37;32;34;137;3,8;1,6;
2024-06-10;2000;null;922,4;1016,6;922,4;922,2;627,1;28;24,3;10,2;26,5;24,3;10,2;8,7;13;41;33;41;139;4;1;
2024-06-10;2100;null;922,7;1018,1;922,7;922,4;49,6;25;20,8;10,8;24,3;20,8;10,9;9,8;12,9;53;40;53;144;2,6;1,2;
2024-06-10;2200;null;923,1;1019,8;923,1;922,7;-3,5;21;17,3;11,4;20,8;17,3;11,9;10,7;12,8;69;53;69;146;2,7;1,3;
2024-06-10;2300;null;923,5;1020,9;923,5;923,1;-3,5;18;15,3;11,2;17,3;15,3;11,7;11,1;12,8;76;69;76;150;2,1;1,5;
2024-06-11;0000;null;924,2;1022,3;924,2;923,5;-3,5;16;13,6;10,5;15,4;13,6;11,2;10,5;12,8;82;76;82;143;2,3;1,5;
2024-06-11;0100;null;924,4;1022,8;924,4;924,2;-3,5;15;13;9,9;13,7;13;10,6;9,7;12,8;82;79;81;155;2,8;2,3;
2024-06-11;0200;null;924,6;1022,8;924,6;924,4;-3,5;14;13,4;10,4;13,4;12,8;10,4;9,9;12,7;83;81;82;161;3,3;2,3;
2024-06-11;0300;null;924,6;1022,8;924,8;924,5;-3,5;14;13,5;10,6;14,2;13,4;10,9;10,2;12,7;83;79;83;150;3,3;2,1;
2024-06-11;0400;null;924,4;1022,2;924,6;924,4;-3,5;14;14,5;11,6;14,5;13,3;11,7;10,6;12,7;86;82;83;152;3,1;2,6;
2024-06-11;0500;null;924,2;1022,5;924,4;924,2;-3,5;14;13,2;11,2;14,5;13,2;12;11;12,7;90;82;88;153;3;1,8;
2024-06-11;0600;null;924,1;1022,3;924,2;924;-3,5;14;13,4;11;15,2;13,2;12,8;10,6;12,7;96;79;86;150;3,7;2,2;
2024-06-11;0700;null;923,9;1022,2;924,1;923,8;-3,5;14;13,1;12,6;14,3;12,9;12,6;10,8;12,6;97;83;97;156;3,4;1,9;
2024-06-11;0800;null;924,1;1022,7;924,1;923,8;-3,5;13;12,3;12,2;13,1;12,2;12,7;12,1;12,6;100;95;100;159;3,4;1,8;
2024-06-11;0900;null;924,4;1023;924,4;924,1;-3,5;13;12,2;12,2;12,6;12,1;12,6;12,1;12,6;100;100;100;150;3,5;2,2;
2024-06-11;1000;null;924,8;1023,4;924,8;924,4;10,7;13;12,4;12,4;13,9;12;13,7;10,8;12,6;100;85;100;152;3,7;2,6;
2024-06-11;1100;null;925,4;1022,8;925,4;924,8;396,8;14;16,1;12,4;16,1;12,5;13,3;12;13,5;100;79;79;153;3,8;2,3;
2024-06-11;1200;null;925,8;1021,6;925,8;925,4;1143,3;18;20,7;13,9;20,7;16,1;13,9;12,5;13,9;79;64;65;137;3,8;1,8;
2024-06-11;1300;null;926;1021;926;925,7;1797,2;22;23,2;13,5;23,2;20,7;14,1;13,1;13,9;65;54;55;141;4,1;2;
2024-06-11;1400;null;925,9;1020,4;926,1;925,9;2259,8;25;24,5;12,6;25;23,2;13,8;12,5;13,8;55;47;47;143;4,3;2,5;
2024-06-11;1500;null;925,3;1019,2;925,9;925,3;2509;27;26,3;11,1;26,4;24,5;13;10,7;13,8;48;38;39;145;4,3;2,1;
2024-06-11;1600;null;924,5;1018,1;925,3;924,5;2546,1;28;26,8;9,5;28;26,1;11,8;9,5;13,7;40;34;34;129;4,7;2,1;
2024-06-11;1700;null;923,7;1017;924,5;923,7;2333,2;29;27,6;8,2;28,2;26,8;10,5;7,9;13,7;35;29;29;127;4,7;1,9;
2024-06-11;1800;null;923,4;1016,6;923,7;923,3;1959,4;30;27,6;8,4;28,3;27,2;9,3;7,4;13,8;31;27;30;118;4,6;1,5;
2024-06-11;1900;null;923,4;1016,7;923,4;923,3;1351,3;30;27,4;6,7;28,7;27,3;8,7;5,8;13,3;31;25;27;123;3,4;1,2;
2024-06-11;2000;null;923,8;1017,8;923,8;923,4;628,8;30;25,3;10,2;27,6;25,3;10,8;6,8;13;39;27;39;69;2,6;,4;
2024-06-11;2100;null;923,9;1019,3;923,9;923,7;42,8;26;21,2;9,7;25,3;21;10,3;9,6;12,9;48;37;48;144;2;1,3;
2024-06-11;2200;null;924,2;1021;924,2;923,9;-3,5;21;17,2;11,2;21,2;17,2;11,7;9,5;12,8;68;48;68;145;2,8;1,9;
2024-06-11;2300;null;924,2;1021,5;924,4;924,2;-3,5;18;15,8;10,9;17,2;15,8;11,5;10,8;12,8;74;68;73;138;3,1;1,3;
2024-06-12;0000;null;924,4;1021,5;924,4;924,2;-3,5;17;16,5;11,2;17,4;15,5;11,6;10,8;12,8;75;67;71;151;3,5;2,3;
2024-06-12;0100;null;924,7;1022,1;924,7;924,4;-3,5;17;15,7;10,6;17,3;15,6;11,1;10,3;12,8;72;65;72;132;3,4;1,2;
2024-06-12;0200;null;924,5;1022;924,7;924,4;-3,5;16;15,3;9,9;16;14,9;10,7;9,8;12,7;72;68;70;149;3;2,1;
2024-06-12;0300;null;924,3;1021,8;924,5;924,3;-3,5;16;15,3;10,1;16,9;14,4;10,1;9,4;12,7;73;63;71;152;4;1,8;
2024-06-12;0400;null;924,4;1021,7;924,4;924,2;-3,5;16;16;9,9;16,1;15;10,1;9,7;12,7;71;67;67;150;4;2,1;
2024-06-12;0500;null;924;1021,3;924,4;924;-3,5;16;15,8;9,7;16,1;15,5;9,9;9,6;12,7;68;66;67;150;3,7;1,8;
2024-06-12;0600;null;923,5;1020,7;924;923,5;-3,5;16;16;9,4;16,2;15,3;9,8;9,3;12,7;68;65;65;151;3,5;2,1;
2024-06-12;0700;null;923,4;1020,6;923,5;923,4;-3,5;16;16;9,1;16,4;15,6;9,4;9,1;12,6;65;63;64;148;4;2;
2024-06-12;0800;null;923,5;1021;923,5;923,3;-3,5;16;15,2;9,4;16;15,2;9,5;9;12,6;68;63;68;138;4,2;1,8;
2024-06-12;0900;null;923,8;1021,4;923,8;923,5;-3,5;15;14,8;9,9;15,5;14,8;9,9;9,4;12,6;72;68;72;147;4,2;2;
2024-06-12;1000;null;924,4;1022;924,4;923,8;7,7;15;15;10,2;15,2;14,7;10,2;10;12,6;74;72;73;142;4,4;2,3;
2024-06-12;1100;null;925,1;1022,2;925,1;924,4;410,4;16;16,7;10,7;16,7;14,9;10,8;10,1;13,4;73;68;68;129;4,5;1,8;
2024-06-12;1200;null;926;1022,2;926,1;925,1;1145;19;19,6;10,9;19,6;16,7;11,6;10,8;13,8;68;57;57;123;4,9;2;
2024-06-12;1300;null;926,2;1021,4;926,2;926;1795;22;22,7;11,2;23,1;19,6;12,1;10,8;13,9;58;48;48;71;6,6;2,5;
2024-06-12;1400;null;925,9;1020,7;926,3;925,9;2270,2;24;23,7;11,2;24,4;22,3;12,1;10,6;13,8;49;44;45;63;6,6;2,8;
2024-06-12;1500;null;925;1019,1;925,8;925;2532,8;26;25,4;10,7;25,6;23,6;11,7;9,8;13,8;46;38;40;67;7,3;2,4;
2024-06-12;1600;null;923,9;1017,5;925;923,9;2564,9;28;26,7;8,7;27,1;25;10,7;8,5;13,6;40;31;32;62;6,5;2,6;
2024-06-12;1700;null;923,3;1016,7;923,9;923,2;2361,8;29;27;9,5;27,3;26,2;9,8;8,1;13,7;34;30;33;59;7,5;2,8;
2024-06-12;1800;null;922,9;1016,4;923,3;922,9;1943,7;30;26,8;7,8;27,7;26,5;9,5;7,5;13,7;33;29;30;51;6,5;3;
2024-06-12;1900;null;922,8;1016,3;922,9;922,7;1351,2;30;26,5;8,5;27,5;26,3;9,5;7,7;13,3;34;29;32;76;6;1,5;
2024-06-12;2000;null;922,9;1017,1;923;922,8;621,8;29;24,5;9,5;26,5;24,5;10,1;8,1;13;39;31;39;41;3,9;,6;
2024-06-12;2100;null;923,3;1019,1;923,3;922,9;49;25;19,8;9,5;24,6;19,8;10,1;9,3;12,9;52;39;52;128;1,9;1,1;
2024-06-12;2200;null;923,7;1020,7;923,7;923,3;-3,5;20;16,5;10,3;19,8;16,5;10,8;9,6;12,8;67;52;67;145;2,6;1,6;
2024-06-12;2300;null;923,9;1021,6;924;923,7;-3,5;18;14,8;10,1;16,5;14,8;10,4;10;12,8;73;67;73;146;3,2;2,7;
2024-06-13;0000;null;924,2;1021,6;924,2;923,9;-3,5;16;15,7;9,5;15,8;14,5;10,1;9,5;12,8;74;67;67;150;3,6;2,4;
2024-06-13;0100;null;924,5;1022,3;924,5;924,1;-3,5;16;14,5;9,4;15,7;14,4;9,6;9,2;12,7;72;66;72;150;4;2,5;
2024-06-13;0200;null;924,4;1021,7;924,6;924,3;-3,5;16;15,9;9,2;16,2;14,1;9,6;9,2;12,7;73;64;65;146;3,8;2,3;
2024-06-13;0300;null;924,1;1022,4;924,5;924,1;-3,5;15;13,1;8,8;15,9;13,1;9,3;8,8;12,7;75;65;75;141;3,7;2,3;
2024-06-13;0400;null;923,7;1022,5;924,1;923,7;-3,5;14;11,7;8,9;13,1;11,5;9,4;8,5;12,7;83;75;83;144;3,6;2,8;
2024-06-13;0500;null;923,8;1022,9;923,8;923,6;-3,5;13;10,7;8,7;11,9;10,6;8,9;8,3;12,6;88;82;88;147;3,5;2,2;
2024-06-13;0600;null;923,7;1023,2;923,8;923,7;-3,5;11;9,8;9,4;10,7;9,8;9,8;8,3;12,6;98;88;97;154;2,8;1,6;
2024-06-13;0700;null;923,6;1023,3;923,7;923,6;-3,5;11;9,2;9,1;10;9,2;9,8;9,1;12,6;100;97;100;159;2,6;1,5;
2024-06-13;0800;null;923,5;1023;923,6;923,5;-3,5;10;9,5;9,5;9,5;8,8;9,5;8,8;12,5;100;99;100;144;2,7;1,4;
2024-06-13;0900;null;923,6;1022,3;923,8;923,4;-3,5;10;11,8;8,7;11,9;8,5;10,8;8,5;12,5;100;81;81;153;4;2,1;
2024-06-13;1000;null;924,6;1023,7;924,6;923,6;6,9;11;11,1;8,4;13;11;9,1;8,1;12,6;83;77;83;129;3,7;1,4;
2024-06-13;1100;null;925,2;1023,2;925,2;924,6;407,7;12;14,2;10,5;14,2;11,1;10,5;8,3;13,5;84;78;79;148;3;1,1;
2024-06-13;1200;null;925,6;1021,9;925,6;925,2;1146,1;16;19,1;11,6;19,1;14,2;11,9;10,2;13,9;78;62;62;64;5,5;1,5;
2024-06-13;1300;null;925,7;1021,2;925,8;925,5;1816,1;20;21,5;11,1;21,5;19,1;11,8;10,5;13,9;62;51;52;67;6,8;2,2;
2024-06-13;1400;null;925,6;1020,6;925,8;925,6;2289;23;23,1;10,2;23,5;21,2;11,4;9,8;13,9;52;42;44;79;5,8;2,1;
2024-06-13;1500;null;924,9;1019,3;925,6;924,9;2541,1;25;24,5;9,7;24,8;22,8;10,7;8,6;13,8;45;36;39;57;6,4;2,6;
2024-06-13;1600;null;923,9;1017,9;924,9;923,8;2579,1;26;25,4;8,5;25,6;24,2;9,6;7,3;13,9;39;32;34;49;8,7;2,9;
2024-06-13;1700;null;923,2;1016,8;923,9;923,2;2366,7;28;26,6;8,6;26,7;25,3;8,9;7,3;13,7;35;31;32;31;6,8;3,2;
2024-06-13;1800;null;922,4;1015,9;923,2;922,4;1942,5;29;26,4;8,3;26,9;25,7;8,9;7,5;13,7;33;31;32;58;7,1;2,3;
2024-06-13;1900;null;922,1;1015,7;922,4;922,1;1339,4;29;26,1;8,1;26,8;25,9;8,8;7,7;13,3;33;31;32;64;5,3;1,9;
2024-06-13;2000;null;922,2;1016,6;922,2;922,1;628,7;28;23,6;10,2;26,1;23,6;10,2;7,7;13,1;43;32;43;184;4,4;,6;
2024-06-13;2100;null;922,3;1018,1;922,4;922,2;51,3;24;19,5;9,7;23,7;19,3;10,8;9,5;12,9;56;41;53;91;2,2;,7;
2024-06-13;2200;null;922,8;1019,4;922,8;922,3;-3,5;20;17,6;10,1;19,5;17,4;10,7;9,6;12,8;63;53;62;137;3,2;1,3;
2024-06-13;2300;null;923,3;1020,5;923,3;922,8;-3,5;18;15,9;9,4;17,6;15,9;10,3;9,2;12,8;66;62;65;140;3,2;2;
2024-06-14;0000;null;923,8;1021,1;923,8;923,3;-3,5;17;15,7;9;16,3;15,4;9,4;8,8;12,8;66;62;65;140;3,8;2;
2024-06-14;0100;null;924,2;1021,6;924,2;923,8;-3,5;17;15,6;9;16,3;15,6;9,1;8,8;12,8;65;61;65;127;3,7;1,5;
2024-06-14;0200;null;924,3;1021,9;924,3;924,2;-3,5;16;15,1;9,1;16,1;15,1;9,2;9;12,8;68;63;68;141;3,9;1,8;
2024-06-14;0300;null;924,3;1022;924,3;924,1;-3,5;16;14,7;9,2;15,3;14,6;9,2;9;12,7;70;67;69;139;3,2;1,9;
2024-06-14;0400;null;924,3;1022;924,3;924,2;-3,5;15;14,7;9,1;15,1;14,3;9,3;9;12,7;70;68;69;141;3,5;2;
2024-06-14;0500;null;924,3;1022,6;924,4;924,3;-3,5;15;13;8,6;14,8;13;9,2;8,6;12,7;75;69;75;138;3,6;2,6;
2024-06-14;0600;null;923,9;1022,2;924,3;923,9;-3,5;14;12,9;9;13,6;12,1;9,2;8,4;12,7;80;74;77;141;3,6;2,3;
2024-06-14;0700;null;923,9;1022,2;923,9;923,7;-3,5;13;13;8,5;14,2;12;9,1;8,4;12,7;79;71;74;139;3,6;2,4;
2024-06-14;0800;null;924,4;1022,5;924,4;923,9;-3,5;14;13,8;8,9;14,1;12,9;8,9;8,6;12,7;75;71;72;140;4,3;2,3;
2024-06-14;0900;null;924,8;1023;924,8;924,4;-3,5;13;13,6;8,7;13,9;12,4;8,9;8,3;12,6;77;71;72;128;4;1,6;
2024-06-14;1000;null;925,3;1023,8;925,3;924,8;7,8;13;12,8;8,6;14,2;12,8;8,9;8,4;12,7;76;70;76;162;4,7;1;
2024-06-14;1100;null;926;1022,8;926;925,3;401,4;14;17,8;9,9;17,8;12,8;10,3;8,7;13,5;76;60;60;71;5;1,6;
2024-06-14;1200;null;926,5;1022,3;926,5;926;1134,5;18;20,8;10,8;20,8;17,9;10,9;10;13,8;60;51;53;70;5,2;1,7;
2024-06-14;1300;null;926,4;1021,7;926,6;926,4;1785,7;22;22,4;10,5;22,6;20,6;10,8;9,5;13,9;52;45;47;51;5,1;2;
2024-06-14;1400;null;925,6;1020,2;926,4;925,6;2260,5;24;24,2;11,2;24,2;22,2;11,2;9,8;13,9;47;43;44;59;5;1,8;
2024-06-14;1500;null;924,8;1018,9;925,6;924,7;2535,7;26;25,4;10,4;25,6;24,2;11,2;9,5;13,8;44;38;39;50;8,4;4,1;
2024-06-14;1600;null;923,8;1017,8;924,8;923,8;2547;27;25,4;10,2;26;24,5;11;9,7;13,8;41;37;38;33;8,7;3,8;
2024-06-14;1700;null;922,8;1016,4;923,8;922,8;2333;28;26,2;10,4;27,1;25,2;11,3;9,4;13,8;40;35;37;51;8,3;2,9;
2024-06-14;1800;null;922,3;1015,8;922,8;922,3;1927,5;29;26,5;9,6;27,1;25,9;11,2;9;13,7;38;33;35;46;8,3;3,8;
2024-06-14;1900;null;922,1;1015,7;922,3;922;1285,4;29;26,2;10,2;27;26,1;10,4;9,4;13,4;37;34;37;39;8;3;
2024-06-14;2000;null;922,3;1016,4;922,3;922,1;642,9;28;24,7;10,4;26,2;24,7;10,6;9,9;13;41;36;41;35;6,8;3;
2024-06-14;2100;null;922,7;1018,6;922,7;922,3;56,7;25;19,4;12,7;24,7;19,4;12,7;10,5;12,9;65;41;65;208;4,5;,6;
2024-06-14;2200;null;923,4;1019,3;923,4;922,7;-3,5;21;19,8;13;20,2;18,9;13,4;12,7;12,8;68;63;65;138;2,5;1;
2024-06-14;2300;null;924;1020,5;924;923,4;-3,5;20;18;12,9;19,8;17,9;13,1;12,6;12,8;72;65;72;131;2,7;1,1;
2024-06-15;0000;null;924,3;1021,1;924,3;924;-3,5;19;17,4;12,8;18,1;16,8;13;12,5;12,8;76;72;75;126;2,4;,6;
2024-06-15;0100;null;924,7;1021,3;924,7;924,3;-3,5;18;18;12,5;18,1;16,9;12,8;12,2;12,8;75;70;70;138;2,6;1,8;
2024-06-15;0200;null;924,7;1021,9;924,7;924,7;-3,5;18;16,2;12,2;18,2;15,9;12,5;12;12,8;78;69;77;127;2,9;1,3;
2024-06-15;0300;null;924,7;1022,5;924,7;924,6;-3,5;17;14,6;12;16,9;14,5;12,4;11,7;12,7;84;74;84;135;3,3;1,6;
2024-06-15;0400;null;924,5;1021,9;924,7;924,5;-3,5;16;15,7;12;16;14,6;12,4;11,9;12,7;84;78;79;137;2,8;1,8;
2024-06-15;0500;null;924,7;1022,4;924,7;924,5;-3,5;16;14,8;11,9;16,2;14,6;12,2;11,6;12,7;82;77;82;140;3,9;2,1;
2024-06-15;0600;null;924,7;1021,9;924,7;924,7;-3,5;16;16,4;12,1;16,5;14,8;12,3;11,8;12,7;82;76;76;135;3,4;1,6;
2024-06-15;0700;null;924,9;1022,1;924,9;924,7;-3,5;16;16,5;12,1;16,8;16,3;12,3;12;12,7;76;74;75;132;4;1,3;
2024-06-15;0800;null;925,1;1022,4;925,1;924,9;-3,5;17;16,2;12,2;16,6;16;12,3;12;12,6;78;75;77;140;4,3;2;
2024-06-15;0900;null;925,4;1022,9;925,4;925,1;-3,5;16;15,8;12,2;16,2;15,7;12,3;12;12,6;79;77;79;145;4,3;2;
2024-06-15;1000;null;926,1;1023,6;926,1;925,4;6,5;16;15,8;12,2;15,9;15,6;12,3;12,1;12,6;80;79;79;144;4;2,2;
2024-06-15;1100;null;926,8;1023,9;926,8;926,1;386,9;17;17,3;12,4;17,3;15,7;12,5;12,1;13,4;79;73;73;134;5,1;2,3;
2024-06-15;1200;null;927,5;1023,8;927,5;926,8;1107,1;19;19,7;13;19,7;17,3;13,2;12,5;13,8;73;65;65;132;5,1;1,8;
2024-06-15;1300;null;927,7;1023,2;927,8;927,5;1748;22;22,1;12,8;22,5;19,7;13,3;12,5;13,9;65;55;56;108;5,9;2;
2024-06-15;1400;null;927,1;1021,9;927,7;927,1;2209,7;24;24;13,4;24,2;22;13,7;12,6;13,9;56;50;52;110;5,8;1,9;
2024-06-15;1500;null;926,2;1020,1;927,1;926,2;2459,1;27;26,4;12,4;26,5;23,4;13,8;12,3;13,7;52;42;42;49;5,9;2,8;
2024-06-15;1600;null;925,1;1018,8;926,2;925,1;2429,8;28;26,8;12,1;27,2;25,7;13,3;11,2;13,7;44;39;40;63;5,9;2,1;
2024-06-15;1700;null;924,4;1018,2;925,1;924,4;1835,3;29;26,1;11,3;27,3;25,5;12,3;11,1;13,2;43;38;40;139;4,8;2;
2024-06-15;1800;null;924;1017,5;924,4;924;1622,5;29;26,9;11,8;27,4;25,8;12,4;11;13,7;42;37;39;139;3,8;1;
2024-06-15;1900;null;923,8;1017,8;924;923,8;1105,3;29;25,5;12,7;27,1;25,5;12,7;11,1;13;45;37;45;118;3,6;1;
2024-06-15;2000;null;923,7;1018,1;923,8;923,6;436,3;28;24,1;13,9;25,7;24,1;14,1;12,6;13;54;45;53;181;2,2;,5;
2024-06-15;2100;null;923,8;1019,1;923,8;923,7;48,1;25;21,6;13;24;21,4;14,3;12,5;12,9;58;53;58;144;2,3;1,4;
2024-06-15;2200;null;924;1020,4;924;923,8;-3,5;22;18,5;13,4;21,6;18,5;13,7;12,8;12,8;72;58;72;143;2,2;1,3;
2024-06-15;2300;null;924,4;1021,3;924,4;924;-3,5;20;17,1;12,9;18,6;17,1;13,4;12,9;12,8;77;72;76;136;2,2;1,1;
2024-06-16;0000;null;924,6;1021,9;924,6;924,4;-3,5;18;16,1;12,4;17,1;15,5;12,8;12,2;12,8;82;76;79;152;3,1;2,2;
2024-06-16;0100;null;924,9;1022,2;924,9;924,6;-3,5;17;16;12,1;16,2;15,4;12,4;12,1;12,8;81;78;78;144;3,3;1,5;
2024-06-16;0200;null;924,8;1022,1;924,9;924,8;-3,5;17;16,1;12;16,3;15,7;12,3;11,9;12,7;78;77;77;146;3,1;1,6;
2024-06-16;0300;null;924,8;1022;924,9;924,7;-3,5;17;16,5;12,3;16,9;15,8;12,6;11,9;12,7;78;75;76;145;4,1;1,5;
2024-06-16;0400;null;924,7;1021,8;924,8;924,7;-3,5;17;16,6;12,2;17,5;16,5;12,6;12,1;12,7;76;72;76;156;3;1,3;
2024-06-16;0500;null;924,5;1022,3;924,7;924,5;-3,5;16;14,6;11,7;16,6;14,6;12,5;11,7;12,7;84;76;83;155;2,8;2,1;
2024-06-16;0600;null;924,1;1021,4;924,5;924,1;-3,5;16;16;12;16,4;14,4;12,6;11,7;12,7;85;77;77;148;3;1,9;
2024-06-16;0700;null;923,9;1021,3;924,1;923,9;-3,5;16;15,5;11,8;16,1;15,4;12,2;11,7;12,7;79;77;79;156;3,4;1,9;
2024-06-16;0800;null;923,7;1021,1;923,9;923,7;-3,5;16;15,5;11,7;15,7;15,4;12;11,7;12,6;79;78;78;155;3,4;1,7;
2024-06-16;0900;null;923,8;1021,2;923,8;923,7;-3,5;16;15,5;11,4;15,8;15,4;11,9;11,4;12,6;78;77;77;150;3,4;1,6;
2024-06-16;1000;null;924,5;1022,1;924,5;923,8;7,5;15;15,1;11,2;15,6;14,9;11,5;11,1;12,6;78;76;78;147;3;1,8;
2024-06-16;1100;null;925;1021,9;925;924,5;386,5;16;17,3;12,1;17,3;15,1;12,1;11,2;13,4;78;72;72;142;3,5;1,8;
2024-06-16;1200;null;925,5;1021,5;925,5;925;1105;19;19,9;12,9;19,9;17,3;12,9;12,1;13,8;72;63;64;144;3,7;1,5;
2024-06-16;1300;null;925,5;1020,3;925,6;925,5;1748,5;22;23,4;12,3;23,6;20;13,4;12,3;13,9;64;49;50;77;4,3;1,7;
2024-06-16;1400;null;925;1019,2;925,5;924,9;2223,1;25;25,3;11,2;26;22,6;12,9;10,4;13,8;53;40;41;67;6,4;2,6;
2024-06-16;1500;null;924,3;1018,3;925;924,3;2491,4;27;25,7;10;26,1;24,9;11,3;9,4;13,8;41;36;37;51;7;3;
2024-06-16;1600;null;923,3;1017,2;924,3;923,3;2533,7;28;25,6;8,5;27;25,1;11,1;8,5;13,8;39;34;34;35;6,4;3;
2024-06-16;1700;null;922,3;1015,9;923,3;922,3;2355,4;29;26,3;8,2;27,1;25,2;9,9;7,9;13,8;36;31;32;33;5,6;1,9;
2024-06-16;1800;null;921,9;1015,3;922,3;921,9;1947,1;30;26,8;8,9;27,5;26,3;9,6;7,4;13,7;34;29;33;78;6;2;
2024-06-16;1900;null;921,5;1015;921,9;921,4;1357,8;30;26,2;8,8;27,2;26;9,6;7,4;13,4;34;30;33;43;5,6;2,4;
2024-06-16;2000;null;921,6;1015,7;921,6;921,4;645,1;29;24,5;9,4;26,2;24,5;9,4;8,1;13;38;33;38;60;4,8;1,1;
2024-06-16;2100;null;922;1017,5;922;921,6;54,9;25;20,5;11;24,5;20,4;11;9,3;12,9;54;38;54;133;3,2;,9;
2024-06-16;2200;null;922,2;1018,7;922,2;922;-3,5;21;17,7;10,6;20,5;17,7;11,2;10,6;12,8;64;54;63;128;2,2;1;
2024-06-16;2300;null;922,4;1018,8;922,4;922,2;-3,5;19;18;10,1;18,5;16,5;10,7;10,1;12,8;68;59;60;141;3,2;1,7;
2024-06-17;0000;null;922,4;1019,3;922,5;922,3;-3,5;18;16,6;10,5;18,2;16,6;10,7;10;12,8;67;60;67;135;2,7;,9;
2024-06-17;0100;null;922,5;1019,4;922,6;922,4;-3,5;17;16,4;11,1;18;16,4;11,3;10,5;12,8;71;65;71;153;2,8;,7;
2024-06-17;0200;null;922,6;1019,5;922,6;922,5;-3,5;17;16,6;11,2;17,3;15,7;11,7;10,9;12,7;74;68;70;136;2,9;1,5;
2024-06-17;0300;null;922,5;1019,5;922,7;922,5;-3,5;17;16,3;11,5;17;16,1;11,5;11,2;12,7;73;70;73;130;3,2;1,4;
2024-06-17;0400;null;922,5;1019,8;922,5;922,4;-3,5;16;15,5;11,4;16,5;15,5;11,7;11,1;12,7;77;72;77;137;3,2;1,4;
2024-06-17;0500;null;922,2;1020,1;922,5;922,2;-3,5;15;13,5;11,1;15,5;13,5;11,6;10,8;12,7;86;77;86;140;3,1;2,3;
2024-06-17;0600;null;922;1020,5;922,3;922;-3,5;14;11,8;11,7;13,5;11,8;12,4;10,9;12,7;100;85;99;158;3;1,4;
2024-06-17;0700;null;921,7;1020,4;922;921,7;-3,5;13;11,3;null;12;11,3;null;null;12,6;null;null;null;143;3,4;2,8;
2024-06-17;0800;null;921,9;1020,8;921,9;921,7;-3,5;12;10,7;null;11,3;10,7;null;null;12,6;null;null;null;147;3,6;2,4;
2024-06-17;0900;null;922,5;1021,6;922,5;921,9;-3,5;12;10,3;null;11;10,3;null;null;12,6;null;null;null;155;3,3;1;
2024-06-17;1000;null;923;1022,5;923;922,5;8,1;11;9,6;null;10,3;9,6;null;null;12,6;null;null;null;168;2;1;
2024-06-17;1100;null;923,7;1022,2;923,7;923;393,7;12;12,5;12,3;12,5;9,6;null;null;13,5;null;null;99;149;2,4;1,3;
2024-06-17;1200;null;924;1020,6;924;923,6;1122;15;17,8;12,1;17,9;12,5;12,8;10,6;14;99;69;69;145;1,9;,8;
2024-06-17;1300;null;924;1019,1;924,2;924;1771,7;20;22,1;11,4;22,6;17,9;12,6;10,6;13,9;70;49;51;147;3;1,2;
2024-06-17;1400;null;923,6;1018,1;924;923,6;2211,1;24;23,9;10,7;24,5;21,8;12;9,8;13,9;52;42;44;95;4;1,6;
2024-06-17;1500;null;922,9;1017;923,6;922,9;2500,5;26;24,8;7,8;25,4;23,6;11,1;7,2;13,8;44;32;34;346;6,7;3;
2024-06-17;1600;null;921,9;1015,8;922,9;921,9;2511,1;27;25;8,4;26,3;24,6;9,4;7,5;13,8;36;33;35;216;6,7;1,4;
2024-06-17;1700;null;920,8;1014,4;921,9;920,8;2317,2;28;25,6;8,8;26,6;24,8;9,6;8,2;13,8;37;33;35;147;5;1,9;
2024-06-17;1800;null;920,3;1013,6;920,8;920,3;1907,2;29;26,4;9,6;26,8;25,3;9,7;8,4;13,7;37;33;35;88;4,1;1,8;
2024-06-17;1900;null;920,1;1013,8;920,3;920,1;1320,2;29;25,2;9,5;26,7;25,1;9,8;8,2;13,4;38;32;37;138;4,3;1,9;
2024-06-17;2000;null;920,3;1014,5;920,3;920;619,4;28;23,7;9,9;25,4;23,6;10,3;8,7;13;42;36;42;74;4,3;,5;
2024-06-17;2100;null;920,6;1016;920,6;920,3;50,8;24;20,2;8,8;23,7;20,1;9,7;8,2;12,9;48;40;48;144;2,9;,8;
2024-06-17;2200;null;920,7;1017,4;920,7;920,5;-3,5;20;16,6;10;20,2;16,6;10,2;8,7;12,8;65;48;65;145;2,4;1,5;
2024-06-17;2300;null;921,2;1018,6;921,2;920,7;-3,5;17;14,6;9,5;16,6;14,6;10,1;9,5;12,8;71;65;71;136;2,7;1,5;
2024-06-18;0000;null;921,7;1019,2;921,7;921,2;-3,5;16;14,5;8,7;14,6;13,5;9,5;8,7;12,8;75;68;68;149;3,2;2;
2024-06-18;0100;null;921,6;1018,8;921,8;921,6;-3,5;16;15,3;9,1;15,9;14,2;9,1;8,5;12,8;69;63;66;140;3,6;1;
2024-06-18;0200;null;921,6;1018,7;921,7;921,6;-3,5;16;15,8;9,8;16;15;9,8;8,9;12,7;69;66;68;130;2,5;1,2;
2024-06-18;0300;null;921,3;1018,4;921,6;921,3;-3,5;16;15,5;10,1;15,8;15;10,1;9,6;12,7;71;68;70;135;2,3;1,5;
2024-06-18;0400;null;921,3;1019,4;921,4;921,3;-3,5;15;12,7;9,6;15,5;12,7;10,1;9,4;12,7;81;70;81;133;3,1;1,6;
2024-06-18;0500;null;921,3;1020;921,3;921,3;-3,5;14;11,2;9,8;12,7;11,2;10;9,1;12,7;91;81;91;145;3,6;2,2;
2024-06-18;0600;null;921;1019,9;921,3;921;-3,5;12;10,6;10,5;11,7;10,6;11,3;9,7;12,7;99;89;99;147;3,9;2,5;
2024-06-18;0700;null;920,9;1020;921,1;920,9;-3,5;12;10;null;10,9;9,5;10,9;9,5;12,6;100;99;null;151;3,4;2;
2024-06-18;0800;null;921,1;1020,2;921,1;920,9;-3,5;11;9,9;9,9;10,1;9,7;null;null;12,6;null;null;100;147;3,5;2,4;
2024-06-18;0900;null;921,5;1020,8;921,5;921,1;-3,5;11;9,6;null;10;9,5;null;null;12,6;null;null;null;152;3,1;1,9;
2024-06-18;1000;null;922,1;1021,7;922,1;921,5;8,9;10;9;null;9,6;8,9;null;null;12,6;null;null;null;163;2,4;,9;
2024-06-18;1100;null;923;1021,2;923;922,1;395,5;11;13,1;10,4;13,1;8,9;null;null;13,6;null;null;84;176;1,5;,3;
2024-06-18;1200;null;923,5;1020,4;923,5;923;1127,8;15;16,9;11,3;16,9;12,9;11,4;9,9;14;84;69;70;153;2,3;1,4;
2024-06-18;1300;null;923,6;1018,9;923,7;923,5;1781,2;19;21,6;10,7;21,7;16,9;11,7;10,2;13,9;70;49;50;117;3,4;1,5;
2024-06-18;1400;null;923,3;1017,7;923,6;923,3;2247,8;23;24,2;8,2;24,4;21,6;10,6;7,9;13,9;50;36;36;21;6,8;3,7;
2024-06-18;1500;null;922,4;1016,3;923,3;922,4;2521,6;26;25,4;7,3;25,9;23,9;8,8;6,4;13,8;37;30;32;17;6,6;2,6;
2024-06-18;1600;null;921,4;1015;922,4;921,4;2543,1;27;26;7,5;26,2;24,7;7,9;5,8;13,8;33;29;31;24;5,6;2;
2024-06-18;1700;null;920,6;1014,1;921,4;920,6;2339,7;28;26;6,9;26,6;25,2;7,9;6,1;13,7;31;28;30;105;4,5;1,6;
2024-06-18;1800;null;920;1013,1;920,6;920;1931,9;29;27,1;6,8;27,1;25,7;8,3;6,2;13,7;32;28;28;333;4,5;1,6;
2024-06-18;1900;null;919,9;1013,5;920;919,8;1327;29;25,4;7,4;27,2;25,3;8,4;6,8;13,3;32;27;32;119;4,3;1,6;
2024-06-18;2000;null;920,1;1014,4;920,1;919,9;619,7;28;23,4;8,8;25,8;23,4;9;7,3;13;40;31;39;128;3,8;1;
2024-06-18;2100;null;920,4;1015,8;920,4;920,1;55,6;24;20,1;8,8;23,4;20,1;9,2;8,5;12,9;48;39;48;154;2,5;1,5;
2024-06-18;2200;null;920,8;1017,3;920,8;920,4;-3,5;21;17,1;9,7;20,1;17,1;9,8;8,8;12,8;62;48;62;148;2,3;1,5;
2024-06-18;2300;null;921,5;1018,9;921,5;920,8;-3,5;18;14,7;9,4;17,1;14,6;9,7;9,4;12,8;71;62;71;153;2,6;1,7;
2024-06-19;0000;null;921,9;1019,8;921,9;921,5;-3,5;16;13,6;9,2;14,8;13,6;9,5;9,1;12,8;75;70;75;154;3,4;1,8;
2024-06-19;0100;null;922,3;1020;922,3;921,9;-3,5;15;14,3;9,4;14,5;13,6;9,5;9,2;12,8;75;71;72;145;3,5;2;
2024-06-19;0200;null;922,3;1020;922,4;922,3;-3,5;15;14,3;9,5;14,5;13,8;9,7;9,3;12,7;75;72;73;148;3,5;2,1;
2024-06-19;0300;null;922,2;1019,6;922,3;922,2;-3,5;15;15;9,6;15,1;14,3;9,8;9,4;12,7;73;70;70;150;3,1;1,6;
2024-06-19;0400;null;922,2;1019,7;922,3;922,1;-3,5;15;14,8;9,6;15,4;13,9;9,8;9,2;12,7;74;69;71;150;3,4;1,8;
2024-06-19;0500;null;922,1;1019,8;922,3;922,1;-3,5;15;14,1;9,4;14,8;13,9;9,6;9,1;12,7;73;71;73;154;3;2,1;
2024-06-19;0600;null;921,8;1019,4;922,1;921,8;-3,5;15;14,4;9,3;14,7;13,7;9,5;9,1;12,7;74;71;72;147;3,7;2,3;
2024-06-19;0700;null;921,9;1019,4;921,9;921,8;-3,5;15;14,7;9,3;15,2;14,4;9,5;9,2;12,7;72;69;70;147;3,7;2,2;
2024-06-19;0800;null;922;1019,6;922;921,8;-3,5;15;14,3;9,2;14,7;13,9;9,3;9;12,6;72;70;71;148;3,7;2,3;
2024-06-19;0900;null;922,3;1020,1;922,3;922;-3,5;14;13,8;9;14,7;13,3;9,4;8,8;12,6;75;70;73;146;4,2;2,4;
2024-06-19;1000;null;923;1020,6;923;922,3;6,3;14;14,7;9,4;14,9;13,8;9,5;9,1;12,6;74;70;71;145;4,8;2,2;
2024-06-19;1100;null;923,6;1020,8;923,6;923;389,6;15;16,1;10,3;16,1;14,4;10,3;9,2;13,5;71;68;68;127;3,8;2,2;
2024-06-19;1200;null;924,3;1019,9;924,3;923,6;1131,6;18;20,7;11,6;20,8;16,1;12,3;10,2;13,9;68;55;56;87;3,5;1,5;
2024-06-19;1300;null;924,5;1019,6;924,5;924,3;1788,1;22;22,4;11,2;22,6;20,7;12,2;10,7;13,9;57;48;49;127;4,5;1,9;
2024-06-19;1400;null;924,4;1018,4;924,6;924,4;2258,8;25;25,5;7,2;25,7;22,2;11,2;6,6;13,8;49;31;31;11;8;4,6;
2024-06-19;1500;null;923,8;1017,5;924,4;923,8;2524,5;27;26,2;7,3;27;24,9;8,1;6,2;13,8;32;28;30;13;8;3,3;
2024-06-19;1600;null;922,7;1016;923,8;922,7;2538,8;29;27,3;6,6;27,4;25,5;8,1;6,2;13,7;30;27;27;3;6,3;2,3;
2024-06-19;1700;null;921,7;1014,8;922,7;921,7;2335,4;30;27,6;6,5;28;26,3;7,4;6,1;13,6;28;26;26;111;4,5;1,1;
2024-06-19;1800;null;921;1013,9;921,7;921;1944,8;31;27,9;5,4;28,9;27,2;6,9;4,6;13,5;27;23;24;212;4,1;1,5;
2024-06-19;1900;null;921;1014,2;921;920,9;1343,1;30;27;7;28,2;26,9;7,7;5,3;13,4;29;23;28;120;3,3;1,1;
2024-06-19;2000;null;921,3;1015,4;921,3;921;629,1;29;24,5;8,1;27,5;24,5;8,6;7,1;13;36;28;35;157;2,7;,7;
2024-06-19;2100;null;921,8;1016,9;921,8;921,3;58,9;25;21,5;7,3;24,6;21,5;8,5;7,1;12,9;40;33;40;142;3;1,8;
2024-06-19;2200;null;922,3;1018,9;922,3;921,8;-3,5;22;17,4;8,9;21,6;17,3;9;7,3;12,8;58;40;58;139;3;1,7;
2024-06-19;2300;null;922,8;1020;922,8;922,3;-3,5;18;15,7;8,5;17,4;15,4;9;8,5;12,8;65;58;62;138;2,6;2;
2024-06-20;0000;null;923,2;1021,5;923,2;922,8;-3,5;16;12,7;8,1;15,8;12,6;8,5;7,9;12,8;73;61;73;123;2,9;1,4;
2024-06-20;0100;null;923,6;1021,8;923,6;923,2;-3,5;15;13,1;7,7;15,4;12,3;8,7;7,5;12,8;75;61;70;142;3,2;2,2;
2024-06-20;0200;null;923,7;1021,8;923,7;923,6;-3,5;15;13,5;7,4;14,2;12,6;7,9;7,4;12,7;72;65;67;136;3,7;1,8;
2024-06-20;0300;null;923,5;1021,8;923,7;923,5;-3,5;14;13;7,5;13,5;12,2;7,6;7,3;12,7;73;67;69;144;3;1,7;
2024-06-20;0400;null;923,2;1021,4;923,5;923,2;-3,5;14;13;7,9;13,3;12,7;8;7,4;12,7;72;69;71;150;3,3;2,4;
2024-06-20;0500;null;923,2;1021,4;923,4;923,2;-3,5;14;13;8,4;13,5;12,8;8,4;7,9;12,7;74;71;74;150;3,3;1,9;
2024-06-20;0600;null;923,1;1021,3;923,2;923,1;-3,5;14;13,1;8,7;13,3;13;8,8;8,4;12,7;75;73;75;144;3;2;
2024-06-20;0700;null;923,1;1021,4;923,1;923;-3,5;13;12,9;8,9;13,6;12,7;9;8,5;12,6;77;73;77;149;2,7;2;
2024-06-20;0800;null;923;1021,3;923,1;923;-3,5;13;12,7;8,9;13;12,6;9,1;8,8;12,6;78;76;77;143;3;2;
2024-06-20;0900;null;923,3;1021,6;923,3;923;-3,5;13;12,8;8,7;13;12,5;9;8,7;12,6;78;76;76;147;3;2,5;
2024-06-20;1000;null;923,9;1021,9;923,9;923,3;7,5;13;13,8;8,6;14,1;12,3;8,9;8,4;12,6;78;70;71;153;3,5;2,4;
2024-06-20;1100;null;924,6;1021,7;924,6;923,8;372,9;15;16,5;9,5;16,5;13,8;9,6;8,4;13,5;71;61;63;157;4,1;2,1;
2024-06-20;1200;null;925;1020,9;925;924,6;1100,6;18;20,1;10,2;20,2;16,5;10,6;9,4;13,9;63;53;53;134;3,8;1,7;
2024-06-20;1300;null;925,3;1020,3;925,3;925;1752;22;23;9,4;23,1;20,1;10,6;8,9;13,9;54;41;42;141;4,2;1,9;
2024-06-20;1400;null;925;1019,1;925,3;925;2230,9;25;25,4;8,4;25,8;23;9,7;8;13,8;42;34;34;88;4,6;1,8;
2024-06-20;1500;null;924,1;1017,7;925;924,1;2498,7;27;26,8;8,1;26,8;25,2;8,7;6,7;13,7;34;30;31;72;5,5;2,1;
2024-06-20;1600;null;923,2;1017;924,2;923,2;2535,8;28;26;7,1;26,9;25,3;8,2;6,3;13,7;32;27;30;116;6,3;1,7;
2024-06-20;1700;null;922,2;1015,6;923,2;922,2;2358,4;29;26,7;5,3;27,3;25,8;7,6;4,7;13,8;30;25;26;55;6,3;2,4;
2024-06-20;1800;null;921,4;1014,5;922,2;921,4;1950,3;30;27,3;6,8;27,7;26,3;7,2;5;13,7;29;25;27;51;6;1,7;
2024-06-20;1900;null;921,4;1014,8;921,5;921,4;1355,1;30;26,4;5,9;27,5;26,3;6,9;4,7;13,4;28;24;27;43;3,9;2;
2024-06-20;2000;null;921,7;1015,5;921,7;921,3;638,3;29;25,3;8,3;26,7;25;8,5;5,6;13;35;26;34;186;3,8;,3;
2024-06-20;2100;null;921,8;1017,6;921,8;921,7;58,2;25;19,5;8,7;25,3;19,5;9,3;6,9;12,9;50;34;50;132;2;1,1;
2024-06-20;2200;null;922,3;1019,2;922,3;921,8;-3,5;20;16,5;9,8;19,5;16,3;9,8;8,8;12,8;64;50;64;143;2,7;1,7;
2024-06-20;2300;null;922,9;1020,5;922,9;922,3;-3,5;18;14,7;9,7;16,5;14,4;10,1;9,2;12,8;73;65;72;151;3;1,8;
2024-06-21;0000;null;923,5;1021,6;923,5;922,9;-3,5;16;13,5;9,2;15,3;13,5;9,7;9;12,8;75;68;75;146;2,7;1,7;
2024-06-21;0100;null;923,9;1021,8;924;923,5;-3,5;15;14;8,9;14,5;12,8;9,3;8,9;12,8;78;70;71;141;2,3;1,6;
2024-06-21;0200;null;924,1;1022,2;924,2;923,9;-3,5;14;13,5;8,8;14,5;13,1;8,9;8,5;12,7;74;68;73;143;3;2,3;
2024-06-21;0300;null;924;1022,4;924,2;923,9;-3,5;14;12,8;8,8;13,5;11,9;9;8,2;12,7;80;73;77;145;3;1,5;
2024-06-21;0400;null;923,7;1022,5;924;923,7;-3,5;13;11,6;8,3;12,8;11,6;9;8;12,7;81;76;80;158;2,9;1,8;
2024-06-21;0500;null;923,4;1022,1;923,7;923,3;-3,5;13;11,8;8,6;12,4;11;8,9;8;12,7;83;79;81;136;3,3;2,2;
2024-06-21;0600;null;922,6;1021,5;923,4;922,6;-3,5;12;11,1;8,4;12;11;8,7;8,1;12,7;84;80;84;148;3,4;2,7;
2024-06-21;0700;null;922;1021;922,6;922;-3,5;12;10,5;9,3;11,5;9,8;9,6;7,5;12,6;95;82;92;151;3,3;2,5;
2024-06-21;0800;null;921,9;1020,7;922,1;921,8;-3,5;11;11,1;8,4;11,1;9,7;9,6;8;12,6;97;84;84;153;3,3;2,3;
2024-06-21;0900;null;922,4;1021,6;922,4;921,9;-3,5;11;10,1;8,4;11,1;9,9;9,5;7,7;12,6;96;82;89;146;3,4;2,4;
2024-06-21;1000;null;922,7;1021,8;922,7;922,4;7,1;11;10,5;8,4;10,5;9,6;9,9;8;12,6;98;87;87;143;3,6;2,5;
2024-06-21;1100;null;923,6;1021,7;923,6;922,7;362,2;12;13,5;9,1;13,5;10,1;9,1;7,8;13,5;88;75;75;138;3,6;1,6;
2024-06-21;1200;null;924;1020,3;924;923,6;1087,7;15;18,8;11,2;18,8;13,5;11,3;9,1;13,9;75;60;61;null;3,2;null;
2024-06-21;1300;null;924,4;1019,7;924,4;924;1746,1;20;21,8;11,1;21,8;18,8;11,6;10,5;13,9;62;50;51;57;6,7;2,7;
2024-06-21;1400;null;923,8;1018,3;924,4;923,8;2220,1;23;23,9;10,4;24,1;21,2;11,4;9,9;13,9;51;43;43;55;7,3;2,9;
2024-06-21;1500;null;923,1;1017,3;923,8;923,1;2480,6;25;24,5;9,3;25,1;23,3;10,7;9,1;13,8;44;37;38;39;7,3;4,2;
2024-06-21;1600;null;922,1;1016;923,1;922,1;2492,9;27;25,1;9,2;25,8;24,1;10,3;8,3;13,8;40;34;37;51;7,4;2,5;
2024-06-21;1700;null;921,1;1014,8;922,1;921,1;2308,9;28;25,6;9,2;26,4;24,9;10,1;8,8;13,8;38;34;36;64;6,7;2,2;
2024-06-21;1800;null;920,8;1014,4;921,1;920,8;1904;29;25,6;8,4;26,6;25,3;10,2;8,2;13,8;38;33;34;50;5,5;2,2;
2024-06-21;1900;null;920,5;1014;920,8;920,4;1326,3;29;25,8;9;26,6;25,5;9,7;8,2;13,4;35;32;35;57;6;1,9;
2024-06-21;2000;null;920,9;1015,3;920,9;920,4;623,5;28;23,4;10,2;25,9;23,4;10,3;8,5;13;43;34;43;129;3,7;1;
2024-06-21;2100;null;921,4;1017,1;921,4;920,9;59,6;24;19,7;10,1;23,4;19,1;11,1;9,6;12,9;57;43;54;144;2,5;,6;
2024-06-21;2200;null;921,8;1018,1;921,8;921,4;-3,5;20;18,1;10,3;19,9;17,9;10,5;9,6;12,8;61;53;61;114;2;,8;
2024-06-21;2300;null;922,1;1018,7;922,1;921,8;-3,5;18;17,2;10,2;18,1;16,3;10,4;9,9;12,8;68;60;63;143;2,9;1,1;
2024-06-22;0000;null;922,9;1020,1;922,9;922,1;-3,5;17;15,7;9,9;17,2;15,7;10,2;9,9;12,8;68;63;68;151;2,9;2,1;
2024-06-22;0100;null;923,2;1020,3;923,2;922,9;-3,5;17;16,1;9,8;16,4;14,9;10,2;9,7;12,8;73;65;66;151;3,3;1,9;
2024-06-22;0200;null;923,2;1020,7;923,3;923,2;-3,5;16;15;9,5;16,5;15;9,8;9,4;12,8;70;64;70;148;3,6;2,2;
2024-06-22;0300;null;923;1020,2;923,2;923;-3,5;16;15,8;9,4;16,1;14,9;9,8;9,4;12,7;70;65;66;148;3,6;2;
2024-06-22;0400;null;922,8;1020;923;922,8;-3,5;16;15,8;9,3;15,9;15,5;9,5;9,3;12,7;67;65;65;152;3,5;2,2;
2024-06-22;0500;null;922,7;1020;922,8;922,5;-3,2;17;15,4;9,1;16,7;15,4;9,3;9;12,7;66;61;66;131;3,6;1,9;
2024-06-22;0600;null;922,3;1018,8;922,7;922,3;-1,8;17;17,5;9,5;17,5;14,7;9,6;9,1;12,7;70;59;59;122;4,6;1,3;
2024-06-22;0700;null;922;1018,8;922,3;922;-3;17;16,8;9,6;17,9;16,7;9,9;9,3;12,7;64;58;62;116;4,2;1;
2024-06-22;0800;null;921,9;1019,3;922,1;921,9;-3,5;16;14,8;10;17,4;14,8;10,1;9,5;12,6;73;61;73;134;4,1;1,4;
2024-06-22;0900;null;922;1019,1;922,1;921,9;-3,5;16;15,8;11;15,9;14,5;11,2;10;12,6;76;70;73;108;4,9;2;
2024-06-22;1000;null;922,7;1019,8;922,7;922;5,1;16;15,9;11,1;16,4;15,5;11,3;10,7;12,6;74;71;73;141;4,8;2,2;
2024-06-22;1100;null;923,3;1019,9;923,3;922,7;364,2;17;17,5;11,5;17,5;15,7;11,5;11;13,4;74;68;68;126;5,3;2,4;
2024-06-22;1200;null;924;1019,9;924;923,3;1086,5;19;19,9;12,6;19,9;17,5;12,6;11,6;13,8;68;62;63;125;5,5;2,3;
2024-06-22;1300;null;924,2;1019;924,3;924;1721,8;22;23,1;12,6;23,3;19,9;13,3;12,3;13,9;63;50;52;105;5,5;2;
2024-06-22;1400;null;923,7;1017,7;924,2;923,7;2176;25;25,5;12,2;25,5;22,9;13;10,9;13,8;52;43;44;77;6,3;2,1;
2024-06-22;1500;null;922,7;1016,5;923,7;922,7;2436,7;27;25,7;9,9;26,3;24,9;12,3;9,5;13,8;44;35;37;40;7,9;4,2;
2024-06-22;1600;null;921,8;1015,1;922,7;921,8;2411;28;26,9;9,4;27,1;25,7;10,8;8,3;13,2;38;32;33;42;8,5;3,8;
2024-06-22;1700;null;920,8;1013,8;921,8;920,8;2001,2;29;27,6;8,9;28,2;25,7;10,1;8,2;13,3;36;31;31;18;7,6;3,6;
2024-06-22;1800;null;920,5;1014;920,8;920,4;1482,1;29;25,8;9,2;27,9;25,3;10,2;8,4;13,1;36;31;35;25;8,3;4,2;
2024-06-22;1900;null;920,4;1014;920,5;920,3;664,3;28;25,6;10;26,2;24,5;10,8;9,2;13,8;40;35;37;38;7,1;3,3;
2024-06-22;2000;null;920,8;1015,1;920,8;920,4;510,9;27;23,6;10,3;25,9;23,6;10,5;9;13;43;35;43;44;6;2;
2024-06-22;2100;null;921;1016,4;921;920,8;46,3;24;20,3;10,8;23,6;20,2;11,3;10,2;12,9;55;43;55;153;4;,8;
2024-06-22;2200;null;921,4;1016,9;921,4;921;-3,5;22;20,2;11,3;20,7;19,6;11,5;10,6;12,8;59;54;57;144;3,5;1,6;
2024-06-22;2300;null;921,7;1017,9;921,7;921,4;-3,5;21;18,3;11,7;20,2;18,3;11,7;11,2;12,8;65;56;65;141;3,3;1,5;
2024-06-23;0000;null;922;1018,3;922,1;921,7;-3,5;20;18,2;11,9;19,3;18;12;11,6;12,8;67;63;67;143;3,5;2,1;
2024-06-23;0100;null;922,1;1018,3;922,2;922,1;-3,5;19;18,5;12;18,7;18;12,2;11,8;12,8;67;66;66;148;3,5;2;
2024-06-23;0200;null;922;1018,3;922,1;922;-3,5;19;18,2;12,1;18,5;17,6;12,1;11,9;12,8;70;66;67;150;3,4;2,1;
2024-06-23;0300;null;922;1018,8;922,1;922;-3,5;19;16,7;11,3;18,7;16,7;12,1;11,3;12,7;70;65;70;151;3,5;2,1;
2024-06-23;0400;null;922;1019,3;922,1;921,9;-3,5;18;15,2;11,3;17,4;15,2;11,8;11,1;12,7;77;69;77;148;3,1;2,2;
2024-06-23;0500;null;921,5;1018,2;922;921,5;-3,5;17;16,9;11,6;16,9;15;11,7;11,3;12,7;79;71;71;154;3;2;
2024-06-23;0600;null;921,1;1017,9;921,5;921,1;-3,5;17;16,4;11,5;17,1;15,5;11,6;11;12,7;75;70;73;150;3,5;2,6;
2024-06-23;0700;null;920,7;1018,1;921,1;920,7;-3,5;16;14,6;10,9;16,7;14,5;11,5;10,9;12,7;81;71;79;144;3,5;2,3;
2024-06-23;0800;null;920,7;1017,7;920,9;920,7;-3,5;16;15,8;11,1;15,8;14,4;11,4;10,7;12,6;80;74;74;145;3,9;2,6;
2024-06-23;0900;null;921,1;1018;921,1;920,6;-3,5;16;16;11,2;16,4;15,1;11,3;10,7;12,6;76;71;73;151;4,1;1,9;
2024-06-23;1000;null;921,8;1019,7;921,8;921,1;6,8;15;13,4;10,8;16,1;13,4;11,2;10,6;12,6;84;72;84;148;3;1,7;
2024-06-23;1100;null;922,7;1019,7;922,7;921,8;360,3;15;16,3;11,8;16,3;13,4;11,8;10,8;13,4;84;75;75;153;3,1;2;
2024-06-23;1200;null;923,2;1018,8;923,2;922,7;1064,1;19;20,6;12,4;20,9;16,3;12,8;11,8;13,8;75;58;60;134;3,7;1,7;
2024-06-23;1300;null;923,4;1018;923,5;923,2;1693,4;22;23,6;11,9;23,6;20,6;12,9;11,5;13,9;60;48;48;120;4,6;1,8;
2024-06-23;1400;null;923;1016,6;923,4;923;2149,2;26;26,4;10,8;26,8;23,2;12,5;10,5;13,7;49;37;38;53;6,3;2,3;
2024-06-23;1500;null;922,3;1015,6;923;922,3;2363,5;28;27,2;9,2;27,6;25,7;11,4;9,1;13,8;39;32;32;17;6,5;2,7;
2024-06-23;1600;null;921,3;1014,4;922,3;921,3;2369,8;30;27,4;9,1;28,3;26,1;10,2;8,5;13,5;34;31;32;260;4,9;1;
2024-06-23;1700;null;920,7;1013,8;921,3;920,7;1606,8;30;27,1;9,1;27,7;26,6;9,9;8,7;13,3;33;31;32;354;5,5;1,6;
2024-06-23;1800;null;920,5;1013,7;920,7;920,5;1072,7;30;26,7;9,2;28,2;26,6;10,2;8,6;13,1;34;31;33;53;5,3;1,2;
2024-06-23;1900;null;920,4;1014;920,5;920,4;572,5;29;25,7;11,3;26,8;25,7;11,6;9,1;13;41;33;41;164;2,1;,8;
2024-06-23;2000;null;920,6;1014,7;920,7;920,4;267,6;27;24,2;11,7;25,7;24,2;12,4;10,5;13;46;39;46;82;2,1;,7;
2024-06-23;2100;null;920,9;1015,8;920,9;920,6;26;24;21,7;12,6;24,2;21,1;13,3;11,6;12,8;61;46;56;137;2,6;1;
2024-06-23;2200;null;921,2;1017,4;921,2;920,8;-3,5;21;18,2;12,7;21,7;18,2;13,3;12,3;12,8;71;56;71;140;2,3;1,6;
2024-06-23;2300;null;921,6;1018,4;921,6;921,1;-3,5;19;16,5;12;18,2;16,2;12,7;12;12,8;76;71;75;148;2,6;1,8;
2024-06-24;0000;null;922,1;1019,4;922,1;921,6;-3,5;18;15,4;11,4;16,5;15,4;12;11,4;12,8;78;73;77;150;3;1,9;
2024-06-24;0100;null;922,3;1019,5;922,4;922,1;-3,4;17;15,5;11,3;15,5;14,9;11,4;11,1;12,8;79;76;76;149;3,3;2,3;
2024-06-24;0200;null;922,4;1019,4;922,4;922,3;-1,5;17;16,3;11,3;16,9;15,5;11,7;10,9;12,7;76;70;73;151;3;2,1;
2024-06-24;0300;null;922,4;1019,1;922,4;922,3;-2,8;17;17,1;11,3;17,8;16,1;11,8;11,3;12,7;73;67;69;146;3,2;1,4;
2024-06-24;0400;null;922;1019,2;922,4;922;-3,5;17;15,6;11,7;17,1;14,9;11,9;11,2;12,7;80;69;78;142;2,6;2;
2024-06-24;0500;null;921,7;1019,3;922;921,7;-3,5;16;14,4;11,5;15,6;14,2;11,8;11,2;12,7;83;78;83;146;3,1;2,4;
2024-06-24;0600;null;921,6;1019,4;921,7;921,6;-3,5;15;13,7;10,9;14,4;13,7;11,6;10,9;12,7;85;82;83;144;3,3;1,5;
2024-06-24;0700;null;921,4;1019,5;921,6;921,4;-3,5;14;12,8;12,3;13,7;12,7;12,5;10,7;12,6;97;83;97;144;2,8;1,5;
2024-06-24;0800;null;921,3;1019,7;921,4;921,3;-3,5;13;12,1;12,1;12,8;11,9;12,5;11,8;12,6;100;96;100;157;2,2;1,6;
2024-06-24;0900;null;921,4;1019,8;921,4;921,2;-3,5;13;12;12;12,4;11,7;12,4;11,7;12,6;100;100;100;149;3,1;2,2;
2024-06-24;1000;null;922;1020,5;922;921,4;7,7;13;12;12;12,2;11,9;12,1;11,9;12,6;100;100;100;149;3,2;2,4;
2024-06-24;1100;null;922,5;1020,1;922,5;922;346,6;13;14,6;11,8;14,6;12;12,6;11,5;13,4;100;84;84;149;3;1,7;
2024-06-24;1200;null;923;1018,7;923;922,5;1041;17;20,1;13;20,1;14,6;13;11,7;13,9;84;63;64;152;3,2;1,8;
2024-06-24;1300;null;923,2;1017,8;923,2;923;1677,8;22;23,4;12,2;24;20,1;13,4;12,1;13,9;64;47;49;120;3,8;1,9;
2024-06-24;1400;null;922,8;1016,6;923,2;922,8;2150,7;25;25,7;11,1;26,6;23,4;13;11;13,7;51;39;40;92;4,2;2;
2024-06-24;1500;null;922;1015,1;922,8;922;2227;27;27,6;9,3;28,2;25,5;12;9,1;13,8;42;31;32;46;4,5;2,4;
2024-06-24;1600;null;921,1;1014,1;922;921,1;2572,9;30;27,8;8,4;29,2;27,1;9,9;8,2;13,5;33;29;30;288;6,1;2,8;
2024-06-24;1700;null;920,6;1013,1;921,1;920,6;2333,6;31;29,1;8;29,6;27,8;9,2;7,6;13,6;30;27;27;338;6,2;2,5;
2024-06-24;1800;null;920;1012,7;920,6;920;1670,4;31;28,3;8,9;29,7;27,3;8,9;7,6;13,6;30;26;30;325;6,4;2,6;
2024-06-24;1900;null;919,8;1012,5;920;919,8;1274,8;31;28,2;8,3;29;28;9,2;8,2;13,3;30;27;29;1;5,3;1,3;
2024-06-24;2000;null;920,2;1013,3;920,2;919,8;604,2;30;27;9,2;28,5;27;9,4;8,2;13;33;28;33;336;null;1,2;
2024-06-24;2100;null;920,7;1015,7;920,7;920,2;59,6;27;21,5;10,1;27;21,3;10,1;8,5;12,9;48;33;48;31;2,2;,5;
2024-06-24;2200;null;921,1;1017;921,1;920,7;-3,5;22;18,9;11,6;21,7;18,9;11,7;9,9;12,8;63;48;63;161;1,5;1;
2024-06-24;2300;null;921,7;1018,5;921,8;921,1;-3,5;20;16,5;11,8;18,9;16,4;11,9;11,5;12,8;74;63;74;147;2,4;1,4;
2024-06-25;0000;null;922,2;1019,5;922,2;921,7;-3,5;18;15,4;11,3;16,5;15,4;11,8;11;12,8;76;73;76;127;2,4;,6;
2024-06-25;0100;null;922,4;1020;922,4;922,2;-3,5;17;14,4;11,1;15,4;14,2;11,4;10,9;12,8;81;76;81;161;2,4;1,7;
2024-06-25;0200;null;922,3;1020,2;922,4;922,3;-3,5;16;13,7;10,8;14,5;13,7;11,2;10,7;12,8;82;80;82;155;2,4;1,3;
2024-06-25;0300;null;922,4;1020,5;922,5;922,3;-3,5;15;13,2;11,2;13,9;12,7;12;10,5;12,7;94;82;88;155;2,7;1,3;
2024-06-25;0400;null;922,3;1020,4;922,4;922,2;-3,5;14;13;10,5;13,6;12,8;11,1;10,3;12,7;88;83;85;158;2,9;1,6;
2024-06-25;0500;null;922,1;1020,4;922,3;922;-3,5;14;12,5;10,6;13;12,1;12,1;10,3;12,7;99;85;88;155;2,6;1,3;
2024-06-25;0600;null;922;1020,5;922,1;922;-3,5;13;12;11,8;12,6;11,9;12,3;10,3;12,7;99;88;99;156;2,4;1,8;
2024-06-25;0700;null;921,8;1020,3;922;921,8;-3,5;13;11,9;11,7;12,3;11,9;12,2;11,6;12,7;100;97;98;147;2,9;2;
2024-06-25;0800;null;921,8;1020,1;921,9;921,8;-3,5;13;12,3;11,8;12,3;11,9;12,1;11,5;12,6;99;96;97;142;2,8;2,1;
2024-06-25;0900;null;922,1;1020,6;922,1;921,7;-3,5;13;11,9;11,9;12,3;11,7;12;11,6;12,6;100;96;100;159;2,8;1,9;
2024-06-25;1000;null;922,5;1020,9;922,5;922,1;7,1;13;12,4;11,3;12,4;11,8;12,1;11,2;12,6;100;93;93;150;3,5;2,5;
2024-06-25;1100;null;923,1;1020,4;923,1;922,5;338,2;14;15,6;11,2;15,6;12,2;11,9;10,7;13,4;97;75;75;148;3,8;1,9;
2024-06-25;1200;null;923,7;1019,3;923,7;923,1;1029,6;18;20,6;12,4;20,6;15,6;12,6;11,2;13,9;76;59;59;145;3,9;1,9;
2024-06-25;1300;null;923,9;1018,3;924;923,7;1655,4;22;24,4;12,1;24,4;20,6;12,8;12;13,9;60;46;46;143;3,7;1,3;
2024-06-25;1400;null;923,7;1017,3;924;923,6;2120,2;26;26,5;10,7;26,9;24,3;12,5;10,7;13,7;47;37;37;139;4;1,7;
2024-06-25;1500;null;923,1;1016,2;923,7;923,1;2384,4;28;28,1;9,5;28,3;26,2;11,5;9,2;13,6;39;31;31;145;4;1,6;
2024-06-25;1600;null;922;1014,9;923;922;2410,8;30;28,3;9,9;29,2;27,8;10,6;9,3;13,5;33;30;32;139;4,3;1,6;
2024-06-25;1700;null;921,2;1013,7;922;921,2;2228,2;31;29,2;9,4;30,2;28,2;10,3;9,3;13,6;32;29;29;299;4;2,3;
2024-06-25;1800;null;920,8;1013,2;921,2;920,8;1872,9;32;29,5;10,2;30,5;29,1;10,4;9,3;13,5;30;28;30;3;5,9;1,7;
2024-06-25;1900;null;920,9;1013,3;920,9;920,8;1311,6;33;29,5;10,5;30,6;29,3;10,7;9,7;13,2;31;28;31;47;4;1;
2024-06-25;2000;null;921,2;1014,1;921,2;920,9;648;32;27,9;12;29,9;27,6;12;9,7;13;38;30;37;103;3,1;,5;
2024-06-25;2100;null;921,6;1016;921,6;921,2;72,2;29;23,5;11,9;27,9;23,5;12,7;10,8;12,9;48;36;48;172;1,8;,8;
2024-06-25;2200;null;921,9;1017,3;921,9;921,5;-3,5;25;20,8;13,6;23,5;20,8;13,7;11,8;12,8;63;48;63;140;2;1,1;
2024-06-25;2300;null;922,4;1018,6;922,4;921,9;-3,5;22;18,6;13,4;20,7;18,5;13,7;13,2;12,8;72;63;72;145;1,8;1,3;
2024-06-26;0000;null;922,7;1019,5;922,7;922,4;-3,5;20;17;13;18,8;17;13,5;12,9;12,8;77;71;77;151;2,3;1,8;
2024-06-26;0100;null;922,9;1019,7;922,9;922,7;-3,5;18;16,9;12,9;17,1;16,5;13,1;12,8;12,8;80;77;77;140;2,3;1,2;
2024-06-26;0200;null;923;1020,1;923;922,9;-3,5;18;16,2;12,8;17,1;16;12,9;12,5;12,8;80;76;80;155;2,1;1,5;
2024-06-26;0300;null;922,8;1020;923;922,8;-3,5;17;15,9;12,4;16,3;15,6;12,9;12,4;12,7;82;80;80;161;2,8;1,5;
2024-06-26;0400;null;922,6;1020,2;922,8;922,6;-3,5;17;14,5;12;16,5;14,5;12,8;12;12,7;85;77;85;143;2;1,2;
2024-06-26;0500;null;922,4;1020;922,6;922,4;-3,5;16;14,4;12,7;14,8;14;14,1;11,9;12,7;98;85;89;149;2,2;1,6;
2024-06-26;0600;null;922,2;1019,7;922,4;922,2;-3,5;15;14,6;12;14,8;14,1;14;11,7;12,7;98;83;85;163;2,2;,7;
2024-06-26;0700;null;921,9;1019,7;922,2;921,9;-3,5;15;13,7;13,6;14,6;13,5;13,7;11,7;12,6;100;84;99;179;1,3;,6;
2024-06-26;0800;null;921,9;1020;922;921,9;-3,5;14;13;13;14;13;13,8;12,8;12,6;100;94;100;159;1,7;1,2;
2024-06-26;0900;null;921,9;1020;922;921,9;-3,5;14;12,9;12,9;13,2;12,5;13,2;12,5;12,6;100;100;100;151;2,7;1,8;
2024-06-26;1000;null;922,4;1020,3;922,4;921,9;5,4;14;13,7;11,4;14,6;12,9;13,6;11,2;12,6;100;82;86;151;3,5;2,3;
2024-06-26;1100;null;922,9;1019,6;922,9;922,4;339,4;15;17,2;12,4;17,2;13,7;12,4;11,5;13,4;87;73;73;147;3,7;2,1;
2024-06-26;1200;null;923,5;1018,9;923,5;922,9;1031,8;19;21,2;13,5;21,2;17,2;13,9;12,4;13,8;73;61;62;137;3,7;1,5;
2024-06-26;1300;null;923,8;1018,1;923,8;923,5;1663,5;23;24,4;12,6;24,4;21,2;13,7;12,5;13,9;61;48;48;127;3,8;1,8;
2024-06-26;1400;null;923,4;1016,6;923,8;923,4;2127,1;26;27,7;12,2;27,7;24,2;13,3;11,3;13,8;50;37;38;47;6,7;3,3;
2024-06-26;1500;null;922,5;1015,5;923,4;922,5;2448;29;28,1;10,2;29,1;27,2;11,8;9,8;13,5;38;32;33;11;6,9;3,6;
2024-06-26;1600;null;921,5;1014,1;922,5;921,5;1628;30;28,9;9,5;29,4;26,7;10,6;8,8;13,5;36;30;30;311;6,9;2,8;
2024-06-26;1700;null;920,5;1012,8;921,5;920,5;1887;30;29,6;8,1;29,6;27;10,5;6,5;13,5;34;25;26;302;6,4;3,3;
2024-06-26;1800;null;920,1;1012,5;920,5;920,1;1602,7;31;29,3;9,2;30,1;27,8;9,4;7,7;13,5;31;26;29;272;7,3;2,2;
2024-06-26;1900;null;919,9;1012,5;920,1;919,9;1142,7;31;28,6;9,2;29,7;27,5;9,8;8,3;13,4;31;27;30;281;5,6;2,9;
2024-06-26;2000;null;920,1;1013,2;920,2;919,9;625,1;30;27;9,1;28,9;27;9,3;8,4;13;33;28;32;290;7,5;2,8;
2024-06-26;2100;null;920,6;1015,3;920,6;920,1;62,9;27;22,3;10,5;27;22,2;10,5;9,1;12,9;47;32;47;295;4,9;1;
2024-06-26;2200;null;920,6;1016,3;920,7;920,5;-3,5;23;19,5;11,8;22,3;19,5;11,8;9,9;12,8;61;47;61;158;1,5;,9;
2024-06-26;2300;null;920,9;1017,4;920,9;920,6;-3,5;20;17,2;12,2;19,5;17,2;12,3;11,7;12,8;73;61;73;147;2,1;1,3;
2024-06-27;0000;null;921,1;1018,3;921,1;920,9;-3,5;18;15,3;11,6;17,2;15,3;12,3;11,6;12,8;79;73;79;164;2,2;1,2;
2024-06-27;0100;null;921,3;1018,7;921,3;921,1;-3,5;17;14,8;11,5;15,8;14,8;12;11,4;12,8;80;77;80;157;2,2;1,2;
2024-06-27;0200;null;921,1;1018,5;921,3;921,1;-2,7;16;14,8;11,5;15,1;14,5;11,7;11,4;12,7;82;79;80;147;2,3;1;
2024-06-27;0300;null;920,8;1018,1;921,2;920,8;-2,4;16;14,8;11,5;15;14,2;11,7;11,3;12,7;83;80;81;163;2,4;1,4;
2024-06-27;0400;null;920,9;1018,3;921;920,8;-1,8;16;14,6;11,7;15,1;14,5;11,8;11,5;12,7;83;80;83;143;2,6;,9;
2024-06-27;0500;null;920,6;1017,8;920,9;920,6;-1,4;16;15;11,8;15,3;14,6;12;11,7;12,7;83;80;81;169;2,2;1,2;
2024-06-27;0600;null;920,4;1017,8;920,6;920,3;-3,3;16;14,5;11,8;15,5;13,8;11,9;10,9;12,7;86;79;84;135;3;1;
2024-06-27;0700;null;920,2;1017,8;920,4;920,2;-2,6;15;13,8;11,5;15;13,8;11,8;11,3;12,7;86;81;86;154;2;1,7;
2024-06-27;0800;null;920,2;1018;920,3;920,1;-3;15;13,2;12,4;13,8;13,2;12,6;11,6;12,6;95;86;95;151;2,6;1,2;
2024-06-27;0900;null;920,4;1018,5;920,4;920,2;-3,5;14;12,4;12,4;13,5;12,3;12,9;11,1;12,6;100;88;100;144;1,9;1,3;
2024-06-27;1000;null;920,9;1019,1;920,9;920,4;6,3;13;12,3;12,3;12,4;11,6;12,4;11,6;12,6;100;99;100;158;1,9;1,3;
2024-06-27;1100;null;921,2;1018,8;921,2;920,9;325,4;13;14,3;11,1;14,3;12;12,5;10,8;13,4;100;80;81;147;2,4;1,2;
2024-06-27;1200;null;921,8;1017,6;921,8;921,2;1008,7;17;19,4;12,3;19,4;14,4;12,4;10,9;13,9;81;64;64;151;1,9;1,1;
2024-06-27;1300;null;921,8;1015,9;921,9;921,7;1650,4;22;24,4;11,7;24,4;19,4;13;11,1;13,9;63;45;45;307;2,9;1,2;
2024-06-27;1400;null;921,3;1014,8;921,8;921,3;2101,3;26;26,2;11,8;26,2;24,2;12,7;11,5;13,7;47;41;41;254;4,2;1,5;
2024-06-27;1500;null;920,2;1013,4;921,3;920,2;2323;28;26,8;10,5;27;25,7;12,4;9,8;13,8;42;35;36;237;5,2;2,4;
2024-06-27;1600;null;919,2;1012;920,2;919,2;2395,1;29;27,7;8,9;28,3;26,2;10,8;7,9;13,7;38;29;31;271;6;2,5;
2024-06-27;1700;null;918,4;1011,4;919,2;918,3;2060,8;30;26,7;9,1;28,9;26,5;9,8;8,2;13,1;33;28;33;300;6,2;3;
2024-06-27;1800;null;918;1010,9;918,5;918;1124,8;29;26,9;9,3;27,9;26,2;10,4;9;13,1;37;32;33;251;5,9;2,2;
2024-06-27;1900;null;918,1;1011,1;918,1;917,9;631;28;26,8;9,6;27,4;25,9;10;9;13,2;36;32;34;240;4,6;1,5;
2024-06-27;2000;null;918,2;1011,5;918,2;917,9;669,7;29;25,7;10,2;28,2;25,7;10,2;9;13;38;31;38;272;5,6;2,2;
2024-06-27;2100;null;918,5;1013,2;918,5;918,1;51,8;26;21,7;11,1;25,7;21,6;11,1;10,3;12,9;51;38;51;212;3,7;2,1;
2024-06-27;2200;null;918,9;1014,3;918,9;918,5;-3,5;22;19,7;12,1;21,7;19,5;12,4;11,1;12,8;63;51;62;173;2,5;,6;
2024-06-27;2300;null;919,2;1015,1;919,2;918,8;-3;21;18,4;12,7;20,1;18,4;12,7;12;12,8;69;61;69;152;1,9;1,2;
2024-06-28;0000;null;919,3;1015,2;919,4;919,1;-2,6;20;18,3;12,4;18,7;18;12,8;12,2;12,8;70;67;68;163;1,9;,7;
2024-06-28;0100;null;919,3;1015,8;919,4;919,2;-3,5;19;16,7;12,1;18,5;16,7;12,5;11,4;12,8;75;66;75;151;1;,6;
2024-06-28;0200;null;919,5;1016;919,5;919,3;-2,1;18;16,9;12,9;17,3;16,3;13;12;12,8;80;75;77;133;1,9;,8;
2024-06-28;0300;null;919,3;1015,6;919,6;919,3;-2,5;18;17,3;12,7;17,5;16,4;13,1;12,6;12,7;80;73;74;139;2;,5;
2024-06-28;0400;null;919,1;1015,4;919,3;919,1;-3,4;18;17,3;12,4;18,1;16,6;12,7;12,3;12,7;77;69;73;43;2,8;,5;
2024-06-28;0500;null;918,8;1015,4;919,2;918,8;-3,3;18;16,2;12,7;17,7;15,7;12,9;12,1;12,7;83;71;80;149;2;1,4;
2024-06-28;0600;null;918,8;1015,3;919;918,8;-2,1;17;16,6;12,5;17,4;16,1;12,7;12,4;12,7;80;73;77;146;2,6;1,3;
2024-06-28;0700;null;919;1015,8;919;918,7;-3,5;17;15,9;12,5;16,7;15,9;12,8;12,4;12,7;81;77;80;186;2,3;,8;
2024-06-28;0800;null;919,2;1016,3;919,2;919;-3,5;16;15;12,3;16;15;12,8;12,2;12,6;84;80;84;148;1,5;1;
2024-06-28;0900;null;919,4;1016,5;919,5;919,2;-2,7;16;15;14,1;15,3;14,6;14,8;12,4;12,6;99;84;94;154;2,3;1,1;
2024-06-28;1000;null;919,8;1017,3;919,8;919,4;3,5;16;13,9;13,9;15;13,8;14,6;13,8;12,6;100;94;100;178;2,3;1,1;
2024-06-28;1100;null;920,2;1017,4;920,2;919,8;244,3;15;15;13,6;15;13,9;14,7;13,6;13,1;100;91;91;154;2;1,4;
2024-06-28;1200;null;920,9;1016,6;920,9;920,2;804,1;17;19,6;13,6;19,6;15;13,7;12,6;13,7;92;68;68;155;2,2;1,5;
2024-06-28;1300;null;920,9;1015;920,9;920,7;1557,2;22;24,2;13,3;24,2;19,6;14;12,8;13,9;68;51;51;145;2,4;1;
2024-06-28;1400;null;920,7;1014;921;920,7;2065,8;26;26,5;10,8;27,1;24,1;13,4;10,4;13,5;51;36;38;323;5,7;3,2;
2024-06-28;1500;null;920,5;1013,6;920,7;920,4;1672,9;28;27,1;8,2;28,4;25,9;10,4;7,9;13,4;38;29;30;282;6,9;4;
2024-06-28;1600;null;919,7;1012,8;920,5;919,7;1564,7;28;27;9;28,1;26,8;9,9;8,1;13,5;34;30;32;291;7,9;3,7;
2024-06-28;1700;null;919,2;1011,7;919,7;919,2;1486,7;29;28,5;8,3;28,8;26,6;9,1;7,9;13,7;33;28;28;301;7,7;3,8;
2024-06-28;1800;null;919;1011,4;919,2;919;1897,1;30;29;8,2;29,6;27,7;8,8;7,6;13,5;29;27;27;280;8,6;4,3;
2024-06-28;1900;null;919,1;1011,9;919,1;919;1233,1;30;27,6;7,8;29;26,8;8,4;7;13,4;30;27;29;288;9,4;3,4;
2024-06-28;2000;null;919,3;1013;919,3;919;409,7;28;24,8;8,1;27,8;24,8;8,2;7,6;13;35;29;35;277;6,7;2,5;
2024-06-28;2100;null;919,8;1015;919,8;919,3;40,2;25;20,6;9,2;24,7;20,6;9,5;8,1;12,9;48;35;48;241;3,4;1,5;
2024-06-28;2200;null;920,2;1016,2;920,2;919,7;-3,5;22;18,3;10,8;20,7;18,3;11,4;9,2;12,8;61;48;61;126;2;,5;
2024-06-28;2300;null;920,5;1017;920,5;920,2;-3,5;19;17,2;11,7;18,3;16,9;11,7;10,5;12,8;70;61;70;151;2,3;1,5;
2024-06-29;0000;null;921;1017,7;921;920,5;-3,3;18;16,7;11,3;17,2;16,3;11,7;11,3;12,8;73;70;70;163;2,2;1,1;
2024-06-29;0100;null;921,2;1018,2;921,2;921;-3,1;18;15,8;11,4;16,8;15,8;11,4;11,2;12,8;75;70;75;159;2,4;1,1;
2024-06-29;0200;null;921,3;1018,3;921,3;921,2;-3;17;15,8;11,6;16,3;15,7;11,6;11,4;12,8;76;73;76;156;2,1;1,6;
2024-06-29;0300;null;921,6;1019;921,6;921,3;-3,3;17;14,9;10,8;16,4;14,9;11,6;10,6;12,7;76;73;76;100;2,1;,6;
2024-06-29;0400;null;921,4;1018,7;921,7;921,4;-2,7;16;15,1;11,2;15,8;14,9;11,6;10,7;12,7;79;75;77;155;2;1;
2024-06-29;0500;null;921;1018,5;921,4;921;-3,3;16;14,3;11,3;15,2;14,3;11,6;11,1;12,7;82;77;82;149;2;1;
2024-06-29;0600;null;920,8;1018,5;921;920,7;-3,5;15;13,9;11,2;14,4;13,7;11,5;10,9;12,7;85;82;84;163;2;1;
2024-06-29;0700;null;920,5;1018,4;920,8;920,5;-3,5;14;13,1;12,7;14,1;12,5;12,8;10,3;12,6;99;81;97;177;2;,9;
2024-06-29;0800;null;920,7;1018,7;920,7;920,5;-3,1;14;12,8;12;13,3;12,5;12,5;11;12,6;98;86;95;164;2,2;1,2;
2024-06-29;0900;null;921;1019,3;921;920,6;-3,5;13;12,2;12;12,8;12,1;12,5;11,1;12,6;99;92;99;171;2;1;
2024-06-29;1000;null;921,7;1019,9;921,7;921;2,6;13;12,6;12,5;13,1;12,2;12,5;10,8;12,6;100;87;100;166;2;1,4;
2024-06-29;1100;null;922,4;1020;922,4;921,7;240,1;14;14,6;11,6;14,6;12,5;12,5;11,3;13,4;100;83;83;159;2;1,1;
2024-06-29;1200;null;922,9;1018,9;922,9;922,4;952,3;17;19,1;11,7;19,1;14,6;12,6;11,2;13,8;82;62;62;152;2;,8;
2024-06-29;1300;null;922,5;1017,1;922,9;922,5;1571;21;23,3;13,1;23,3;19,1;13,1;11,8;13,9;63;52;53;166;2;1;
2024-06-29;1400;null;922,3;1015,8;922,6;922,2;1923,6;25;26,6;8,4;26,6;23,3;13,1;8,4;13,7;53;32;32;281;5;2,6;
2024-06-29;1500;null;921,7;1014,8;922,3;921,7;2256,1;28;27,6;5,3;28,3;26,3;8,6;4,7;13,8;32;22;24;273;8,7;4,8;
2024-06-29;1600;null;920,5;1013,6;921,7;920,5;2366,1;29;27,2;6,4;28,5;27,2;7,2;4,8;13,7;27;23;27;272;8,7;4,8;
2024-06-29;1700;null;919,7;1012,3;920,5;919,7;2168,9;30;28,6;6,9;28,9;27,2;7,4;6,2;13,7;27;25;25;273;8,7;4,5;
2024-06-29;1800;null;919,5;1012,2;919,7;919,4;1666,3;30;28,1;5,7;28,9;27,8;6,6;4,9;13,7;25;22;24;256;7,5;3,6;
2024-06-29;1900;null;919,6;1012,7;919,6;919,4;1125,7;29;26,9;6,3;28,4;26,9;6,7;5,3;13,2;27;24;27;null;7,2;null;
2024-06-29;2000;null;919,9;1013,6;919,9;919,6;519,1;28;25,1;6,7;27,1;25,1;6,7;5,9;13;31;26;31;215;6,8;2,7;
2024-06-29;2100;null;920,4;1015,2;920,4;919,9;45;25;21,9;7,2;25,1;21,9;7,4;6,7;12,9;39;31;39;227;3,8;2,1;
2024-06-29;2200;null;920,8;1017,2;920,8;920,4;-3,5;21;17,5;10;21,9;17,3;10,1;6,8;12,8;62;39;62;148;2,5;1,2;
2024-06-29;2300;null;921,1;1018;921,1;920,8;-3,5;19;16,1;9,9;17,9;16;10;9,3;12,8;67;58;67;148;2,5;,8;
2024-06-30;0000;null;921,3;1018,5;921,3;921,1;-3,5;17;15,4;9,7;16,2;15,2;10;9,4;12,8;70;65;69;147;2,2;1,3;
2024-06-30;0100;null;921,6;1019,4;921,6;921,3;-3,5;16;13,8;9,6;15,4;13,8;9,9;9,5;12,8;76;69;76;167;2,9;1,4;
2024-06-30;0200;null;921,6;1019,5;921,7;921,6;-3,5;15;13,5;9,7;14;13,4;9,8;9,4;12,8;78;75;78;160;2,2;1,6;
2024-06-30;0300;null;921,4;1019,4;921,6;921,4;-3,5;14;13,1;9,6;13,5;12,8;9,7;9,3;12,7;80;78;79;163;2,2;1,4;
2024-06-30;0400;null;921,3;1018,8;921,7;921,3;-3,4;14;14,5;9,6;14,5;12,6;9,7;9,2;12,7;81;72;72;183;4,4;,7;
2024-06-30;0500;null;920,9;1018,4;921,3;920,7;-2,9;14;14,3;9,6;14,5;12,6;10;9;12,7;81;71;73;239;2,4;1,3;
2024-06-30;0600;null;920,8;1018,8;921;920,7;-3,5;13;12,8;9,7;14,3;12,1;9,8;9;12,7;84;72;81;167;2,4;1,1;
2024-06-30;0700;null;920,5;1018,5;920,8;920,5;-3,5;13;12,9;10,1;13,1;12,2;10,4;9,4;12,6;85;81;83;164;1,6;,8;
2024-06-30;0800;null;920,6;1019;920,7;920,3;-3,5;13;11,7;11,6;12,9;11,4;12,4;9,1;12,6;100;82;99;167;4,4;1,2;
2024-06-30;0900;null;920,9;1019,1;921;920,6;-3,3;12;12,3;12,3;12,3;10,9;12,3;10,7;12,6;100;97;100;41;2,3;,8;
2024-06-30;1000;null;921,3;1019,6;921,3;920,9;5,4;13;12,3;12,3;13,2;12,1;12,7;11,4;12,6;100;90;100;187;2,1;1;
2024-06-30;1100;null;922,2;1020;922,2;921,3;223,3;13;13,8;12,3;13,8;12,3;12,7;10,8;13,3;100;84;91;192;1,6;1;
2024-06-30;1200;null;922,5;1018,3;922,5;922,2;921,1;16;19,8;13,3;19,8;13,8;13,3;11,3;13,8;91;66;66;104;1,6;,7;
2024-06-30;1300;null;922,7;1017,5;922,7;922,5;1513,4;21;22,8;12,5;22,9;19,8;13,7;12,5;13,9;66;52;52;133;2,6;1,2;
2024-06-30;1400;null;922,2;1015,8;922,7;922,2;2050,1;25;26,2;11,9;26,2;22,8;13,1;11;13,8;52;41;41;138;3;1,2;
2024-06-30;1500;null;921,6;1015,2;922,2;921,6;1380,3;27;26;10,7;26,9;25,1;11,5;10,3;13,4;42;37;38;245;3,8;,9;
2024-06-30;1600;null;920,9;1014,5;921,6;920,9;982,5;27;25,6;11,1;26,2;25,3;12,7;10,4;13,2;44;38;40;311;4,4;1,1;
2024-06-30;1700;null;920,3;1014,1;920,9;920,3;754,5;27;24,9;12,9;25,7;24,9;13,2;10,4;13,2;48;39;47;203;4;2,2;
2024-06-30;1800;null;920,1;1014,4;920,3;920,1;571,5;26;23,3;13,8;25,1;23,3;13,9;12,6;13;55;46;55;206;5,3;2,7;
2024-06-30;1900;null;920,2;1014,3;920,2;920;409,9;25;23,9;13,4;24;23,3;14,5;13,4;13;57;52;52;207;4,4;1,7;
2024-06-30;2000;null;920,9;1015,6;920,9;920,2;178,4;24;22,3;14,5;23,9;22,3;14,6;13,3;12,9;61;51;61;208;3,7;2,5;
2024-06-30;2100;null;921,4;1016,6;921,4;920,9;7,6;23;21,1;14;22,3;21,1;14,7;13,9;12,8;64;61;64;201;6,8;2,8;
2024-06-30;2200;null;921,4;1016,8;921,4;921,2;-3,5;22;20,6;13,2;21,1;20,5;14,1;13,2;12,8;66;63;63;197;6;3,6;
2024-06-30;2300;null;921,8;1017,5;921,8;921,4;-3,3;21;19,9;12,7;20,8;19,9;13,3;12,6;12,8;63;60;63;191;5,4;2,9;
2024-07-01;0000;null;922,2;1018,4;922,2;921,8;-3,5;20;18,4;13,4;19,9;18,1;13,4;12,7;12,8;73;63;73;115;5,2;,7;
2024-07-01;0100;null;922,7;1019,2;922,7;922,2;-3,3;19;17,6;13,7;18,6;17,6;13,8;13,1;12,8;77;71;77;208;2,7;1;
2024-07-01;0200;null;922,7;1019,5;922,8;922,7;-3,4;18;17;13,6;17,7;17;13,8;13,4;12,8;80;78;80;227;2;,6;
2024-07-01;0300;null;922,4;1019,3;922,7;922,4;-3,3;18;16,4;13,8;17;16,2;13,9;13,5;12,7;86;80;85;172;1,6;1;
2024-07-01;0400;null;922,3;1019,3;922,5;922,3;-2;17;16,3;14,6;16,4;15,9;15,5;13,7;12,7;97;85;89;143;2,5;1,4;
2024-07-01;0500;null;922,1;1018,9;922,3;922,1;-2,4;17;16,7;14;16,8;16,2;14,6;13,9;12,7;90;83;84;139;2,5;1,1;
2024-07-01;0600;null;921,7;1018,6;922,1;921,6;-2,7;17;16,4;13,9;16,9;16,4;14,2;13,8;12,7;85;83;85;158;2,3;1,6;
2024-07-01;0700;null;921,4;1018,1;921,7;921,3;-2,1;17;16,8;14;16,9;16,2;14,3;13,7;12,7;88;83;84;159;2,7;1,5;
2024-07-01;0800;null;921,4;1018,1;921,5;921,3;-1,9;17;16,7;13,8;17,1;16,5;14;13,7;12,6;84;82;83;136;2,4;1,1;
2024-07-01;0900;null;921,8;1018,6;921,8;921,3;-2,7;17;16,7;13,8;17,2;16;14,4;13,6;12,6;89;81;83;139;2,8;1,2;
2024-07-01;1000;null;922,6;1019,3;922,6;921,8;-1,7;18;17,1;13,7;17,3;16,7;13,8;13,7;12,6;83;79;80;147;3,3;1,4;
2024-07-01;1100;null;923,5;1020,1;923,5;922,6;69,8;18;17,6;13,9;17,6;17;13,9;13,7;12,6;81;79;79;147;2,9;1,1;
2024-07-01;1200;null;924,4;1020,9;924,4;923,5;173,8;18;18,3;14,2;18,3;17,6;14,2;13,8;12,9;79;77;77;138;3,3;1,5;
2024-07-01;1300;null;924,8;1021,2;924,8;924,4;268,3;19;18,6;14,1;18,8;18,2;14,5;14,1;12,9;77;75;75;145;3,2;1,6;
2024-07-01;1400;null;925;1021,4;925,1;924,8;275,1;20;18,8;14,4;19,3;18,6;14,5;14,1;13;76;73;76;130;3,6;1;
2024-07-01;1500;null;924,7;1020,7;925,1;924,7;557,1;21;19,7;14,7;20,2;18,8;15,1;14,4;13,1;77;70;73;202;3,7;2,1;
2024-07-01;1600;null;924,6;1021,3;925;924,6;701,2;21;17,8;14,6;20,2;17,8;15,3;14,5;13,4;81;72;81;194;9,3;5,5;
2024-07-01;1700;null;924,6;1021,3;925;924,5;813,9;19;17,7;13,4;18,4;16,9;15;13,4;13,6;82;76;76;179;11;3,3;
2024-07-01;1800;null;924,6;1021,3;924,7;924,5;944,9;19;17,8;11,9;18,1;16,7;13,5;11,8;13,5;77;68;69;169;10,6;4,2;
2024-07-01;1900;null;924,6;1020,9;925;924,5;863,6;20;18,8;11,6;18,8;17,8;12,1;11,3;13,6;69;63;63;173;9,2;3,8;
2024-07-01;2000;null;924,8;1021,4;924,9;924,6;397,3;20;18,1;11,9;19;18,1;11,9;10,8;13;67;60;67;202;7,7;1,3;
2024-07-01;2100;null;925;1021,9;925,2;924,8;13,7;19;17,2;11,2;18,1;17,2;11,7;10,7;12,9;68;62;68;197;2,9;1,3;
2024-07-01;2200;null;924,4;1021,5;925;924,4;-3,4;18;16,6;11,5;17,2;16,2;11,8;11,2;12,8;75;68;72;82;2,3;,7;
2024-07-01;2300;null;925;1022,5;925;924;-3,4;17;15,7;11,2;16,6;15,7;11,8;11,1;12,8;77;72;75;180;5,1;2,3;
2024-07-02;0000;null;925,2;1023,2;925,2;925;-3,5;16;14,3;11,1;15,8;14,2;11,3;11;12,8;81;74;81;149;4,4;1,9;
2024-07-02;0100;null;925;1023,2;925,2;925;-3,5;15;13,7;10,7;14,4;13,7;11,2;10,7;12,8;83;81;82;149;3,1;1,6;
2024-07-02;0200;null;925;1023,4;925,1;925;-3,5;15;13,1;10,6;14,3;13,1;11;10,4;12,7;84;80;84;156;3,4;1,8;
2024-07-02;0300;null;924,8;1023,1;925;924,8;-3,5;14;13,4;10,6;13,6;12,5;11;10;12,7;88;83;83;152;3,8;1,9;
2024-07-02;0400;null;924,5;1022,7;924,8;924,5;-3,5;14;13,6;10,7;13,7;13,3;10,8;10,5;12,7;84;82;83;152;4,3;2,3;
2024-07-02;0500;null;924,1;1022,5;924,5;924,1;-3,5;14;12,8;10,3;13,7;12,6;10,7;10;12,7;85;81;85;142;4,3;1,7;
2024-07-02;0600;null;923,8;1021,9;924,1;923,8;-3,5;14;13,4;10,1;14;12,7;10,5;10;12,7;85;79;80;135;4,3;2,1;
2024-07-02;0700;null;923,7;1021,7;923,8;923,6;-3,5;14;13,7;10,1;14,1;12,9;10,3;9,8;12,6;82;78;79;132;4,6;2,4;
2024-07-02;0800;null;924,1;1022,2;924,1;923,7;-3,5;14;13,6;9,9;14,1;13,4;10,3;9,9;12,6;80;77;78;152;4,7;2,1;
2024-07-02;0900;null;924,5;1022,7;924,5;924,1;-3,5;14;13,6;10,4;13,6;12,9;10,4;9,8;12,6;83;78;81;137;4,7;2;
2024-07-02;1000;null;924,9;1023,2;924,9;924,5;4,9;14;13,2;10,3;13,7;13,1;10,4;10,1;12,5;83;80;83;153;5,4;1,9;
2024-07-02;1100;null;925,6;1023,7;925,6;924,9;194;14;14,1;11;14,1;13,1;11;10,3;13,2;83;81;82;153;4,6;1,6;
2024-07-02;1200;null;926;1022,5;926;925,6;982,2;16;18,6;12,3;18,6;14,1;12,3;11,1;13,8;82;66;67;126;4,9;2,1;
2024-07-02;1300;null;926,2;1021,6;926,2;925,9;1656,5;20;22,1;12,3;22,3;18,5;13,1;11,8;13,9;67;54;54;95;5,2;1,8;
2024-07-02;1400;null;925,6;1020,3;926,2;925,6;2109,7;23;23,9;13;24,1;21,5;13,3;11,9;13,9;56;50;50;100;5,7;2;
2024-07-02;1500;null;924,8;1018,8;925,6;924,7;2392,4;26;25,8;12,7;25,9;23,4;13,9;12,3;13,8;53;44;44;74;6,2;2,3;
2024-07-02;1600;null;923,9;1017,6;924,8;923,8;2444,3;28;26,3;11,5;26,9;25,3;13,1;10,7;13,8;45;38;40;44;6,2;2,9;
2024-07-02;1700;null;923,2;1017,1;923,9;923,2;1810,3;29;25,5;10,6;27,1;25,5;11,7;9,2;13,1;41;34;39;69;6,2;1,2;
2024-07-02;1800;null;922,8;1016,3;923,2;922,8;1027,6;28;26,6;10,7;26,6;25,1;11,9;9,9;13,8;43;36;37;141;3,4;1,6;
2024-07-02;1900;null;922,7;1016,1;922,8;922,6;1307,5;29;26,8;9,5;28;26,2;11;8,9;13,3;38;32;34;151;3,1;1,1;
2024-07-02;2000;null;922,8;1016,9;922,8;922,6;579,8;29;24,7;11,2;27,3;24,7;11,2;8,7;13;43;33;43;160;2,1;1,1;
2024-07-02;2100;null;923;1018,6;923;922,8;62,9;25;20,4;8,8;24,7;20,4;11,2;8,7;12,9;48;39;47;128;2,3;,7;
2024-07-02;2200;null;923,4;1020;923,4;923;-3,5;21;17,6;10,7;20,4;17,6;11,4;9;12,8;64;47;64;149;3,6;1,5;
2024-07-02;2300;null;923,6;1020,8;923,7;923,4;-3,5;19;16;11,1;17,6;15,8;11,1;10,6;12,8;73;64;73;142;2,6;1,3;
2024-07-03;0000;null;923,8;1021,3;923,8;923,6;-3,5;17;15,3;11,1;16,1;15,2;11,1;10,7;12,8;76;72;76;141;2,3;1,6;
2024-07-03;0100;null;924,1;1021,6;924,1;923,8;-3,5;16;15,2;11,4;15,8;14,6;11,6;10,7;12,8;80;74;78;153;2,4;1,8;
2024-07-03;0200;null;923,9;1021,7;924,1;923,9;-3,5;16;14,5;11,7;15,2;14,2;11,9;10,9;12,8;84;78;84;157;2,5;1,6;
2024-07-03;0300;null;923,7;1021,5;923,9;923,7;-3,5;15;14,3;12,7;14,5;13,8;13,3;11,5;12,7;95;83;90;145;2,4;1,8;
2024-07-03;0400;null;923,6;1021,5;923,7;923,6;-3,5;15;13,9;12,9;14,4;13,6;13,6;11,8;12,7;98;86;94;147;2,6;2;
2024-07-03;0500;null;923,1;1020,8;923,6;923,1;-3,4;15;14,5;11,7;14,6;13,7;13,4;11,6;12,7;97;83;83;150;2,6;1,8;
2024-07-03;0600;null;922,9;1020,6;923,1;922,8;-2,5;15;14,5;11,8;14,7;14;12;11,4;12,7;87;83;84;139;2,8;1,1;
2024-07-03;0700;null;922,8;1020;922,9;922,7;-3,2;15;15,9;12,4;15,9;14,1;12,9;11,6;12,7;92;78;80;163;2,8;1,2;
2024-07-03;0800;null;922,4;1019,5;922,8;922,4;-3,5;15;15,9;12,2;16,3;15,2;12,4;11,7;12,7;81;77;79;144;3;1,4;
2024-07-03;0900;null;922,7;1020,2;922,9;922,4;-3,5;15;14,8;11,6;16,3;14,8;12,3;11,4;12,6;82;76;82;122;3,3;1;
2024-07-03;1000;null;923;1020,4;923;922,6;5,5;15;15,2;12,2;16;14,8;12,4;11,7;12,6;83;78;82;155;3,4;1,9;
2024-07-03;1100;null;924,2;1021,1;924,2;923;336,4;16;17;13;17;15,2;13;12,2;13,4;83;77;78;143;4,5;1,6;
2024-07-03;1200;null;924,9;1020,7;924,9;924,2;993,7;19;20,5;13,5;20,5;17;13,9;13;13,8;78;64;64;111;4,4;1,4;
2024-07-03;1300;null;925,1;1019,9;925,2;924,9;1492,7;22;23,5;13,3;23,5;20,5;14;12,7;13,9;65;53;53;104;4,4;1,7;
2024-07-03;1400;null;924,7;1018,9;925,1;924,6;2129;25;25,1;12,8;25,8;23,5;13,6;12,2;13,8;53;45;46;73;4,9;1,7;
2024-07-03;1500;null;923,8;1017,6;924,7;923,8;2396,3;27;25,9;10,5;26,5;25;13;10,3;13,7;47;38;38;31;4,7;2,4;
2024-07-03;1600;null;922,8;1016,7;923,8;922,8;1429,9;28;25,4;8,9;26,7;24,9;10,9;8,6;13,3;39;34;35;51;5,8;1;
2024-07-03;1700;null;921,8;1015,5;922,8;921,8;2205,3;29;25,8;8;27,8;25,4;9,4;7,5;13,7;35;28;32;28;4,5;2,3;
2024-07-03;1800;null;921;1014,2;921,8;921;1637,4;30;26,9;8,5;27,7;25,8;8,8;7,7;13,2;33;29;31;19;3,4;1,3;
2024-07-03;1900;null;920,8;1013,8;921;920,8;1181,3;30;27,7;8,2;27,7;25,9;9,1;7,7;13,7;34;29;29;318;4;1,1;
2024-07-03;2000;null;920,9;1014,7;920,9;920,8;757,9;30;25,2;8,4;27,7;25,2;8,9;7,7;13;35;29;35;8;3,3;1,9;
2024-07-03;2100;null;921,2;1016,8;921,2;920,9;78;26;20;11,3;25,2;20;11,3;8,4;12,9;57;35;57;84;3;,6;
2024-07-03;2200;null;921,5;1017,8;921,5;921,2;-3,5;22;17,9;10,8;20,5;17,8;11,5;9,8;12,8;64;52;63;134;2,1;,6;
2024-07-03;2300;null;921,9;1018,6;921,9;921,5;-3,5;19;16,8;11,7;18,1;16,8;12;10,6;12,8;73;62;72;154;1,8;1,2;
2024-07-04;0000;null;922,2;1019;922,2;921,9;-3,1;18;16,6;11,9;17,1;16,3;12,1;11,8;12,8;75;72;74;140;2,3;1,1;
2024-07-04;0100;null;922,4;1019,4;922,4;922,2;-3,5;17;16,1;11,8;16,8;15,6;12;11,4;12,8;77;73;76;147;2,4;1,4;
2024-07-04;0200;null;922,2;1019,4;922,5;922,2;-3,3;17;15,7;11,4;16,4;15,7;11,8;11,4;12,8;76;73;76;145;2,6;1,8;
2024-07-04;0300;null;921,5;1018,6;922,2;921,5;-3,5;16;15,6;10,9;16,1;15,2;11,4;10,9;12,7;76;73;74;151;3,1;2;
2024-07-04;0400;null;921,3;1018;921,6;921,3;-3,5;16;16,8;10,5;16,8;15,3;11;10,3;12,7;74;66;66;149;3,6;1,8;
2024-07-04;0500;null;921,2;1017,9;921,3;921,1;-3,3;17;16,8;10,4;16,8;15,2;10,7;10;12,7;72;66;66;153;3,8;1,6;
2024-07-04;0600;null;920,9;1017,8;921,3;920,9;-1,3;17;16;10,7;16,8;15,2;10,7;10,2;12,7;73;66;71;150;3,7;2,3;
2024-07-04;0700;null;920,9;1017,9;921;920,9;-1,9;17;15,8;10,9;17,3;15,6;11;10,5;12,7;73;66;73;61;3,4;,7;
2024-07-04;0800;null;921,5;1018,2;921,5;920,9;-2,1;17;16,9;10,9;17,5;15,7;11,2;10,7;12,6;73;65;68;210;1,5;,4;
2024-07-04;0900;null;922;1019;922;921,5;-2,2;17;16,1;11,6;16,9;15,7;11,9;10,9;12,6;77;68;75;171;1,5;,8;
2024-07-04;1000;null;922,4;1019,4;922,4;922;2,9;17;16,2;11,7;16,9;15,9;11,8;11,2;12,6;76;69;75;157;2,3;1,4;
2024-07-04;1100;null;922,8;1019,2;922,8;922,4;156,8;17;18;11,5;18;16,2;11,8;11,2;13;75;66;66;139;3,6;1,9;
2024-07-04;1200;null;922,9;1018,2;922,9;922,7;991,3;20;21,4;11;21,5;18;11,7;10,3;13,7;66;50;51;105;5,7;1,9;
2024-07-04;1300;null;923,4;1018,2;923,4;922,9;1670;23;22,8;11,3;22,8;21,3;11,6;10,5;13,8;52;48;48;154;4,6;1,9;
2024-07-04;1400;null;923,3;1017,3;923,5;923,3;2124,4;25;25,4;9,2;25,5;22,8;11,5;8,6;13,8;48;34;36;107;4,4;1,9;
2024-07-04;1500;null;922,8;1016,1;923,3;922,8;2588,3;28;27,2;7,3;27,3;25,5;9,4;6,1;13,7;36;27;28;78;5,8;2,3;
2024-07-04;1600;null;921,8;1015,4;922,8;921,8;2491,1;29;26,1;5,7;27,5;25,3;7,4;5,7;13,4;30;27;27;65;5,6;2,1;
2024-07-04;1700;null;921;1014,8;921,9;921;1703;29;25,3;7;27,2;25;7,5;5,9;13,3;31;27;31;137;5,8;1,9;
2024-07-04;1800;null;920,7;1014,5;921;920,7;1167,3;28;25,1;6,8;27;25;7,7;5,9;13,1;32;27;31;101;3,9;1,3;
2024-07-04;1900;null;920,6;1014,8;920,8;920,6;466,3;27;23,8;8,2;25,9;23,8;8,3;6,1;13;37;29;37;112;3,4;,6;
2024-07-04;2000;null;920,9;1015,8;920,9;920,6;276,7;25;21,7;10;23,9;21,7;10,3;7,2;13;47;34;47;29;1,8;,9;
2024-07-04;2100;null;921,2;1016,3;921,2;920,9;44,8;23;21,3;8,2;22,1;20,6;10,5;8;12,8;52;41;43;96;2,9;1,1;
2024-07-04;2200;null;921,5;1017,8;921,5;921,2;-3,5;21;18;10,2;21,3;18;10,2;8,2;12,8;60;43;60;139;2,6;1,9;
2024-07-04;2300;null;922,1;1018,5;922,1;921,5;-3,3;19;17,8;10;18,4;16,9;10,7;9,9;12,8;66;58;60;151;3,8;2,1;
2024-07-05;0000;null;922,4;1018,8;922,4;922,1;-3,5;19;17,9;9,3;18,9;16,5;10;9,3;12,8;64;54;57;148;3,4;1,8;
2024-07-05;0100;null;922,8;1020;922,8;922,4;-3,5;18;15,8;9,6;18,3;15,8;9,8;9,1;12,8;67;56;67;149;3;1,9;
2024-07-05;0200;null;923,3;1020,8;923,3;922,8;-3,5;17;15,1;9,7;16,2;14,6;10;9,6;12,8;73;66;70;146;3,1;2,2;
2024-07-05;0300;null;923,1;1021;923,4;923,1;-3,5;16;13,8;9,5;15,2;13,7;9,7;9,4;12,7;75;70;75;149;3,2;2,6;
2024-07-05;0400;null;922,9;1020,8;923,1;922,9;-3,5;15;13,7;9,2;14,2;13,3;9,6;9,2;12,7;77;74;74;149;3,7;2,6;
2024-07-05;0500;null;922,7;1020,6;922,9;922,7;-3,5;14;13,8;9,1;13,9;12,9;9,3;8,9;12,7;78;73;73;149;3,7;2,4;
2024-07-05;0600;null;922,4;1020,7;922,7;922,4;-3,5;14;12,6;8,9;13,8;12,5;9;8,7;12,7;78;73;78;160;3,2;2;
2024-07-05;0700;null;922,4;1020,8;922,5;922,3;-3,5;13;12,2;8,7;13;12,1;9;8,6;12,7;80;77;80;144;3;1,8;
2024-07-05;0800;null;922,5;1021,1;922,5;922,3;-3,5;12;11,8;8,7;12,3;11;8,8;8,1;12,6;84;79;81;160;2,2;1,5;
2024-07-05;0900;null;922,9;1021,9;922,9;922,5;-3,5;12;10,8;8,2;11,8;10,8;8,6;8,2;12,6;84;81;84;150;2,5;1,6;
2024-07-05;1000;null;923,6;1022,6;923,6;922,9;6;11;10,9;8,1;11,2;10,4;8,5;7,9;12,6;86;83;83;156;2,8;1,7;
2024-07-05;1100;null;924,4;1022;924,4;923,6;338,7;13;15,2;9,2;15,3;10,7;9,3;8;13,4;84;67;67;144;3,4;1,6;
2024-07-05;1200;null;925,1;1021,2;925,1;924,4;1034;17;19,7;11;19,7;15,2;11,2;9,2;13,8;68;57;57;142;3,5;1,9;
2024-07-05;1300;null;925,5;1020,5;925,5;925,1;1677,9;21;23;10,1;23,1;19,7;11,4;9,5;13,9;57;44;44;134;3,9;1,6;
2024-07-05;1400;null;925,4;1019,6;925,6;925,4;2117;25;25,4;8;25,7;22,7;10,3;8;13,9;45;33;33;60;4,9;2,4;
2024-07-05;1500;null;924,6;1018,5;925,4;924,6;2402,4;27;25,9;6,5;26,5;25,2;9,3;6,4;13,9;35;28;29;78;6,4;1,9;
2024-07-05;1600;null;923,6;1017,8;924,6;923,6;1488,7;27;24,8;6,3;26,1;24,6;7,5;5,9;13,2;32;29;31;51;4,7;1,8;
2024-07-05;1700;null;922,9;1017;923,6;922,9;1522,6;27;24,8;6,8;26;24,5;7,4;6;14;32;29;32;145;4,4;1,1;
2024-07-05;1800;null;922,5;1016,6;922,9;922,5;1078,3;27;24,8;6,2;26,5;24,8;7,4;6;13,1;32;28;30;135;3,5;1;
2024-07-05;1900;null;922,3;1016,1;922,5;922,3;948,5;27;25,7;6,4;26,4;24,8;7,4;6,3;13,1;32;29;29;59;2,6;,8;
2024-07-05;2000;null;922,6;1017,1;922,6;922,3;551,1;27;23,5;10,2;26;23,5;10,7;6,4;13;45;29;43;74;2,4;,8;
2024-07-05;2100;null;922,8;1018,5;922,8;922,5;55;24;20,2;8,5;23,6;20,1;10,2;8,5;12,9;51;41;47;155;2,4;1,4;
2024-07-05;2200;null;923,1;1019,9;923,2;922,8;-3,5;20;17,1;10;20,6;16,8;10,4;8,6;12,8;63;46;63;140;2,6;1,5;
2024-07-05;2300;null;923,6;1021,1;923,6;923,2;-3,5;18;15,1;9,8;17,1;15;10;9,5;12,8;71;63;70;132;3;1,3;
2024-07-06;0000;null;924,2;1022;924,2;923,6;-3,5;16;14,4;9,5;15,2;13,9;9,8;9,1;12,8;74;70;72;150;3;2,2;
2024-07-06;0100;null;924,6;1022,9;924,7;924,2;-3,5;15;13,3;9,1;14,4;13,3;9,4;9;12,8;76;72;76;154;3,5;2,4;
2024-07-06;0200;null;924,8;1023;924,8;924,6;-3,5;15;13,6;8,9;14,3;13,3;9,2;8,9;12,8;76;71;74;149;3,5;2,3;
2024-07-06;0300;null;924,5;1021,9;924,8;924,5;-3,2;15;15,8;8,9;16,1;13,6;9,2;8,8;12,7;74;62;64;150;3,4;2,3;
2024-07-06;0400;null;924,4;1022;924,6;924,4;-3,4;16;15;8,9;16,1;14;9,5;8,7;12,7;72;63;67;149;3,8;2,1;
2024-07-06;0500;null;923,9;1021,3;924,4;923,9;-2,4;16;15,5;9,3;16,6;14,9;9,5;8,9;12,7;68;62;67;145;3,8;2;
2024-07-06;0600;null;923,7;1021,3;923,9;923,7;-3,3;16;15;9,5;16,8;15;9,5;9,1;12,7;69;61;69;149;3,3;1,9;
2024-07-06;0700;null;923,6;1021,5;923,7;923,5;-3,5;16;14,1;9,3;15,2;14;9,6;9,3;12,7;73;68;73;146;3,3;1,9;
2024-07-06;0800;null;923,6;1021,8;923,7;923,6;-3,5;15;13,1;9,2;14,3;13,1;9,4;9,1;12,6;77;73;77;151;3,1;2,2;
2024-07-06;0900;null;924;1022,3;924;923,6;-3,5;14;13,1;9,3;13,1;12,7;9,3;9,1;12,6;79;77;78;151;2,9;1,8;
2024-07-06;1000;null;924,6;1023,1;924,6;924;7,4;14;12,7;9,4;13,4;12,4;9,4;9;12,6;81;76;80;152;3,6;2;
2024-07-06;1100;null;925,1;1022,8;925,1;924,6;317,1;14;14,9;10;14,9;12,6;10;9,2;13,4;80;73;73;148;3;1,7;
2024-07-06;1200;null;925,7;1021,6;925,8;925,1;1055,1;17;20,4;10,6;20,4;14,9;10,9;10,1;13,8;73;53;53;136;3,2;1,6;
2024-07-06;1300;null;925,8;1020,6;926;925,7;1676,4;22;23,7;9,9;24;20,3;10,9;9,1;13,9;54;40;42;106;4,2;2,1;
2024-07-06;1400;null;925,5;1019,4;925,8;925,5;2151,6;25;26,2;9,2;26,2;23,7;10,4;8,7;13,9;42;34;34;60;5,2;2,4;
2024-07-06;1500;null;924,9;1018,4;925,5;924,9;2382,2;27;27,2;7,6;27,8;25,6;9,7;7,2;13,7;35;28;29;97;6,8;2;
2024-07-06;1600;null;924,1;1017,8;924,9;924;2501,3;29;26,5;5,9;28,1;25,4;7,9;5,5;13,7;30;26;27;40;6,5;3;
2024-07-06;1700;null;923,4;1016,9;924,1;923,4;2087,5;30;26,7;6,8;28,2;26,3;7,3;5,6;13,1;28;26;28;23;6,5;1,1;
2024-07-06;1800;null;922,9;1016,3;923,4;922,9;1628,6;30;27;7,1;28;26,3;8;6,6;13,7;30;27;28;39;5,4;2,1;
2024-07-06;1900;null;922,7;1016,2;922,9;922,7;1314,9;30;26,6;7,5;27,9;26,5;7,7;6,6;13,2;30;27;30;30;4,6;1,8;
2024-07-06;2000;null;922,8;1016,7;922,8;922,7;622,2;29;25,3;8;26,8;25,2;8,6;7;13;35;29;33;110;2,9;,7;
2024-07-06;2100;null;922,9;1018,3;922,9;922,8;72,1;26;20,9;8,6;25,3;20,8;9,1;8,1;12,9;45;33;45;148;2,1;,5;
2024-07-06;2200;null;923;1019,5;923;922,9;-3,5;22;17,7;10,2;20,9;17,7;10,4;8,5;12,8;61;45;61;147;2,5;1,4;
2024-07-06;2300;null;923,3;1020,4;923,3;923;-3,5;19;16,1;10,1;17,8;16,1;10,4;10;12,8;68;62;68;144;2,9;2,1;
2024-07-07;0000;null;923,4;1020,9;923,5;923,3;-3,5;17;15,2;9,8;16,1;15,1;10,2;9,7;12,8;71;68;70;149;3,5;2,5;
2024-07-07;0100;null;923,5;1020,7;923,6;923,4;-3,5;17;16;9,6;16,3;14,8;9,8;9,3;12,8;71;64;66;144;3,7;2,3;
2024-07-07;0200;null;923,6;1021,2;923,6;923,4;-3,5;17;15;9,5;16,9;14,9;9,8;9,3;12,8;70;62;70;152;3,9;2,1;
2024-07-07;0300;null;923,6;1020,8;923,7;923,6;-3,5;16;16;9,9;16;14,8;10;9,5;12,7;71;67;67;157;3,4;1,8;
2024-07-07;0400;null;923,7;1020,9;923,7;923,6;-3,5;16;16;9,8;17,3;15,4;9,9;9,3;12,7;68;62;67;150;3,2;1,8;
2024-07-07;0500;null;923,2;1020,4;923,7;923,2;-3,5;17;16;9,8;16,8;15,6;10;9,6;12,7;68;64;67;146;3,6;1,9;
2024-07-07;0600;null;923;1020,1;923,2;923;-3,5;16;16;9,8;16,4;15,3;10;9,6;12,7;70;65;67;151;3,5;1,6;
2024-07-07;0700;null;922,6;1019,4;923;922,6;-3,2;17;16,9;9,7;17;16;9,9;9,6;12,7;67;62;63;150;2,9;1,5;
2024-07-07;0800;null;922,5;1019,6;922,6;922,4;-3,5;16;16;9,7;16,9;14,8;10,2;9,6;12,6;73;63;66;151;2,9;1,7;
2024-07-07;0900;null;922,5;1020,3;922,6;922,4;-3,5;16;14;9,6;16,3;14;10;9,5;12,6;75;65;75;149;3,1;2;
2024-07-07;1000;null;922,8;1020,1;922,8;922,4;5,8;15;15,4;9,7;15,5;13,7;10;9,6;12,6;77;69;69;151;3,4;2,1;
2024-07-07;1100;null;923,5;1020,2;923,5;922,9;349,8;16;17,4;10,3;17,6;15,4;10,4;9,7;13,2;69;62;63;142;3,7;1,7;
2024-07-07;1200;null;924;1019,8;924;923,5;712,5;19;20;10,9;20;17,4;11;10,3;13,8;64;55;56;125;3,7;1,5;
2024-07-07;1300;null;923,9;1018,7;924;923,9;1637,1;22;23;10,7;23,2;20;11,2;10,3;13,9;56;45;46;134;4;1,6;
2024-07-07;1400;null;923,5;1017,2;923,9;923,5;2097;25;26,3;10,1;26,4;22,5;11,5;9,6;13,7;47;36;36;61;6;2,3;
2024-07-07;1500;null;922,7;1016,1;923,5;922,7;2431,4;28;27;8,3;27,9;25,9;10,8;7,3;13,7;38;28;31;334;7,2;3,5;
2024-07-07;1600;null;921,8;1015,2;922,7;921,8;2630,3;30;26,6;8,8;28,3;26,6;9,8;8,2;13,2;33;30;32;360;9,3;4,1;
2024-07-07;1700;null;921,3;1014,5;921,9;921,3;1376,2;30;27,2;7,3;28,2;26,2;9,3;6,9;13,1;34;27;28;316;7,9;2,8;
2024-07-07;1800;null;920,8;1013,8;921,3;920,8;1026;29;27,7;8,3;27,7;26,6;8,6;7;13,8;31;28;29;345;5,8;2,6;
2024-07-07;1900;null;920,7;1013,9;920,8;920,7;864,1;29;26,9;7,8;28,5;26,7;8,4;7,5;13,1;31;28;30;287;6,3;1,7;
2024-07-07;2000;null;920,7;1014,1;920,7;920,7;522,5;28;26,2;8,3;27,4;26,2;8,3;7,3;13;32;28;32;271;4,1;1,1;
2024-07-07;2100;null;920,9;1015,9;920,9;920,7;38,1;25;21,5;11,5;26,2;21,5;11,5;8,2;12,9;53;32;53;142;2,3;1,2;
2024-07-07;2200;null;921,2;1017,1;921,2;920,9;-3,5;22;19,1;11,7;21,5;19;11,7;11,1;12,8;62;53;62;144;2,3;1,7;
2024-07-07;2300;null;921,6;1017,8;921,6;921,2;-2,9;21;18,3;11,7;19,2;18,2;11,9;11,5;12,8;66;62;66;159;2,3;1,2;
2024-07-08;0000;null;921,8;1018,5;921,8;921,6;-3,3;19;17;11,7;18,4;16,9;11,9;11;12,8;72;62;71;156;2,5;,9;
2024-07-08;0100;null;921,9;1018,5;921,9;921,8;-2,2;19;17,2;11,8;17,6;16,8;11,9;11,7;12,8;72;68;71;160;2,4;1,2;
2024-07-08;0200;null;921,9;1018,4;921,9;921,8;-2,2;19;17,4;11,6;17,5;17,2;11,8;11,6;12,8;71;68;69;147;2,9;2,3;
2024-07-08;0300;null;921,8;1018,3;921,9;921,8;-1,1;19;17,6;11,8;18,2;17,2;11,8;11,4;12,7;70;64;69;147;2,9;1,8;
2024-07-08;0400;null;921,5;1018,1;921,8;921,5;-3,1;19;17,2;11,8;17,7;17,1;11,8;11,5;12,7;71;67;71;161;2,4;1;
2024-07-08;0500;null;921,1;1018;921,5;921,1;-3;18;16,1;11,6;17,4;16;11,9;11,4;12,7;75;70;75;163;2,2;1,3;
2024-07-08;0600;null;920,6;1017,7;921,1;920,6;-3,5;17;15,3;11,4;16,3;15,1;11,8;11,2;12,7;79;75;78;161;2,1;1,3;
2024-07-08;0700;null;920,5;1018,4;920,7;920,5;-3,5;16;13,2;10,6;15,3;13,2;11,7;10,6;12,7;85;78;85;165;2,2;1,1;
2024-07-08;0800;null;920,5;1018,3;920,5;920,4;-3,2;15;13,4;11,9;13,7;13,1;12,5;10,8;12,6;95;85;91;145;2,6;1,7;
2024-07-08;0900;null;920,7;1018,6;920,8;920,5;-2,3;15;13,2;11,7;14;13,2;11,8;10,9;12,6;91;83;90;160;2,5;1,4;
2024-07-08;1000;null;921;1019,1;921,1;920,7;5,2;14;12,8;12,1;13,4;12,8;12,2;11,1;12,6;96;86;96;148;2,9;1,6;
2024-07-08;1100;null;921,6;1018,8;921,6;921;335,4;15;15,4;11,8;15,4;12,7;12,4;10,9;13,4;97;79;79;157;2,6;1,4;
2024-07-08;1200;null;922,3;1017,8;922,3;921,6;1040,6;18;20,5;12,3;20,5;15,4;12,8;11,7;13,8;79;59;59;154;2,4;1,5;
2024-07-08;1300;null;922,4;1016,6;922,5;922,3;1551,8;23;24,4;9,9;24,9;20,5;12,8;9,5;13,9;60;39;40;335;4,3;2,4;
2024-07-08;1400;null;922;1015,5;922,4;922;2100,2;26;26,3;9,4;26,5;24,4;10,1;8,7;13,7;40;34;34;311;6,4;3,1;
2024-07-08;1500;null;921,5;1014,6;922;921,5;2376,9;28;27,5;9,7;27,7;26,2;9,9;9;13,6;35;32;33;305;7,1;3,9;
2024-07-08;1600;null;920,5;1013,3;921,5;920,5;2346,3;30;28,2;9,7;28,4;27;10,1;9;13,7;33;31;32;281;6,7;3,3;
2024-07-08;1700;null;919,7;1012,3;920,5;919,7;2348,3;31;28,3;9,3;29,5;27,4;9,9;8,6;13,6;32;29;30;332;7,5;3,6;
2024-07-08;1800;null;919,2;1012,1;919,7;919,2;1739,1;31;27,5;8,2;29,4;27,4;9,6;7,7;13,1;31;27;30;332;8,2;3,7;
2024-07-08;1900;null;919,3;1012,2;919,3;919,1;887,3;30;27,4;8,4;29,4;27,4;8,8;7,3;13;31;25;30;269;8,2;2,9;
2024-07-08;2000;null;919,5;1012,9;919,5;919,2;590;29;26;9,1;28,3;26;9,2;8,1;13;34;29;34;282;4,8;2;
2024-07-08;2100;null;919,5;1014,1;919,6;919,4;63,5;26;22,3;10,3;26;22,3;10,5;9,1;12,9;47;34;47;224;3,5;2,3;
2024-07-08;2200;null;919,9;1015,9;919,9;919,5;-3,5;23;18,2;11,3;22,3;18,2;11,3;9,9;12,8;64;47;64;4;2,8;1,7;
2024-07-08;2300;null;920,2;1016,3;920,2;919,9;-3,5;20;18;11,5;18,8;17,8;11,8;11;12,8;67;63;65;169;2,8;,7;
2024-07-09;0000;null;920,4;1017,1;920,4;920,2;-3,5;19;16,4;11,7;18,2;16,4;12;11,4;12,8;74;65;74;150;1,7;1;
2024-07-09;0100;null;920,6;1017,8;920,7;920,4;-3,5;17;15,1;11,5;16,4;15,1;11,8;11,4;12,8;79;73;79;161;2;1;
2024-07-09;0200;null;920,8;1018,3;920,9;920,6;-3,4;16;14,4;11,1;15,2;14,4;11,6;11,1;12,8;81;78;81;139;1,5;1;
2024-07-09;0300;null;920,9;1018,1;920,9;920,7;-3,5;15;15,2;10,9;15,7;13,6;11,7;10,8;12,7;84;75;75;208;3,2;2;
2024-07-09;0400;null;921,1;1018,9;921,2;920,9;-3,5;15;13,5;11,2;15,2;13;11,8;10,1;12,7;89;75;86;41;3,2;,5;
2024-07-09;0500;null;920,8;1018,4;921,1;920,7;-,5;15;14;11,2;14,5;13,3;11,6;10,8;12,7;88;82;83;167;2,2;,8;
2024-07-09;0600;null;920,3;1017,6;920,8;920,3;-2,1;15;14,6;11,5;14,7;13,8;11,5;11,2;12,7;86;81;81;200;1,5;,7;
2024-07-09;0700;null;920,1;1017,4;920,4;920;-2,2;15;14,8;11,6;14,9;14;11,7;11,3;12,7;86;80;81;210;1,4;,9;
2024-07-09;0800;null;920;1017,6;920,2;920;-3,1;15;13,7;11,5;15,3;13,7;12;11,2;12,6;86;78;86;103;1,8;,8;
2024-07-09;0900;null;920;1017,6;920;919,8;-3,1;15;13,7;13,4;14,4;13,5;13,4;11,7;12,6;98;86;98;198;1,8;1,3;
2024-07-09;1000;null;920,1;1017,6;920,1;919,9;6,6;15;14,1;14;14,4;13,3;14,1;12,8;12,6;100;91;99;152;1,9;1,4;
2024-07-09;1100;null;920,6;1017,4;920,6;920,1;306,6;15;16,1;13,1;16,1;14;14,3;12,9;13,2;99;82;83;123;1,9;1;
2024-07-09;1200;null;921,1;1016,6;921,1;920,6;1062,4;18;20,1;13,5;20,1;16,1;13,7;12,8;13,8;83;66;66;134;3,9;1,6;
2024-07-09;1300;null;921,3;1015,8;921,4;921,1;1616;22;23,3;12,8;23,5;20;13,8;12,8;13,9;66;52;52;120;3,6;1,7;
2024-07-09;1400;null;921,1;1014,8;921,4;921,1;2074,6;25;25,5;11,8;25,9;22,9;13,2;11,3;13,7;54;42;43;108;4,8;2;
2024-07-09;1500;null;920,4;1013,5;921,1;920,4;2144,8;27;27,1;11,6;27,2;25,4;12,2;11,2;13,9;44;38;38;125;4,4;,9;
2024-07-09;1600;null;919,3;1011,8;920,4;919,3;1960,5;29;28,7;9,1;29,1;27,1;11,4;8,4;13,7;38;29;29;345;8,6;3,9;
2024-07-09;1700;null;918,5;1011,4;919,3;918,5;1390,2;29;27,3;9;29,2;27;9,6;8,2;13,2;32;28;32;336;8,8;3,5;
2024-07-09;1800;null;917,9;1010,7;918,5;917,9;1201;30;27,2;9,8;29,4;27,1;10,3;9,1;13;34;30;34;295;7,3;3;
2024-07-09;1900;null;918;1011,8;918;917,8;403,8;27;24,3;14,6;27,3;24,1;14,6;9,3;13;55;33;55;183;6,5;2,2;
2024-07-09;2000;null;918,4;1012,9;918,4;917,9;257,8;25;22,3;14,7;24,3;22,3;14,7;14,3;13;62;54;62;183;6,8;2,7;
2024-07-09;2100;null;919;1014,5;919;918,4;68,2;23;19,5;14,1;22,3;19,5;14,7;13,9;12,9;71;62;71;177;7,7;3,7;
2024-07-09;2200;null;919,4;1015,7;919,4;919;-3,5;20;17,4;12,9;19,5;17,4;14,2;12,9;12,8;75;71;75;177;8,4;1,6;
2024-07-09;2300;null;919,6;1016,1;919,6;919,4;-3,5;19;16,8;12,1;17,4;16,7;12,9;12,1;12,8;75;74;74;162;6,4;1,5;
2024-07-10;0000;null;919,9;1016,6;919,9;919,6;-3,5;18;16,4;12,1;17;16,1;12,2;11,8;12,8;76;73;76;149;3,2;,8;
2024-07-10;0100;null;920,2;1017;920,2;919,9;-2,3;18;16,1;12,1;16,8;16,1;12,2;12;12,8;77;74;77;335;1,7;,8;
2024-07-10;0200;null;920,3;1017,2;920,3;920,2;-2,9;17;16;12,3;16,7;15,9;12,3;11,9;12,8;79;74;79;43;1,5;,5;
2024-07-10;0300;null;920,4;1017,7;920,5;920,2;-3,5;17;14,7;11,7;16;14,7;12,4;11,6;12,7;82;79;82;115;2,8;,5;
2024-07-10;0400;null;920,3;1018;920,4;920,3;-3,5;16;13,6;13,6;14,7;13,4;13,6;11,5;12,7;100;82;100;155;1,9;1;
2024-07-10;0500;null;920;1017,8;920,4;920;-3,1;15;13,3;13,2;14,3;13,2;14,2;13,2;12,7;100;97;100;161;2,2;,7;
2024-07-10;0600;null;919,5;1017,4;920;919,5;-3,5;14;12,9;12,9;13,3;12,8;13,3;12,8;12,7;100;100;100;151;1,8;,7;
2024-07-10;0700;null;919,4;1017,4;919,5;919,3;-3,5;14;12,5;null;13,1;12,4;null;null;12,7;null;null;null;125;1,8;,9;
2024-07-10;0800;null;919,6;1017,2;919,6;919,2;-3,5;13;13,6;null;13,6;12,2;null;null;12,6;null;null;null;173;2,9;1,6;
2024-07-10;0900;null;919,9;1017,8;920;919,5;-2,5;14;13;null;13,6;12,6;null;null;12,6;null;null;null;143;2,9;1,6;
2024-07-10;1000;null;920,2;1018,2;920,3;919,8;5,6;14;12,8;null;13,4;12,4;null;null;12,6;null;null;null;145;2,3;1,3;
2024-07-10;1100;null;920,9;1017,9;920,9;920,2;246,4;14;15,9;13,4;15,9;12,7;null;null;13,3;null;null;85;152;3,7;2,1;
2024-07-10;1200;null;921,7;1017,7;921,7;920,9;863,3;17;18,9;14,2;19,2;15,9;14,4;13,2;13,2;85;72;74;152;3,7;1,6;
2024-07-10;1300;null;921,8;1016,5;922;921,6;1243,9;20;22,6;14,7;22,7;18,9;15,2;14,4;13,9;75;61;61;133;3,4;1,7;
2024-07-10;1400;null;921,6;1015,9;921,8;921,6;2080,4;24;23,8;14;24,1;22,4;15,2;13,8;13,8;62;54;54;170;4,2;1,7;
2024-07-10;1500;null;920,8;1014,4;921,6;920,8;2133;26;25,6;13,5;26,2;23,8;14,2;13,2;13,5;54;46;47;75;4,2;1,4;
2024-07-10;1600;null;919,6;1012,4;920,8;919,6;2326,8;28;27,8;11,9;28,1;25,5;14,1;11,2;13,7;48;35;37;341;6,9;3,8;
2024-07-10;1700;null;919,1;1011,7;919,6;919,1;1838,9;29;28,4;11,8;28,7;26,4;12,7;10,7;13,2;41;34;36;292;6,9;2;
2024-07-10;1800;null;918,9;1011,7;919,2;918,9;1642,4;30;27,7;12,4;28,4;26,8;12,5;11,4;13,7;40;36;39;312;7;2;
2024-07-10;1900;null;918,7;1011,5;918,9;918,7;734;29;27,6;11,5;28,1;26,3;12,6;11,2;13,1;42;37;37;291;5,3;1,7;
2024-07-10;2000;null;919;1012,2;919;918,7;692;29;26,4;11,1;27,9;26,4;12,2;10,8;13;39;36;38;269;5,4;3,2;
2024-07-10;2100;null;919,8;1014,2;919,8;919;77,1;26;23,1;14,5;26,4;23,1;14,5;11;12,9;59;38;59;198;6;2,7;
2024-07-10;2200;null;920,4;1015,6;920,4;919,8;-3,5;24;20,8;14,3;23,2;20,8;14,8;14,2;12,8;67;59;66;140;4;,6;
2024-07-10;2300;null;921,1;1016,8;921,1;920,4;-3,5;22;19,5;14,9;21;19,1;15;14,1;12,8;75;66;75;151;2,4;,5;
2024-07-11;0000;null;921,6;1017,4;921,6;921,1;-3,3;20;19,3;14,9;19,6;18,3;15,2;14,1;12,8;79;73;75;92;2,3;,7;
2024-07-11;0100;null;921,7;1017,9;921,8;921,6;-3,4;20;18,3;14,7;19,6;18,1;15;14,2;12,8;81;74;80;107;2,2;,9;
2024-07-11;0200;null;922;1018,3;922;921,7;-3,4;19;18;14,7;19,1;18;15,3;14,6;12,8;81;78;81;195;3;,6;
2024-07-11;0300;null;921,7;1018,3;922;921,7;-3,5;19;17;16,5;18;17;16,8;14,5;12,8;97;81;97;143;1,9;1;
2024-07-11;0400;null;921,8;1018,7;921,8;921,6;-3,5;18;16,2;16,2;17;16,2;16,9;15,8;12,7;100;95;100;120;2,3;,6;
2024-07-11;0500;null;921,7;1018,7;921,8;921,7;-3,4;17;15,9;15,9;16,2;15,6;16,2;15,6;12,7;100;100;100;156;1,6;1;
2024-07-11;0600;null;921,5;1018,7;921,7;921,5;-3,4;17;15,3;null;15,9;15,3;null;null;12,7;null;null;null;155;2,1;1,2;
2024-07-11;0700;null;921,5;1018,7;921,5;921,4;-3,5;16;15,4;null;15,4;15;null;null;12,7;null;null;null;172;2,1;1,3;
2024-07-11;0800;null;921,7;1018,5;921,7;921,5;-3,5;16;16,5;14,3;16,6;15,4;16,2;14,3;12,6;100;86;87;150;3,1;1,9;
2024-07-11;0900;null;922,2;1019;922,2;921,7;-3,5;17;16,7;14;16,8;16,2;14,8;13,8;12,6;90;84;84;145;4,2;2;
2024-07-11;1000;null;922,7;1019,5;922,7;922,2;5,7;17;16,9;13,9;17,3;16,5;14,2;13,8;12,6;85;81;82;145;4,2;2;
2024-07-11;1100;null;923,3;1019,6;923,3;922,7;331,4;18;18,5;14,4;18,5;16,8;14,4;13,9;13,3;83;77;77;138;4,1;1,9;
2024-07-11;1200;null;924,1;1019,3;924,1;923,3;1016;20;22;14,5;22,3;18,5;15,3;14,4;13,7;77;62;62;135;3,3;,8;
2024-07-11;1300;null;924,5;1019;924,5;924,1;1660;24;24,2;13,4;24,6;22,1;14,7;13;13,8;62;49;51;126;3,5;1,5;
2024-07-11;1400;null;924,2;1017,6;924,5;924,2;2131,2;27;27,3;12,9;27,3;24,2;14;12,2;13,8;51;41;41;64;5;2;
2024-07-11;1500;null;923,5;1016,5;924,3;923,5;2407,6;29;28,5;10,9;29,3;27;13,1;10,7;13,6;41;33;33;45;6,7;3,2;
2024-07-11;1600;null;922,4;1014,7;923,5;922,4;2423,9;31;30,2;11,7;30,2;28,4;11,7;10,5;13,5;34;31;32;58;7,3;3;
2024-07-11;1700;null;921,8;1014,2;922,5;921,8;2245,7;32;29,8;10,2;31;29,1;11,8;10;13,5;32;29;30;8;8,4;3,2;
2024-07-11;1800;null;921,3;1013,9;921,8;921,3;1612,1;32;29,1;10,4;30,4;28,9;11,3;9,5;13,1;32;29;31;52;6,5;2,4;
2024-07-11;1900;null;921,5;1013,9;921,5;921,2;1118,5;32;29,7;10,5;30,2;29;11,4;10,3;13,4;33;30;30;46;6,3;3,1;
2024-07-11;2000;null;921,9;1015;922;921,5;462,1;31;27,7;10,5;29,7;27,7;11;9,8;13;35;30;34;50;7,1;1,8;
2024-07-11;2100;null;922,8;1016,9;922,8;921,9;63,9;28;24,8;12;27,7;24,8;12;10,5;12,9;45;34;45;70;3,9;1;
2024-07-11;2200;null;923,3;1018,3;923,3;922,7;-3,5;25;22,2;12,8;24,8;21,7;13;12;12,8;57;45;55;127;3,3;1,1;
2024-07-11;2300;null;924,2;1019,1;924,2;923,3;-3,5;23;22,8;12,3;23;22,2;12,9;12,1;12,8;55;52;52;157;3,1;1,7;
2024-07-12;0000;null;924,6;1020,5;924,7;924,2;-3,5;22;19,9;12,4;22,8;19,9;12,5;12,1;12,8;62;51;62;153;3,4;2,1;
2024-07-12;0100;null;925,3;1021,6;925,3;924,6;-3,5;21;19,2;12,3;20,9;19,2;12,6;12,1;12,8;65;59;65;146;3,5;2,4;
2024-07-12;0200;null;925,7;1022,3;925,7;925,3;-3,5;20;18,2;12,4;19,6;17,9;12,5;12,1;12,8;70;63;69;145;3,3;2;
2024-07-12;0300;null;925,7;1022,7;925,8;925,6;-3,5;19;17,1;12,3;18,2;17,1;12,3;12,1;12,8;73;68;73;152;2,8;2,1;
2024-07-12;0400;null;925,7;1022,9;925,8;925,6;-3,5;18;16,6;12,2;17,1;16,5;12,4;12,1;12,7;76;73;76;143;3,1;2;
2024-07-12;0500;null;925,4;1023;925,7;925,4;-3,5;17;15,3;12;16,6;15,2;12,3;11,6;12,7;81;76;81;150;2,6;,8;
2024-07-12;0600;null;925,5;1023,6;925,6;925,4;-3,5;16;14,1;11,6;15,3;14,1;12,2;11,6;12,7;85;81;85;140;2;1,2;
2024-07-12;0700;null;925,4;1023,5;925,5;925,4;-3,5;15;14;12,1;14,7;13,8;13,8;11,6;12,7;97;85;89;151;2,7;1,5;
2024-07-12;0800;null;925,4;1022,6;925,4;925,2;-3,5;16;16,5;11,8;16,5;13,4;13,6;11,7;12,6;99;74;74;145;3,9;1,8;
2024-07-12;0900;null;925,7;1022,6;925,7;925,3;-3,5;17;17,6;12;17,6;16,5;12,1;11,8;12,6;74;70;70;149;3,6;1,9;
2024-07-12;1000;null;926,2;1023,2;926,2;925,6;5,6;17;17,3;12;17,6;17,1;12,1;11,8;12,6;72;70;71;149;3,9;2;
2024-07-12;1100;null;926,8;1023,3;926,8;926,2;370,3;18;19,1;12,3;19,1;17,3;12,6;12;13,2;71;64;65;153;3,6;1,6;
2024-07-12;1200;null;927,5;1022,7;927,5;926,8;921,3;21;22,9;13,2;22,9;18,9;13,2;12,2;13,8;66;53;54;116;3,1;1,2;
2024-07-12;1300;null;927,7;1022,1;927,7;927,5;1703,3;24;25,3;10,7;25,5;22,6;13,1;10,7;13,8;55;40;40;99;3,9;1,4;
2024-07-12;1400;null;927,3;1021,1;927,7;927,3;2149,1;27;27,1;10;27,6;25,1;12,2;10;13,7;42;34;34;108;3,8;1,6;
2024-07-12;1500;null;926,6;1019,9;927,3;926,6;2411,9;29;28,3;10,6;28,7;26,8;11,2;10;13,7;36;32;33;95;4,2;2;
2024-07-12;1600;null;925,6;1018,6;926,6;925,6;2456,4;31;29;9,5;29,6;27,9;10,8;8,7;13,5;33;29;29;130;4,6;1,6;
2024-07-12;1700;null;924,8;1017,6;925,6;924,8;2313,7;32;29,4;8,2;30,9;28,7;10,3;8,2;13,5;30;26;27;113;5,2;1,6;
2024-07-12;1800;null;924,2;1016,8;924,8;924,2;1931,2;33;29,8;6,7;31;29,1;9,5;6,1;13,5;29;22;23;46;5;2,7;
2024-07-12;1900;null;924,2;1016,8;924,4;924,2;1367,8;33;29,9;6;30,6;29,4;8,1;5,6;13,2;25;21;22;71;5;1,4;
2024-07-12;2000;null;924,4;1017,5;924,5;924,2;698,5;33;28,5;9,8;30;28,4;9,8;6,3;13;31;22;31;66;3,8;,5;
2024-07-12;2100;null;925,1;1019,1;925,1;924,4;104,2;29;25,8;10,2;28,8;25,1;10,3;8,8;12,9;38;30;37;137;2,6;1,7;
2024-07-12;2200;null;925,9;1021,1;925,9;925,1;-3,5;26;22,5;14,8;25,8;22,5;14,9;10,1;12,8;62;37;62;162;4,1;1,5;
2024-07-12;2300;null;926,3;1022,1;926,3;925,9;-3,5;24;20,9;15,3;22,5;20,9;15,5;14,9;12,8;70;62;70;153;3,6;1,7;
2024-07-13;0000;null;926,5;1022,6;926,6;926,2;-3,5;22;20;15,1;21;20;15,5;15;12,8;73;70;73;146;2,9;1,3;
2024-07-13;0100;null;926,7;1023,6;926,8;926,5;-3,5;20;17,9;14,8;20;17,7;15,2;14,4;12,8;83;73;82;155;2,8;1,3;
2024-07-13;0200;null;926,7;1023,9;926,8;926,6;-3,5;19;16,9;15,7;18;16,7;16,1;14,4;12,8;95;81;93;170;1,9;1,1;
2024-07-13;0300;null;926,7;1024;926,9;926,5;-3,5;18;16,7;16,2;16,9;15,3;16,4;14,2;12,7;100;86;97;137;2,7;1,3;
2024-07-13;0400;null;926,1;1022,7;926,7;926,1;-3,5;18;18,4;13,2;18,6;16,4;15,5;13,1;12,7;97;71;72;116;6;2,1;
2024-07-13;0500;null;925,8;1022,7;926,1;925,7;-3,5;18;17,6;13,2;18,7;17,6;13,3;13;12,7;75;71;75;148;6,3;1,9;
2024-07-13;0600;null;925,7;1022,8;925,9;925,7;-3,5;18;17;13,5;17,8;16,9;13,6;13;12,7;80;75;80;109;4,3;,8;
2024-07-13;0700;null;925,7;1022,8;925,8;925,6;-3,5;18;17;13,7;17,2;16,8;13,9;13,4;12,7;82;80;81;138;4,5;1,7;
2024-07-13;0800;null;925,6;1022,5;925,8;925,6;-3,5;18;17,4;14,1;17,6;16,8;14,1;13,7;12,6;83;80;81;117;6;2,1;
2024-07-13;0900;null;926,1;1023,2;926,1;925,6;-3,5;18;17,1;13,8;17,5;17;14;13,7;12,6;81;80;81;117;6,2;2,2;
2024-07-13;1000;null;926,2;1023,3;926,4;926,1;9,7;17;17,2;13,6;17,3;16,5;13,8;13,5;12,6;83;79;79;122;8;3,1;
2024-07-13;1100;null;927,2;1024;927,2;926,2;317,1;18;18,1;13,9;18,1;17,2;13,9;13,6;13,3;79;77;77;138;10,1;2,2;
2024-07-13;1200;null;927,6;1023,7;927,6;927,1;1064,6;20;20,3;14,1;20,4;18,1;14,5;13,8;13,5;77;67;68;107;8,5;2,5;
2024-07-13;1300;null;928,1;1023,4;928,1;927,6;1621,9;22;22,9;13,7;23;19,9;14,3;13,6;13,9;68;56;56;68;7,7;2,3;
2024-07-13;1400;null;927,8;1022,9;928,2;927,8;2046,8;24;23,5;13,8;23,5;22,2;14,2;13;13,8;58;54;55;75;10,4;3,7;
2024-07-13;1500;null;927;1021,3;927,8;926,9;2513,3;26;25,6;13;25,6;22,9;13,8;12,6;13,8;55;46;46;73;11;2,9;
2024-07-13;1600;null;926,2;1020,5;927;926,2;2215;27;25,2;12,2;25,8;24;13,4;11,7;13,7;48;44;45;89;10;2,5;
2024-07-13;1700;null;925,6;1019,7;926,2;925,5;2402,6;28;25,8;11,6;26,8;24,8;12,9;11,4;13,7;45;40;41;98;7,5;2,5;
2024-07-13;1800;null;925;1018,8;925,6;925;1963,5;29;26,4;10,6;26,8;25,2;12,2;10,2;13,7;43;36;37;83;6,7;2,2;
2024-07-13;1900;null;924,9;1019,1;925,1;924,9;1381,1;29;25,2;10,6;26,6;25,2;11,2;10,1;13,3;40;37;40;92;7,3;2,3;
2024-07-13;2000;null;925;1019,6;925;924,9;691,9;28;24;10,5;25,6;24;10,9;10,1;13;43;39;43;103;6;1,5;
2024-07-13;2100;null;925,3;1021;925,3;925;91,4;25;20,8;11;24;20,4;11,4;10,3;12,9;56;42;54;159;4,3;,7;
2024-07-13;2200;null;925,3;1021,9;925,4;925,3;-3,5;21;18,3;11,3;20,8;18,3;11,4;10,5;12,8;64;53;64;129;1,9;1;
2024-07-13;2300;null;925,6;1022,3;925,6;925,3;-3,5;19;17,9;11,1;18,7;17,3;11,4;10,2;12,8;67;61;65;127;1,9;,8;
2024-07-14;0000;null;926,3;1023,4;926,3;925,6;-3,5;18;17;11;18,5;17;11,3;10,8;12,8;68;62;68;139;2,4;1,6;
2024-07-14;0100;null;926,2;1024,1;926,4;926,1;-3,5;17;14,8;11;17;14,7;11,2;10,4;12,8;78;68;78;137;2,9;1,9;
2024-07-14;0200;null;925,8;1023,3;926,2;925,5;-3,5;15;15,9;11,1;15,9;13,6;11,4;10,5;12,8;83;73;73;155;2,9;1,7;
2024-07-14;0300;null;925,9;1024,2;926,1;925,8;-3,5;15;13,5;10,6;16,2;13,4;11,1;10,2;12,7;82;71;82;141;3,2;1,9;
2024-07-14;0400;null;925,8;1024,3;925,9;925,7;-3,5;14;12,9;10,5;13,6;12,7;10,8;10,1;12,7;86;82;85;148;3;2,3;
2024-07-14;0500;null;925,3;1024;925,8;925,2;-3,5;14;12,4;11,6;13;12,2;11,7;10,2;12,7;96;84;95;152;3,1;1,9;
2024-07-14;0600;null;925,2;1023,7;925,4;925,2;-3,5;14;12,9;10,5;14,4;12,2;12,4;9,8;12,7;97;78;85;164;3,5;1,6;
2024-07-14;0700;null;925,4;1023,4;925,5;925,2;-3,5;14;14,3;10,2;14,9;12,9;10,9;10,2;12,6;85;75;77;150;3,3;1,7;
2024-07-14;0800;null;925,5;1023,5;925,7;925,4;-3,5;14;14,2;10,3;14,7;13,5;10,6;9,9;12,6;80;76;77;134;3,1;1,4;
2024-07-14;0900;null;925,6;1023,8;925,6;925,4;-3,5;14;13,7;10,1;14,2;13,1;10,3;9,8;12,6;82;77;79;142;3,3;1,7;
2024-07-14;1000;null;926;1024,4;926;925,5;6,1;14;13,4;10;13,8;13,3;10,2;9,8;12,6;80;78;80;144;3,8;1,7;
2024-07-14;1100;null;926,6;1024,3;926,6;926;376,6;14;15,6;10,7;15,6;13,4;10,7;10;13,4;80;72;72;136;3,5;1,6;
2024-07-14;1200;null;927,2;1023,5;927,2;926,6;1094,9;17;19,6;11,3;19,6;15,6;11,7;10,6;13,8;72;59;59;128;4;1,3;
2024-07-14;1300;null;927,5;1023;927,6;927,3;1748,1;21;22,2;10,8;22,3;19,6;11,7;10,2;13,9;59;48;48;80;5,1;1,8;
2024-07-14;1400;null;927,1;1021,9;927,5;927,1;2221,6;24;23,9;9,3;24,2;21,7;11,3;9,3;13,9;50;40;40;56;6,3;2,5;
2024-07-14;1500;null;926,3;1020,6;927,1;926,3;2499,4;26;25,3;8,3;25,8;23,3;10,2;8;13,8;41;34;34;49;5,6;2,7;
2024-07-14;1600;null;925,2;1019,5;926,3;925,2;2518,7;28;24,9;7,6;26,2;24,2;8,8;7,3;13,8;36;31;33;63;6;1,8;
2024-07-14;1700;null;924,4;1018,3;925,2;924,4;2368,9;28;25,8;6,5;26,9;24,9;8,6;6,1;13,7;33;28;29;357;5,8;2;
2024-07-14;1800;null;923,7;1017,5;924,4;923,7;2067;29;26;7,4;27;25,4;8;5,7;13,7;31;27;31;159;4,8;1,6;
2024-07-14;1900;null;923,6;1017,4;923,7;923,6;1358,2;29;25,9;7,2;26,4;25,3;7,8;6,5;13,3;32;30;30;22;5,3;1,3;
2024-07-14;2000;null;923,9;1018,3;923,9;923,6;723,5;28;24,3;7;26;24,3;8;6,4;13,1;35;30;33;98;3,2;,6;
2024-07-14;2100;null;924,2;1019,9;924,2;923,9;93,4;25;20,6;7,5;24,3;20,6;8,6;7,2;12,9;43;33;43;72;2;,7;
2024-07-14;2200;null;924,8;1021,8;924,8;924,2;-3,5;21;17;9;20,8;16,8;9,3;7,6;12,8;61;43;60;143;2,5;1,5;
2024-07-14;2300;null;925,2;1022,9;925,2;924,8;-3,5;18;15;9,2;17;15;9,5;8,8;12,8;68;60;68;149;3,5;2,1;
2024-07-15;0000;null;925,5;1023,4;925,5;925,2;-3,5;17;14,7;8,9;15,2;14,4;9,3;8,8;12,8;70;67;68;148;3,7;2,4;
2024-07-15;0100;null;926;1024;926;925,5;-3,5;16;14,4;8,8;15;14,4;9;8,7;12,8;69;67;69;144;3,5;2,5;
2024-07-15;0200;null;925,9;1023,9;926;925,9;-3,5;16;14,3;8,8;15,2;14,2;9,1;8,7;12,7;70;67;70;147;3,5;2,7;
2024-07-15;0300;null;925,9;1024,1;926;925,9;-3,5;15;14;9;15,3;13,7;9,1;8,7;12,7;72;66;72;147;3,8;2,2;
2024-07-15;0400;null;925,8;1024,4;926;925,8;-3,5;15;12,8;8,5;15,5;12,8;9,2;8,3;12,7;75;65;75;151;3,4;1,4;
2024-07-15;0500;null;925,6;1024,5;925,8;925,6;-3,5;13;11,9;8,7;12,8;11,7;9,1;8,1;12,7;82;75;81;176;2,6;,8;
2024-07-15;0600;null;925,4;1024,7;925,6;925,4;-3,5;12;10,8;8,4;12,1;10,8;9;8,3;12,7;87;80;85;159;2,5;1,2;
2024-07-15;0700;null;925,4;1024,8;925,5;925,4;-3,5;12;10,5;10;11,1;10,2;10,2;8,4;12,7;98;85;97;178;2,3;,8;
2024-07-15;0800;null;925,4;1025;925,4;925,3;-3,5;11;10;9,9;10,6;9,6;10,2;9,3;12,6;100;94;99;161;1,9;1,5;
2024-07-15;0900;null;925,8;1025,5;925,8;925,4;-3,5;11;9,8;9,8;10,1;9,7;10,1;9,6;12,6;100;99;100;154;2,5;2;
2024-07-15;1000;null;926,3;1025,9;926,3;925,8;9,5;11;10,1;9,8;10,1;9,7;9,9;9,6;12,6;100;98;98;154;3,2;2;
2024-07-15;1100;null;926,9;1025,2;927;926,3;327,6;12;14;9,5;14;10,1;10;8,4;13,4;98;75;75;156;3,7;2,2;
2024-07-15;1200;null;927,8;1024,3;927,8;926,9;1062,8;16;19,3;10;19,3;14;10,1;9,3;13,9;75;55;55;141;4,6;2;
2024-07-15;1300;null;928,2;1023,8;928,2;927,8;1680,3;20;22,1;9;22,5;19,2;10,3;8,6;13,9;56;42;43;123;3,8;2;
2024-07-15;1400;null;927,8;1022,7;928,2;927,8;2194,2;23;23,9;8,8;24,3;22,1;9,2;8;13,8;44;37;38;107;4,7;1,8;
2024-07-15;1500;null;927,1;1021,3;927,8;927,1;2449,5;26;25,8;7,6;25,8;23,8;9,1;6,9;13,8;38;31;31;64;4,6;1,8;
2024-07-15;1600;null;926,3;1020,3;927,1;926,3;2486,9;27;26,2;7,7;26,3;24,6;8,1;6,9;13,8;34;31;31;132;5,8;1,3;
2024-07-15;1700;null;925,5;1019,4;926,2;925,5;2377,2;28;26,2;8;26,6;24,8;8,3;6,9;13,7;33;30;32;47;5,7;3,2;
2024-07-15;1800;null;925,2;1019;925,5;925,1;2011;29;26,4;7;26,8;25,7;8,4;6,8;13,8;32;29;29;356;6;2,4;
2024-07-15;1900;null;925,2;1019;925,2;925,1;1443,3;29;26,4;6,8;26,9;25,8;7,7;6,5;13,6;31;28;29;76;4,9;1,4;
2024-07-15;2000;null;925,4;1019,8;925,4;925,1;682,2;29;24,6;7,6;26,5;24,6;8,8;6,4;13;37;29;34;63;3,7;,8;
2024-07-15;2100;null;925,9;1022;925,9;925,4;84,8;25;19,9;9,1;24,6;19,6;9,8;7,7;12,9;53;34;50;162;2,5;1,6;
2024-07-15;2200;null;926,3;1023,2;926,3;925,9;-3,5;21;17,8;9,5;20,1;17,8;9,9;8,7;12,8;59;48;59;93;2,5;1;
2024-07-15;2300;null;926,7;1024,4;926,7;926,3;-3,5;18;15,4;10;17,8;15,3;10,1;9;12,8;71;59;70;170;1,8;,3;
2024-07-16;0000;null;926,8;1024,9;926,8;926,7;-3,5;16;14,4;9,9;15,4;14;10;9,6;12,8;76;70;75;140;1,4;,8;
2024-07-16;0100;null;927,1;1025,3;927,1;926,8;-3,5;15;14,2;9,6;15;13,8;10;9,3;12,8;76;71;74;153;2,4;1,8;
2024-07-16;0200;null;927,1;1025,5;927,2;927,1;-3,5;15;13,7;9,3;14,2;13,4;9,6;9,3;12,7;76;74;75;152;2,7;2;
2024-07-16;0300;null;927;1025,6;927,1;927;-3,5;14;13;9,2;13,7;12,2;9,4;8,6;12,7;80;75;78;145;2,8;1,8;
2024-07-16;0400;null;926,6;1025,7;927;926,6;-3,5;13;11,5;8,8;13;11,3;9,2;8,6;12,7;84;78;84;146;2,3;1,6;
2024-07-16;0500;null;926,3;1025,5;926,6;926,3;-3,5;13;11,3;8,9;11,9;10,8;9;8,3;12,7;86;81;85;152;2,5;1,5;
2024-07-16;0600;null;926;1025,5;926,3;926;-3,5;12;10,4;9,3;11,4;10,4;9,8;8,2;12,7;95;83;93;151;2,5;2;
2024-07-16;0700;null;926;1025,1;926,1;926;-3,5;11;11,3;8,2;11,8;10,1;10;7,9;12,6;96;81;81;139;3,5;2;
2024-07-16;0800;null;926,1;1025,4;926,1;925,9;-3,5;11;10,9;8,2;11,3;10,3;8,8;7,8;12,6;89;81;83;152;2,8;1,4;
2024-07-16;0900;null;926,5;1025,7;926,5;926,1;-3,5;12;11,4;8,2;12,4;10,9;8,5;7,9;12,6;83;77;81;147;3,2;2,1;
2024-07-16;1000;null;927,2;1026,4;927,2;926,5;6,3;12;11,5;8,2;12,4;11,3;8,5;7,9;12,6;81;76;80;149;3,2;2,1;
2024-07-16;1100;null;927,9;1026,1;927,9;927,2;368,6;13;14,4;9,3;14,4;11,5;9,3;8,1;13,4;80;72;72;147;3,2;1,8;
2024-07-16;1200;null;928,5;1025,3;928,5;927,9;1042,7;16;18,5;10,6;18,5;14,4;10,8;9,3;13,8;72;60;60;131;3,6;1,7;
2024-07-16;1300;null;928,7;1024,4;928,9;928,5;1706,8;20;21,9;10;22,6;18,5;10,9;9,8;13,9;60;46;47;87;6,2;2,4;
2024-07-16;1400;null;928,6;1023,9;928,8;928,6;2194,3;23;23;10;23,5;21,6;10,5;9,4;13,9;48;42;44;68;6,6;2,3;
2024-07-16;1500;null;928;1022,8;928,6;928;2456,1;25;24,4;9,4;24,8;23;10,1;8,9;13,8;44;38;39;56;7;3;
2024-07-16;1600;null;926,8;1021,2;928;926,8;2633,2;27;25,1;8,6;25,9;24;9,9;8;13,7;39;33;35;94;7,4;1,7;
2024-07-16;1700;null;926,1;1020,1;926,8;926,1;2321,6;28;26,2;8,1;26,4;24,7;8,7;7,4;13,8;35;31;32;74;6,8;2,3;
2024-07-16;1800;null;925,6;1019,8;926,1;925,6;1955,5;28;25,3;7,9;27;25;8,1;7;13,7;33;30;33;66;6,8;2,9;
2024-07-16;1900;null;925,7;1019,9;925,7;925,6;1386,8;28;25,5;8,2;26,1;25,1;8,5;7,3;13,3;34;31;33;77;6,8;1,7;
2024-07-16;2000;null;925,9;1020,6;925,9;925,7;704,5;28;23,9;8,4;25,8;23,9;8,5;7,5;13;37;33;37;44;null;2;
2024-07-16;2100;null;926,3;1022,5;926,3;925,9;98,7;25;19,6;9,1;23,9;19,6;9,1;8,1;12,9;51;37;51;109;5;,6;
2024-07-16;2200;null;926,8;1024;926,8;926,2;-3,5;21;17;9,9;20;17;9,9;8,8;12,8;63;49;63;140;2;1;
2024-07-16;2300;null;927,4;1025,1;927,4;926,8;-3,5;18;15,6;9,6;17;15,6;9,9;9,6;12,8;68;63;67;145;2,3;1,2;
2024-07-17;0000;null;927,9;1026,1;927,9;927,4;-3,5;17;14,6;9,4;16;14,5;9,8;9,2;12,8;71;66;71;153;2,6;2;
2024-07-17;0100;null;928,2;1026;928,2;927,9;-3,5;16;15,8;9,4;15,8;14,6;9,5;9,1;12,8;71;66;66;151;3;1,8;
2024-07-17;0200;null;928,4;1025,7;928,4;928,2;-3,5;16;17,1;9,5;17,1;15,5;9,5;9,1;12,8;66;61;61;148;2,9;1,3;
2024-07-17;0300;null;928,2;1026;928,4;928,2;-3,5;16;15,8;9,2;17,1;15,3;9,4;8,9;12,7;66;60;65;143;2,7;1,3;
2024-07-17;0400;null;927,9;1025,7;928,3;927,9;-3,5;16;15,6;9;16,3;15,3;9,4;8,9;12,7;66;63;65;155;3,1;1,9;
2024-07-17;0500;null;927,4;1025,7;927,9;927,4;-3,5;16;14,1;9;15,9;13,9;9,1;8,8;12,7;72;64;72;145;3,1;1,6;
2024-07-17;0600;null;927;1025,2;927,4;927;-3,5;15;14,2;9;14,8;13,7;9,3;8,7;12,7;73;69;71;144;3,1;1,9;
2024-07-17;0700;null;926,8;1024,6;927,1;926,8;-3,5;15;15,3;9;15,3;14,2;9,1;8,8;12,7;71;66;66;138;3,7;1,8;
2024-07-17;0800;null;926,7;1024,7;926,8;926,6;-3,5;15;14,8;9;15,3;14,7;9,1;8,8;12,6;68;66;68;140;4,8;1,8;
2024-07-17;0900;null;927,5;1025,6;927,5;926,7;-3,5;15;14,6;9;14,9;14,5;9,1;8,9;12,6;69;68;69;150;3,7;1,5;
2024-07-17;1000;null;928,1;1026,6;928,1;927,5;5,8;14;13,7;8,9;14,7;13,5;9,1;8,7;12,6;73;69;73;143;2,5;1,2;
2024-07-17;1100;null;928,8;1026,7;928,8;928,1;373,7;14;15,5;9,8;15,5;12,6;9,9;8,6;13,4;78;68;69;144;2,3;1,3;
2024-07-17;1200;null;929,4;1026,1;929,4;928,8;1081,2;17;19,3;10,1;19,3;15,5;10,4;9,6;13,8;69;55;55;123;4,2;2;
2024-07-17;1300;null;929,4;1025,2;929,5;929,4;1733,3;21;21,9;8,8;22,3;19,3;10,5;8,8;13,7;55;43;43;99;5,1;1,7;
2024-07-17;1400;null;929;1024,2;929,4;929;2219;24;23,4;7,7;24,2;21,9;9,9;7,7;13,8;44;36;37;33;4,6;1,8;
2024-07-17;1500;null;927,9;1022,3;929;927,9;2484,3;27;25,5;8,3;25,8;23,2;9,2;7,4;13,8;38;32;33;135;4,9;1,7;
2024-07-17;1600;null;926,7;1020,6;927,9;926,7;2524,6;28;26,7;7,6;26,7;25,1;8,4;6,9;13,7;34;29;30;10;4,3;1,3;
2024-07-17;1700;null;925,7;1019,2;926,7;925,7;2371,3;29;27,6;6,9;28;26,1;7,6;6,4;13,7;30;27;27;184;5,7;1,2;
2024-07-17;1800;null;925,2;1018,7;925,7;925,2;1985,6;30;27,4;6,2;28;26,1;6,9;5,7;13,7;28;26;26;167;5,5;1,4;
2024-07-17;1900;null;925;1018,7;925,2;925;1391,4;30;26,8;5,5;27,7;26,4;6,4;5,2;13,3;27;25;26;232;4,7;2,5;
2024-07-17;2000;null;925;1019,2;925;924,9;729,5;29;25,1;6,9;27,4;25,1;6,9;5,4;13;31;25;31;214;4,9;3;
2024-07-17;2100;null;925,4;1020,8;925,4;925;110,6;25;21,7;7,4;25,1;21,6;7,8;6,9;12,9;40;31;40;192;4,8;2,2;
2024-07-17;2200;null;925,7;1022,5;925,7;925,4;-3,5;22;17,8;8,7;21,7;17,8;8,7;7,1;12,8;55;40;55;89;3,6;,5;
2024-07-17;2300;null;925,9;1023,1;925,9;925,7;-3,5;19;16,8;7,7;18;16,6;8,8;7,7;12,8;56;54;55;173;1,2;,7;
2024-07-18;0000;null;926,1;1023,9;926,1;925,9;-3,5;17;15,1;7,9;17,3;14,8;8,2;7,3;12,8;64;53;62;166;1,8;,8;
2024-07-18;0100;null;926,2;1024,6;926,2;926;-3,5;15;13,3;8,1;15,1;13,3;8,5;7,5;12,8;71;61;71;127;1,9;1,1;
2024-07-18;0200;null;926,1;1024,9;926,3;926,1;-3,5;14;12,4;7,8;13,6;12,3;8,2;7,6;12,7;74;68;74;153;2,8;1,9;
2024-07-18;0300;null;925,8;1024,7;926,1;925,8;-3,5;14;12;7,9;12,5;11,8;8;7,7;12,7;77;73;76;147;2,4;1,6;
2024-07-18;0400;null;925,2;1024,3;925,8;925,2;-3,5;13;11,3;7,8;12;11,3;8,2;7,7;12,7;79;76;79;146;2,2;1,3;
2024-07-18;0500;null;925,2;1024,6;925,4;925,2;-3,5;12;10,4;7,5;11,5;10,4;8;7,5;12,7;82;79;82;153;1,8;1,1;
2024-07-18;0600;null;925,1;1024,6;925,2;925;-3,5;12;10;7,6;10,9;10;8,1;7,5;12,7;85;82;85;164;2,3;1,1;
2024-07-18;0700;null;924,8;1024,1;925,1;924,8;-3,5;11;10,4;7,8;10,6;10;8,2;7,6;12,6;86;84;84;156;2,4;1,6;
2024-07-18;0800;null;925,2;1024,6;925,2;924,8;-3,5;11;10,4;8;10,6;10;8,3;7,4;12,6;87;83;85;166;2;,7;
2024-07-18;0900;null;925,6;1025,2;925,6;925,2;-3,5;11;9,9;9,1;10,7;9,8;9,3;7,6;12,6;96;83;95;144;2,3;1,3;
2024-07-18;1000;null;926,3;1025,9;926,3;925,6;6;10;10,2;8,9;10,2;9,6;9,6;8,3;12,6;98;91;92;163;2,3;1,7;
2024-07-18;1100;null;927;1024,9;927;926,3;368,7;12;15,1;9,1;15,1;10,2;9,1;7,9;13,4;92;66;67;151;3,3;2;
2024-07-18;1200;null;927,6;1024,1;927,6;927;1085,6;16;19,1;9,8;19,2;15,1;10,3;9;13,9;67;55;55;150;3,1;1,8;
2024-07-18;1300;null;927,7;1023;927,8;927,6;1743,8;20;22,7;8,8;23,3;19;10,5;8,8;13,9;55;40;41;131;4,7;1,5;
2024-07-18;1400;null;927,3;1022,1;927,7;927,3;2224,9;24;24,2;6,6;24,6;22,5;9,4;6,6;13,9;42;32;32;137;4,6;2,1;
2024-07-18;1500;null;926,5;1020,4;927,3;926,5;2482;26;26,5;6,1;26,7;24;7,7;6;13,7;34;27;27;261;5;1,7;
2024-07-18;1600;null;925,5;1019,3;926,5;925,5;2534,5;28;26,7;5,7;27,3;25,4;6,9;5,4;13,8;29;26;26;5;4,7;1,3;
2024-07-18;1700;null;924,7;1018,3;925,5;924,7;2361,9;29;27;6;28;25,9;7;5,5;13,7;28;25;26;280;4,7;1,4;
2024-07-18;1800;null;924,1;1017,5;924,7;924,1;1987,9;30;27,2;6,1;27,7;26,4;6,9;5,8;13,7;28;26;26;123;4,1;1,1;
2024-07-18;1900;null;923,7;1017,1;924,1;923,7;1425,7;30;27,1;6,1;28,2;26,7;6,8;5,9;13,3;28;25;26;50;4,6;1,4;
2024-07-18;2000;null;923,8;1017,6;923,9;923,7;726,5;30;25,9;7,4;27,3;25,6;7,9;5,8;13;33;26;31;45;2,6;,7;
2024-07-18;2100;null;924,2;1019,5;924,2;923,8;99,4;26;21,8;7,8;26,3;21,3;7,8;6,9;12,9;41;30;40;118;2,2;,6;
2024-07-18;2200;null;925;1021,8;925;924,2;-3,5;21;17,6;8,6;21,9;17,2;8,7;7,1;12,8;55;40;55;157;2,6;1,5;
2024-07-18;2300;null;925,5;1023,3;925,6;925;-3,5;18;14,9;8,9;18,1;14,8;9,1;7,6;12,8;67;53;67;156;2,6;1,2;
2024-07-19;0000;null;926,1;1024;926,1;925,5;-3,5;16;14,7;8,2;15,2;13,8;9,2;8,1;12,8;71;65;65;139;2,7;,6;
2024-07-19;0100;null;926,4;1024,7;926,5;926;-3,5;15;13,8;7,6;14,7;13,2;8,6;7,6;12,8;72;65;66;163;2,2;,9;
2024-07-19;0200;null;926,5;1025,4;926,6;926,4;-3,5;14;12;7,6;13,8;12;8,1;7,6;12,8;75;66;74;154;2;1,4;
2024-07-19;0300;null;926,2;1025,5;926,5;926,2;-3,5;13;11;7,2;12;10,8;7,7;7,1;12,7;79;74;77;148;2,4;1,4;
2024-07-19;0400;null;926,2;1025,5;926,3;926,2;-3,5;12;10,9;6,8;12;10,8;7,4;6,6;12,7;77;72;76;162;2,3;1,6;
2024-07-19;0500;null;925,9;1025,4;926,2;925,9;-3,5;12;10,4;6,6;11,1;10,1;7,1;6,4;12,7;80;76;77;160;2,9;1,9;
2024-07-19;0600;null;925,8;1025,6;925,9;925,8;-3,5;11;9,4;6,4;10,7;9,4;6,8;6,3;12,7;81;76;81;140;2,7;1,4;
2024-07-19;0700;null;926;1026;926;925,7;-3,5;10;9,1;6,4;9,6;8,8;6,7;6;12,6;84;81;83;162;2,6;2;
2024-07-19;0800;null;926,2;1026,3;926,2;925,9;-3,5;10;8,9;7,5;9,6;8,1;7,6;5,6;12,6;93;81;91;158;3,1;2,3;
2024-07-19;0900;null;926,6;1026,7;926,6;926,2;-3,5;9;9;6,2;9,2;8,6;6,8;6,1;12,6;90;83;83;145;3,1;1,7;
2024-07-19;1000;null;927,3;1026,7;927,3;926,6;7,3;10;11;6,5;11,2;9;6,7;6;12,5;83;74;74;146;3,9;2,1;
2024-07-19;1100;null;928;1026,2;928;927,3;403,5;12;14,5;7,7;14,5;11;8;6,5;13,5;74;64;64;147;3,9;1,6;
2024-07-19;1200;null;928,7;1025,6;928,7;928;1142,3;16;18,5;8,7;18,6;14,5;9,3;7,8;13,9;65;52;53;139;3,6;1,9;
2024-07-19;1300;null;929,1;1024,6;929,1;928,7;1799;20;22,6;8,3;22,9;18,5;9,3;7,8;13,9;54;39;40;130;4,5;1,9;
2024-07-19;1400;null;929,1;1024;929,2;929,1;2266,4;24;24,2;7,3;25;22,4;8,7;7,3;13,8;40;33;34;83;4,5;2,1;
2024-07-19;1500;null;928,4;1022,6;929,1;928,4;2534;26;26,3;7,3;26,7;24;8,2;6,4;13,8;35;28;30;81;5;1,8;
2024-07-19;1600;null;927,3;1021,3;928,4;927,3;2568,1;28;26,4;6,5;26,6;25;7,5;5,5;13,7;31;27;28;19;5,8;1,5;
2024-07-19;1700;null;926,5;1020,4;927,3;926,5;2418;29;26,7;5,9;27,3;25,9;7,1;4,6;13,7;29;24;27;14;4,3;1,9;
2024-07-19;1800;null;926,2;1019,7;926,5;926,2;2034;30;27,7;6,7;27,7;26;6,9;5,5;13,8;28;26;26;69;4,3;1,2;
2024-07-19;1900;null;925,9;1019,5;926,2;925,9;1455,3;30;27,2;6,6;27,7;26,5;6,7;5,6;13,3;28;26;27;55;3,2;1,5;
2024-07-19;2000;null;925,9;1020;926;925,9;732,3;30;25,7;8;27,2;25,7;8;6,2;13;32;27;32;61;3,1;,5;
2024-07-19;2100;null;926,1;1021,7;926,1;925,9;104,9;26;21,4;7,9;25,7;21,3;9,1;7;12,9;42;32;42;107;1,9;,5;
2024-07-19;2200;null;926,6;1023,6;926,7;926,1;-3,5;22;17,6;9,5;21,4;17,5;9,9;7,6;12,8;60;42;59;144;2,7;1,7;
2024-07-19;2300;null;927;1024,9;927;926,6;-3,5;19;15;9,4;17,6;15;9,7;8,6;12,8;69;58;69;142;2,2;1,2;
2024-07-20;0000;null;927,2;1025,2;927,2;927;-3,5;17;14,7;8,9;15,3;14,7;9,7;8,7;12,8;70;67;68;160;2,3;1,5;
2024-07-20;0100;null;927,4;1026,1;927,4;927,2;-3,5;16;12,9;8,4;14,8;12,9;8,8;8,1;12,8;74;66;74;150;2,2;1,7;
2024-07-20;0200;null;927,3;1026,1;927,5;927,3;-3,5;14;12,7;8,3;12,9;12,3;8,6;8,1;12,8;76;74;74;145;2;1,1;
2024-07-20;0300;null;927,1;1026,4;927,3;927,1;-3,5;13;11,2;7,6;12,7;11,2;8,2;7,6;12,7;79;74;79;164;1,5;1,1;
2024-07-20;0400;null;926,9;1026,5;927,1;926,9;-3,5;12;10,4;7,4;11,4;10,3;7,9;7,4;12,7;83;78;82;147;2,5;1,8;
2024-07-20;0500;null;926,5;1026,3;926,9;926,5;-3,5;11;9,8;8,3;10,4;9,6;8,3;7,2;12,7;91;82;90;151;3;2,1;
2024-07-20;0600;null;926,4;1026,1;926,5;926,4;-3,5;11;9,9;8;10,1;9,4;9,3;7,4;12,7;96;84;88;146;2,8;2;
2024-07-20;0700;null;926,2;1025,9;926,4;926,1;-3,5;10;9,9;9;10;9,1;9,3;7,5;12,6;98;87;94;147;3;1,6;
2024-07-20;0800;null;926,2;1026;926,2;926,1;-3,5;10;9,7;9,5;10;9,1;9,7;8,3;12,6;100;90;99;141;3,1;2,2;
2024-07-20;0900;null;926,5;1026,4;926,5;926,2;-3,5;10;9,5;9,3;10;9,5;9,7;9,1;12,6;99;96;99;143;3,1;1,9;
2024-07-20;1000;null;927;1026,1;927;926,5;7,3;10;11,8;8,4;11,9;9,4;9,9;8,2;12,6;100;80;80;141;3,1;1,7;
2024-07-20;1100;null;927,2;1025,4;927,2;927;396,4;12;14,2;9,2;14,2;11,2;9,4;8;13,5;81;72;72;147;3;1,9;
2024-07-20;1200;null;927,6;1024,3;927,6;927,2;1141,4;16;18,7;9,4;18,7;14,2;10,4;9,2;13,9;73;55;55;153;3,4;1,6;
2024-07-20;1300;null;928,1;1023,7;928,1;927,6;1791,2;20;22;9,5;22,1;18,6;10,8;9,3;13,9;56;45;45;123;4,7;1,9;
2024-07-20;1400;null;927,8;1022,4;928,2;927,8;2259,3;24;25;9,5;25;22;10,2;9;13,9;45;37;38;97;4,7;1,6;
2024-07-20;1500;null;927,1;1021,3;927,9;927,1;2541,5;26;25,9;8,2;26,3;24,1;9,7;7,7;13,8;38;32;33;47;5,8;1,6;
2024-07-20;1600;null;926,2;1020,2;927,1;926,2;2591,3;28;26,1;6,2;26,8;24,9;8,3;5,8;13,7;34;27;28;45;5,2;1,9;
2024-07-20;1700;null;925,1;1018,9;926,2;925,1;2428;28;26,4;6,4;26,9;25,3;7,6;6;13,7;32;27;28;140;4,8;1,8;
2024-07-20;1800;null;924,4;1017,7;925,1;924,4;2031,8;29;27,6;7,6;27,6;26,3;7,6;6;13,7;29;27;28;95;4,5;1,2;
2024-07-20;1900;null;924,4;1017,8;924,4;924,3;1434,2;30;27,5;7,4;27,7;26,7;7,8;6,6;13,2;30;28;28;70;3,4;1,2;
2024-07-20;2000;null;924,3;1018,2;924,4;924,2;732,7;30;25,9;7,5;27,4;25,9;7,8;6,9;13;31;28;31;28;3,8;1,5;
2024-07-20;2100;null;924,4;1019,8;924,4;924,3;108,2;26;21,3;9,2;25,9;21,3;9,2;7,2;12,9;46;31;46;49;2,2;1;
2024-07-20;2200;null;924,6;1021,3;924,6;924,3;-3,5;22;17,7;10,1;21,3;17,6;10,3;7,8;12,8;61;44;61;148;3,4;1,1;
2024-07-20;2300;null;925;1022,3;925;924,6;-3,5;19;16;10;17,8;15,8;10,1;9,8;12,8;68;60;67;140;2,6;1,2;
2024-07-21;0000;null;925,3;1022,9;925,3;925;-3,5;17;15,3;9,2;16,1;14,9;10;9,2;12,8;69;66;67;153;2,3;1,4;
2024-07-21;0100;null;925,7;1023,7;925,7;925,3;-3,5;16;14,3;9;15,4;14,3;9,4;8,9;12,8;71;67;70;143;2,1;1,5;
2024-07-21;0200;null;925,8;1024,4;925,8;925,7;-3,5;14;12,7;9,1;14,4;12,6;9,5;8,7;12,8;80;70;79;141;2,4;1,5;
2024-07-21;0300;null;925,8;1024,6;925,8;925,7;-3,5;13;12,2;9,1;12,8;11,9;9,3;8,8;12,7;82;78;81;142;2,6;2;
2024-07-21;0400;null;925,4;1024,3;925,8;925,4;-3,5;13;11,7;8,3;12,2;11,5;9;8,3;12,7;82;80;80;141;2,9;2,3;
2024-07-21;0500;null;925;1023,9;925,4;925;-3,5;12;11,6;8,3;11,7;10,8;8,4;7,8;12,7;83;80;80;147;3,3;1;
2024-07-21;0600;null;925,1;1024,2;925,2;925;-3,5;12;11,1;8,2;11,6;10,4;8,3;7,7;12,7;84;80;82;149;2;,9;
2024-07-21;0700;null;925,1;1024,4;925,1;925;-3,5;11;10,5;9,4;11,7;10,1;9,6;7,8;12,6;95;80;93;145;3,3;2,4;
2024-07-21;0800;null;925,2;1024,4;925,2;925;-3,5;11;10,9;10,1;10,9;9,9;10,4;8,2;12,6;98;87;95;161;3,2;1,7;
2024-07-21;0900;null;925,5;1024,2;925,5;925,2;-3,5;11;12,3;9,1;12,3;10,3;10,2;7,9;12,6;96;80;80;147;3,6;1,4;
2024-07-21;1000;null;925,8;1024;925,8;925,5;5;12;13,9;8,6;14,5;12,4;9,1;8,2;12,6;80;69;71;116;3,7;1,3;
2024-07-21;1100;null;926,2;1024;926,2;925,8;411,2;13;15,1;9,3;15,1;13,4;9,5;8,4;13,4;72;68;68;148;3,7;1,4;
2024-07-21;1200;null;927;1023,6;927;926,2;1159,1;17;18,7;10,1;19;15,1;10,7;9,1;13,9;69;55;57;104;4,2;1,4;
2024-07-21;1300;null;927,2;1022,7;927,2;927;1823,5;20;21,9;10,4;22,2;18,6;10,9;9,6;13,9;57;48;48;74;5,1;2,1;
2024-07-21;1400;null;927;1021,8;927,2;927;2297;23;24;9,8;24,2;21,5;10,6;9,4;13,9;49;40;41;81;7,8;1,8;
2024-07-21;1500;null;926,5;1020,9;927;926,5;2559,2;25;25,2;9,5;25,2;23,3;10,5;8,6;13,8;42;36;37;97;6,8;2,2;
2024-07-21;1600;null;925,6;1019,8;926,5;925,6;2629,1;27;25,4;7,6;26;24,4;9,2;7,4;13,8;37;32;32;78;6,3;2,7;
2024-07-21;1700;null;924,7;1018,7;925,6;924,7;2448;28;25,7;7,4;27,3;25;8,5;6,6;13,7;34;28;31;98;8,9;2,1;
2024-07-21;1800;null;924,2;1017,9;924,7;924,1;2042,2;29;26,4;6,3;26,8;25,4;8,1;5,9;13,7;33;28;28;127;8,9;2,2;
2024-07-21;1900;null;924;1017,8;924,2;924;1461,1;29;26,1;5,9;27,1;25,9;7;5,6;13,3;29;27;28;128;4,4;1,1;
2024-07-21;2000;null;924,1;1018,3;924,1;924;760,8;29;24,9;6,9;26,4;24,9;7;5,5;13;32;27;32;131;3,7;,7;
2024-07-21;2100;null;924,4;1020,3;924,4;924,1;109,6;25;20;6,3;24,9;19,8;7,5;5,8;12,9;41;31;41;178;2,6;,7;
2024-07-21;2200;null;924,9;1022,2;924,9;924,4;-3,5;20;16,1;7,8;20;16,1;8,2;6;12,8;58;41;58;157;2,7;1,5;
2024-07-21;2300;null;925,5;1023,3;925,5;924,9;-3,5;18;15;8,2;16,7;15;8,3;7,5;12,8;64;55;64;149;2,8;2,2;
2024-07-22;0000;null;926,1;1023,9;926,1;925,5;-3,5;16;15;8,1;15,6;14,5;8,4;7,8;12,8;66;60;64;146;3,8;2,1;
2024-07-22;0100;null;926,3;1024;926,3;926,1;-3,5;16;15,5;8,4;15,5;13,8;8,4;7,9;12,8;68;62;62;151;3,5;2,3;
2024-07-22;0200;null;926,4;1023,9;926,5;926,3;-3,5;16;15,9;7,9;16,3;14,9;8,4;7,7;12,8;63;58;59;149;4,6;2,6;
2024-07-22;0300;null;926,1;1023,6;926,4;926,1;-3,5;16;16;8,2;16,3;15,8;8,2;8;12,7;60;59;60;147;4,2;2,1;
2024-07-22;0400;null;926;1023,7;926,1;926;-3,5;16;15,3;8,3;16,1;15,2;8,4;8,1;12,7;63;60;63;150;4,4;2;
2024-07-22;0500;null;925,9;1023,9;926;925,8;-3,5;15;14,5;8,4;15,7;13,7;8,6;8;12,7;70;62;67;152;4,4;1,6;
2024-07-22;0600;null;925,8;1024,3;925,9;925,8;-3,5;15;12,9;8,1;15;12,9;8,6;8;12,7;72;65;72;150;3;1,8;
2024-07-22;0700;null;925,6;1024,6;925,8;925,6;-3,5;13;11,5;8,2;13,8;11,3;8,7;7,9;12,7;80;71;80;153;2,7;1,9;
2024-07-22;0800;null;925,7;1025,1;925,7;925,5;-3,5;12;10,4;7,7;11,6;10,3;8,3;7,4;12,6;84;79;84;151;2,8;1,7;
2024-07-22;0900;null;926;1025,6;926;925,7;-3,5;11;10,1;7,7;10,7;10;8,2;7,5;12,6;88;83;85;152;3;2,5;
2024-07-22;1000;null;926,4;1026,2;926,4;926;8,2;11;9,7;7,4;10,5;9,7;8,8;7,4;12,6;93;84;86;139;3,5;2,2;
2024-07-22;1100;null;927,1;1025,9;927,1;926,4;409,6;11;12,5;8,7;12,5;9,6;8,7;7,4;13,4;90;77;78;151;2,8;1,5;
2024-07-22;1200;null;927,8;1024,5;927,8;927,1;1170,3;15;18,6;9,5;18,6;12,5;9,8;8,7;13,9;77;55;55;151;3;1,7;
2024-07-22;1300;null;928,1;1023,6;928,1;927,8;1821;20;22,2;9;22,3;18,6;10;8,6;13,9;56;43;43;150;3,4;2;
2024-07-22;1400;null;928;1022,6;928,1;928;2288,7;24;25;5,7;25;22,2;9,2;4,8;13,8;43;28;29;105;4,1;1,6;
2024-07-22;1500;null;927,1;1021,3;928;927,1;2548,4;26;25,8;5,7;26,5;24,5;6,5;5,3;13,8;30;27;28;97;4,5;1,9;
2024-07-22;1600;null;925,9;1019,8;927,1;925,9;2583,2;28;26,4;5,4;27,5;25,4;6,6;5,2;13,7;28;25;26;46;4,6;2,4;
2024-07-22;1700;null;924,9;1018,3;925,9;924,9;2425;30;27,5;4,6;28,5;26,4;6,5;4,4;13,5;27;22;23;3;5,2;1,6;
2024-07-22;1800;null;924,5;1017,7;925;924,5;2025,6;30;28,1;5;28,6;27,2;5,5;4,3;13,6;24;22;23;215;5,9;3;
2024-07-22;1900;null;924,3;1017,7;924,6;924,3;1444,7;30;27,3;4,2;28,1;27,2;5,6;4,2;13,3;25;22;23;187;6,7;1,8;
2024-07-22;2000;null;924,5;1018,5;924,5;924,3;749,2;29;25,6;3,7;27,4;25,6;5,4;3,7;13;25;23;24;171;4,9;2,1;
2024-07-22;2100;null;924,9;1020,1;924,9;924,5;114,6;26;22,3;3,2;25,6;22;4,6;2,9;12,9;31;24;29;149;3,8;1,8;
2024-07-22;2200;null;925,5;1022;925,5;924,9;-3,5;22;18,7;4,9;22,3;17;5,7;3,2;12,8;46;29;40;174;2,8;1,2;
2024-07-22;2300;null;926;1023,9;926;925,5;-3,5;18;14,8;5,9;19,2;14,8;6,3;4,2;12,8;56;38;55;169;2,4;1,1;
2024-07-23;0000;null;926,4;1024,8;926,4;926;-3,5;16;13,5;5,7;15,2;13;6,2;5;12,8;61;52;60;188;2;,9;
2024-07-23;0100;null;926,5;1024,8;926,5;926,2;-3,5;14;13,9;5,6;14,9;12,5;6,5;5,3;12,8;64;55;57;163;1,8;,6;
2024-07-23;0200;null;926,6;1025,6;926,7;926,5;-3,5;14;12;5,6;14,2;12;6,4;5,5;12,7;66;57;65;174;2,1;,9;
2024-07-23;0300;null;926,3;1025,4;926,6;926,3;-3,5;13;11,5;6,2;12,6;11,1;6,4;5,6;12,7;72;65;70;147;1,7;1;
2024-07-23;0400;null;926,2;1025,7;926,4;926,2;-3,5;12;10,5;6,7;11,4;10;6,9;6;12,7;78;70;77;159;2,2;,9;
2024-07-23;0500;null;925,9;1025,8;926,3;925,9;-3,5;11;9,2;6,4;10,5;9,2;7,2;6;12,7;83;77;83;149;2;1,4;
2024-07-23;0600;null;925,9;1026,2;925,9;925,7;-3,5;10;8,2;6,7;9,4;8,2;7,3;6;12,7;91;83;90;144;3,2;1,3;
2024-07-23;0700;null;926;1026,3;926,1;925,8;-3,5;9;8,3;8;8,9;7,9;8,3;6,3;12,6;99;86;98;165;3;1,7;
2024-07-23;0800;null;926,1;1026;926,1;925,9;-3,5;10;9,3;6,3;9,5;8,3;8,2;6,1;12,6;98;81;81;149;3,1;2,3;
2024-07-23;0900;null;926,6;1025,7;926,6;926,1;-3,5;10;11,5;6,8;11,6;9,1;6,9;6,1;12,6;82;73;73;139;3,9;2;
2024-07-23;1000;null;927,1;1026,9;927,2;926,6;7,7;11;9,8;6,5;11,6;9,8;6,9;6,5;12,6;80;72;80;138;3,1;1,9;
2024-07-23;1100;null;927,4;1026,3;927,4;927,1;409,1;11;12,4;8,2;12,5;9,7;8,3;6,5;13,5;82;75;75;155;2,9;1,7;
2024-07-23;1200;null;927,9;1024,2;927,9;927,4;1160,3;15;19,9;9,8;19,9;12,4;10,2;8,3;13,9;76;52;52;106;2,6;1;
2024-07-23;1300;null;928,3;1023,7;928,3;927,9;1816,6;20;22,7;9,9;22,8;19,9;10,3;9,5;13,9;52;44;44;57;6,4;2,1;
2024-07-23;1400;null;928,2;1023,1;928,4;928,2;2284,3;24;24,2;9,5;24,6;22,6;10,1;9,2;13,8;45;38;39;44;6,5;3,1;
2024-07-23;1500;null;927,8;1022;928,2;927,7;2569,9;26;26;8,6;26;24;9,6;7,7;13,7;40;32;33;36;8,5;3,9;
2024-07-23;1600;null;926,9;1020,8;927,8;926,8;2608;27;26,6;7,2;26,7;24,5;8,6;7;13,8;34;29;29;78;9,3;3;
2024-07-23;1700;null;926;1019,8;926,9;926;2435,3;29;26,7;5,8;27,6;25,9;7,6;5,7;13,8;30;26;26;116;9,3;2;
2024-07-23;1800;null;925,4;1018,8;926;925,3;2052,5;30;27,9;5,1;28,5;26,4;6,9;4,2;13,8;27;22;24;88;5,9;1,6;
2024-07-23;1900;null;925,1;1018,6;925,4;925,1;1475,4;30;27,5;4,7;28,2;26,8;6,2;4,1;13,2;25;22;23;97;4,9;1,3;
2024-07-23;2000;null;925,2;1019,1;925,2;925,1;780,6;30;26,2;4,6;27,7;26,2;5,6;4,2;13;26;22;25;118;4,1;,8;
2024-07-23;2100;null;925,4;1021,1;925,7;925,2;120,8;26;21;5,7;26,3;21;6,5;4,3;12,9;37;24;37;123;2;,8;
2024-07-23;2200;null;926;1022,7;926;925,4;-3,5;22;18,1;6,7;21,6;17,8;6,8;5,6;12,8;48;36;47;140;2,5;1,1;
2024-07-23;2300;null;926,3;1023,9;926,4;926;-3,5;18;15,6;6,7;18,6;15,6;6,9;5,8;12,8;55;45;55;119;2,3;,9;
2024-07-24;0000;null;926,5;1023,8;926,5;926,3;-3,5;16;16,6;6,6;17,4;14,5;7,4;6,4;12,8;60;50;52;137;2,7;1,2;
2024-07-24;0100;null;926,8;1025,1;926,9;926,5;-3,5;16;13,9;7,1;17,2;13,5;7,1;6,4;12,8;64;50;63;132;2,4;1,3;
2024-07-24;0200;null;926,9;1025,5;926,9;926,7;-3,5;14;13;6,8;14,3;13;7,2;6,6;12,8;66;61;66;146;2,3;,8;
2024-07-24;0300;null;926,7;1025,7;926,9;926,7;-3,5;13;11,9;6,8;13,2;11,7;7;6,5;12,7;72;66;71;150;2,5;1,7;
2024-07-24;0400;null;926,7;1026,1;926,9;926,7;-3,5;12;10,9;6,8;12,1;10,1;7;6,2;12,7;79;70;76;153;3,4;2,5;
2024-07-24;0500;null;926,3;1026,3;926,7;926,2;-3,5;11;9,2;6;10,9;9,2;6,8;6;12,7;81;75;81;158;3,4;1,6;
2024-07-24;0600;null;926,3;1026,5;926,4;926,2;-3,5;10;8,6;5,9;9,7;8,4;6,6;5,5;12,7;83;79;83;143;3;1,1;
2024-07-24;0700;null;926,2;1026,3;926,3;926,1;-3,5;9;8,9;5,5;9,3;8;6,1;5,5;12,6;86;79;79;143;3;1,9;
2024-07-24;0800;null;926,3;1025,3;926,4;926,1;-3,5;10;11,7;5,7;11,7;8,9;6;5,4;12,6;80;67;67;125;3;,9;
2024-07-24;0900;null;926,7;1025,8;926,7;926,3;-3,5;10;11,6;5,6;12,4;9,7;6;5;12,6;74;63;66;140;2;,6;
2024-07-24;1000;null;927;1026,4;927;926,7;7,2;10;11;6,4;12,5;9,8;6,6;4,9;12,6;76;65;73;148;1,9;,6;
2024-07-24;1100;null;927,7;1025,7;927,7;927;416,3;11;15;7,8;15;10,5;8,4;5,8;13,4;76;62;62;122;3,2;,6;
2024-07-24;1200;null;928,4;1025,1;928,4;927,7;1163,7;16;18,9;8,1;18,9;15;9,2;7,6;13,9;63;49;50;72;2,2;1,1;
2024-07-24;1300;null;928,4;1024,2;928,5;928,3;1823,2;20;21,5;8;21,9;18,8;9,2;7,8;13,9;50;42;42;56;6,5;2,9;
2024-07-24;1400;null;928,4;1023,5;928,5;928,3;2304,7;23;23,4;7,8;24,2;21,2;8,9;7,6;13,9;44;35;37;44;7,9;3,4;
2024-07-24;1500;null;927,8;1022,4;928,4;927,7;2563;25;24,7;7,2;25,3;22,9;8,4;6,7;13,9;39;31;33;76;9;2,8;
2024-07-24;1600;null;926,9;1021,3;927,8;926,9;2625,3;27;25,3;6,1;25,9;24,3;7,7;5,4;13,8;34;28;29;113;7,3;2,7;
2024-07-24;1700;null;926,1;1019,9;926,9;926;2442,2;28;26,7;5,4;26,9;25,2;6,8;4,5;13,7;30;25;26;45;7,4;3,2;
2024-07-24;1800;null;925,6;1019,3;926,1;925,6;2089,3;29;26,9;5,5;27,1;25,8;6,2;4,5;13,7;27;24;25;31;7,4;2,5;
2024-07-24;1900;null;925,5;1019,4;925,6;925,5;1420,3;29;26,3;4,3;27,6;26,2;6;3,7;13,2;26;23;24;32;5,9;2,4;
2024-07-24;2000;null;925,8;1020,2;925,8;925,5;784;28;24,7;5,7;26,5;24,7;5,8;4,8;13,1;29;24;29;40;5,5;2,2;
2024-07-24;2100;null;926;1022;926;925,8;112,8;25;20,1;6,5;24,7;20,1;6,5;5,2;12,9;41;29;41;51;3,5;,7;
2024-07-24;2200;null;926,2;1023,3;926,2;926;-3,5;21;17,2;7,9;20,1;16,8;8;5,8;12,8;55;41;55;138;2,9;2,1;
2024-07-24;2300;null;926,5;1024,4;926,5;926,2;-3,5;18;14,9;7,8;17,2;14,7;8;7,6;12,8;63;55;63;155;2,9;1,1;
2024-07-25;0000;null;926,7;1025;926,8;926,5;-3,5;16;13,9;7,8;15,1;13,7;7,9;7,4;12,8;67;62;67;150;3,4;2,5;
2024-07-25;0100;null;926,6;1024,7;926,7;926,6;-3,5;15;14,4;7,2;15,1;13,5;7,8;7,2;12,8;67;60;62;151;3,6;2,3;
2024-07-25;0200;null;926,5;1024,7;926,6;926,5;-3,5;15;14;6,9;15,2;12,9;7,5;6,9;12,8;68;59;62;142;3,4;2,6;
2024-07-25;0300;null;926,4;1024,9;926,5;926,3;-3,5;14;13,3;7,1;14;13,2;7,2;6,9;12,7;66;62;66;145;3,6;3,1;
2024-07-25;0400;null;926,3;1025,6;926,5;926,3;-3,5;13;11,1;6,8;13,3;11,1;7,2;6,7;12,7;76;66;75;158;3,6;1,4;
2024-07-25;0500;null;926;1025,5;926,3;926;-3,5;12;10,4;7,1;11,2;10,3;7,3;6,7;12,7;80;75;80;150;2,9;2,2;
2024-07-25;0600;null;925,5;1025,4;926;925,5;-3,5;11;9;6,7;10,4;8,9;7,2;6,5;12,7;85;80;85;161;3,1;1,6;
2024-07-25;0700;null;925,4;1025,4;925,5;925,3;-3,5;10;8,9;8;9,2;8,8;8;6,7;12,6;94;86;94;149;3,5;2,7;
2024-07-25;0800;null;925,7;1025,3;925,7;925,4;-3,5;10;9,9;6,5;10,8;8,2;8,7;6,5;12,6;97;77;79;149;3,7;3;
2024-07-25;0900;null;926,5;1025,7;926,5;925,7;-3,5;11;11,2;6,9;11,6;9,5;7,4;6,5;12,6;83;74;75;142;3,6;2,4;
2024-07-25;1000;null;926,9;1025,8;926,9;926,5;7,5;11;12,3;7,5;12,4;9,8;7,7;6,4;12,6;81;72;73;146;3,7;2,1;
2024-07-25;1100;null;927,4;1025,5;927,4;926,9;417,9;13;14,7;8,6;14,7;12,3;8,7;7,6;13,4;73;67;67;144;4,1;2,1;
2024-07-25;1200;null;928;1024,7;928;927,4;1179,9;16;18,6;9,2;18,7;14,7;9,7;8,6;13,9;67;54;54;131;4,4;2;
2024-07-25;1300;null;928,1;1023,8;928,3;928;1831,1;20;21,8;8,4;22;18,6;9,6;8,1;13,9;55;42;42;105;5,3;1,9;
2024-07-25;1400;null;927,7;1022,7;928,2;927,7;2288;23;23,5;7,2;24,4;21,4;9,5;7,2;13,8;46;35;35;61;6;2,2;
2024-07-25;1500;null;927;1021,5;927,7;927;2552,6;26;24,9;6,1;25,5;23,5;8,5;5,4;13,8;37;29;30;20;5,9;2,6;
2024-07-25;1600;null;925,6;1019,8;927;925,6;2586,3;27;25,3;5,5;26;24,3;6,5;5,3;13,7;31;28;28;129;5,9;1,6;
2024-07-25;1700;null;924,5;1018,3;925,5;924,5;2421;28;26,2;4,5;27,3;25;6,2;4,2;13,8;28;24;25;280;4,6;2,3;
2024-07-25;1800;null;923,7;1017,2;924,5;923,7;2041,1;29;26,8;4,9;27,9;26,1;6,2;4,1;13,7;26;23;25;35;5;1,9;
2024-07-25;1900;null;923,5;1017,2;923,7;923,5;1473,8;30;26,4;4,6;27,6;26,3;5,8;4;13,2;26;24;25;71;4;1,6;
2024-07-25;2000;null;923,3;1017,5;923,5;923,3;767;29;24,7;6,2;27;24,7;6,2;4,2;13;31;24;31;42;2,9;1,6;
2024-07-25;2100;null;923,6;1019;923,7;923,3;117,9;26;21,1;6,4;24,7;21,1;7,8;6,2;12,9;40;31;38;67;2,9;,6;
2024-07-25;2200;null;923,7;1020,2;923,7;923,6;-3,5;22;18,1;7,7;21,1;17,9;8;6,1;12,8;52;38;51;143;2,9;2,1;
2024-07-25;2300;null;923,9;1021,3;923,9;923,7;-3,5;18;15,6;7,9;18,1;15,4;8,1;7,4;12,8;61;51;60;141;3,7;2,8;
2024-07-26;0000;null;924,3;1022,3;924,3;923,9;-3,5;16;13,9;7,6;15,6;13,4;7,8;7,2;12,8;67;60;66;149;3,5;2,2;
2024-07-26;0100;null;924,6;1021,9;924,6;924,2;-3,5;15;15,9;6,5;16,5;13,5;7,5;6,5;12,8;66;52;54;147;4;2,1;
2024-07-26;0200;null;924,6;1022,3;924,6;924,5;-3,5;16;15;6,9;16,1;14,9;7;6,4;12,8;59;53;59;151;3,6;2;
2024-07-26;0300;null;924,4;1022,5;924,7;924,4;-3,5;16;13,7;7,4;16;13,4;7,7;6,8;12,7;66;57;66;155;3,2;1,1;
2024-07-26;0400;null;924,1;1022,8;924,5;924;-3,5;14;12;7,5;13,7;12;7,7;6,8;12,7;74;66;74;142;3;1,8;
2024-07-26;0500;null;923,6;1022,7;924,1;923,6;-3,5;13;10,8;7,7;12;10,7;8;7;12,7;81;74;81;138;2,9;1,6;
2024-07-26;0600;null;924,2;1023,6;924,3;923,6;-3,5;12;10,1;7,4;11;10,1;7,9;7,1;12,7;83;79;83;140;2,9;1,9;
2024-07-26;0700;null;923,5;1023;924,2;923,4;-3,5;11;9,6;7;10,2;9,3;8,8;7;12,7;95;83;84;153;2,8;1,7;
2024-07-26;0800;null;923,6;1023,1;923,7;923,4;-3,5;10;9,7;7,8;9,8;9;8,8;6,9;12,6;96;84;88;150;2,7;1,4;
2024-07-26;0900;null;923,9;1023,7;924;923,6;-3,5;10;9;8,2;9,8;9;8,3;7;12,6;95;84;95;139;2,5;1,7;
2024-07-26;1000;null;924,5;1024,1;924,5;923,9;9,2;10;9,5;7,8;9,5;8,9;8,8;7,5;12,6;97;88;89;152;3;2,1;
2024-07-26;1100;null;925,2;1023,7;925,2;924,5;408,1;11;12,8;8,4;12,8;9,4;8,4;7,3;13,4;89;75;75;147;3,1;1,7;
2024-07-26;1200;null;925,5;1021,9;925,5;925,2;1155,7;15;19;9;19;12,8;9,3;8,4;13,9;75;52;53;130;4,1;1,9;
2024-07-26;1300;null;926,2;1021,5;926,2;925,5;1849,7;20;22,4;7,6;22,8;19;9,2;7,4;13,9;53;37;39;125;4,2;1,4;
2024-07-26;1400;null;925,8;1020;926,3;925,7;2296,9;24;25,4;7,1;25,4;22,3;8,2;6,3;13,8;40;31;31;81;5,6;1,9;
2024-07-26;1500;null;925;1019,1;925,8;925;2524,7;26;25,5;5,6;26,3;24,2;7,6;5,6;13,8;31;28;28;138;5,6;2;
2024-07-26;1600;null;924;1017,8;925,1;924;2577,3;27;26;5,6;26,4;24,7;6,3;4,9;13,8;29;26;27;111;5,3;2,3;
2024-07-26;1700;null;923,2;1016,7;924;923,2;2407;29;26,7;5,3;27,1;25,5;5,9;4,7;13,7;28;25;26;31;6,5;2,8;
2024-07-26;1800;null;922,4;1015,9;923,2;922,3;2053,9;29;26,5;4,3;27,5;25,6;5,7;4,2;13,7;26;23;24;72;6,5;1;
2024-07-26;1900;null;922,4;1015,9;922,4;922,3;1507,5;29;26,5;4,5;27,1;26,1;5,3;4;13,2;26;24;24;49;4,5;1,5;
2024-07-26;2000;null;922,6;1016,7;922,7;922,4;777,1;29;24,9;5,3;26,7;24,9;5,8;4,1;13;29;24;28;122;2,9;1;
2024-07-26;2100;null;922,7;1018;922,7;922,6;123,2;26;21,1;5,9;24,9;21,1;6,6;5,4;12,9;37;28;37;122;2,2;,7;
2024-07-26;2200;null;923;1019,8;923;922,7;-3,5;21;17,1;7,8;21,1;17,1;7,9;5,8;12,8;54;37;54;145;1,5;1;
2024-07-26;2300;null;923,6;1021;923,6;923;-3,5;18;15,4;7,9;17,1;15;8,3;7,7;12,8;62;54;61;148;3,7;1,7;
2024-07-27;0000;null;924;1021;924;923,6;-3,5;17;16,7;7,8;16,9;15,1;8;7,5;12,8;61;55;56;150;3,1;1,6;
2024-07-27;0100;null;924,4;1021,7;924,4;924;-3,5;16;16;8;16,8;14,6;8,3;7,5;12,8;64;56;59;151;3,6;1,9;
2024-07-27;0200;null;924,2;1021,4;924,4;924,2;-3,5;16;16,1;7,6;16,4;15,7;8;7,6;12,8;59;57;57;154;4,1;1,9;
2024-07-27;0300;null;924,1;1021,1;924,2;924;-3,5;17;16,7;7,2;16,9;16;7,6;7,2;12,7;57;53;53;146;4,2;2,2;
2024-07-27;0400;null;923,7;1021,2;924,1;923,6;-3,5;17;15,2;7,2;16,7;15,2;7,3;7,1;12,7;59;53;59;148;3,8;2,1;
2024-07-27;0500;null;923,5;1020,8;923,7;923,5;-3,5;16;15,8;7,2;16,2;15;7,4;7,1;12,7;60;55;57;147;3,6;1,9;
2024-07-27;0600;null;923;1020,9;923,5;923;-3,5;16;13,8;7,1;16;13,8;7,4;6,9;12,7;64;56;64;140;3,5;2;
2024-07-27;0700;null;922,8;1021;923;922,8;-3,5;15;13;7;15;13;7,4;6,8;12,7;67;59;67;147;3,7;2,1;
2024-07-27;0800;null;922,9;1021,4;923;922,8;-3,5;14;12,2;6,9;14,2;11,9;7,3;6,6;12,7;71;62;70;147;3,5;2,2;
2024-07-27;0900;null;923,6;1022,7;923,6;922,9;-3,5;13;10,7;6,1;12,6;10,7;7,1;6,1;12,6;76;68;73;143;3,5;2,1;
2024-07-27;1000;null;924;1023,1;924,1;923,5;9,1;12;10,9;6,6;11,3;10,3;7;6,3;12,6;79;73;75;152;3,6;2,4;
2024-07-27;1100;null;924,9;1022,8;924,9;924;425,8;13;14,5;8;14,5;10,8;8;6,6;13,4;76;65;65;149;3,5;1,7;
2024-07-27;1200;null;925,7;1021,5;925,7;924,9;1223,3;17;20,8;8,2;20,8;14,5;8,5;7,7;13,8;66;44;44;132;3,9;1,7;
2024-07-27;1300;null;925,9;1021;926,1;925,7;1787,3;22;22,9;6,8;23,4;20,6;8,2;6,3;13,9;45;34;36;132;4;2;
2024-07-27;1400;null;925,7;1019,8;926,1;925,7;2347,5;25;25,8;6;26,4;22,9;7,5;6;13,7;36;28;28;81;6,6;3,3;
2024-07-27;1500;null;925,2;1018,7;925,7;925,2;2516,3;28;27,4;5,2;27,7;25,4;7;3,9;13,7;29;23;24;19;7,5;2,6;
2024-07-27;1600;null;924;1017,4;925,2;924;2609,2;29;27,4;5,6;27,9;26,4;5,9;3,8;13,7;26;23;25;240;6,1;2,1;
2024-07-27;1700;null;923,4;1016,3;924;923,4;2289,5;30;28,7;4,4;28,7;26,9;6,1;3,7;13,6;26;21;21;317;5,7;2,9;
2024-07-27;1800;null;923,3;1016,5;923,4;923,2;2062,3;30;27,7;3,6;28,8;27,4;4,7;3,4;13,7;23;20;21;328;8;3,6;
2024-07-27;1900;null;923,1;1016,3;923,3;923;1558,7;31;27,8;4,4;28,5;27,4;4,9;3,5;13,1;22;21;22;306;8;1,9;
2024-07-27;2000;null;923,1;1016,6;923,2;923;698,8;30;26,7;5,8;28,1;26,7;5,9;4,4;13;26;22;26;340;5,4;1,4;
2024-07-27;2100;null;923,3;1018,3;923,3;923;141,2;27;22,2;7,8;26,7;22,2;8,6;5,8;12,9;41;26;39;96;2,5;,4;
2024-07-27;2200;null;923,7;1020;923,7;923,3;-3,5;23;18,5;8,9;22,2;18,5;9;7,4;12,8;53;39;53;143;2,7;1,7;
2024-07-27;2300;null;924,2;1021,1;924,2;923,7;-3,5;20;17,1;9,1;18,5;17,1;9,5;8,8;12,8;59;53;59;145;3,6;2,4;
2024-07-28;0000;null;924,5;1020,7;924,6;924,2;-3,5;19;19,1;8,9;19,1;16,7;9,2;8,8;12,8;60;52;52;144;3,5;1,7;
2024-07-28;0100;null;924,8;1021;924,8;924,5;-3,5;20;19,2;9,3;19,8;18,9;9,3;8,7;12,8;53;50;53;139;4,6;1,8;
2024-07-28;0200;null;924,7;1020,8;924,9;924,6;-3,5;20;19,4;9,5;19,5;18;9,6;9,2;12,8;57;52;53;137;4,6;1,6;
2024-07-28;0300;null;924,7;1020,8;924,8;924,6;-3,5;20;19,5;9,5;19,6;19,1;9,6;9,4;12,8;53;52;53;141;4;1,7;
2024-07-28;0400;null;924,5;1020,7;924,8;924,5;-3,5;20;19,1;9,6;19,7;19,1;9,7;9,5;12,7;54;52;54;151;3,4;1,5;
2024-07-28;0500;null;924,3;1020,7;924,5;924,3;-3,5;19;18,4;9,6;19,2;18,4;9,7;9,4;12,7;56;54;56;124;3,9;1,9;
2024-07-28;0600;null;924;1021,2;924,3;924;-3,5;18;16,1;9,7;18,4;15,8;9,8;9,4;12,7;66;56;66;143;3,3;1,9;
2024-07-28;0700;null;924,2;1022,1;924,2;924;-3,5;17;14,1;9,3;16,8;14,1;9,9;9,2;12,7;73;63;73;159;3,1;1,6;
2024-07-28;0800;null;924,5;1022,6;924,5;924,1;-3,5;15;13,7;9,6;14,6;13,4;9,8;9,3;12,6;78;73;76;151;3,1;2,3;
2024-07-28;0900;null;924,7;1023,1;924,7;924,5;-3,5;14;13;9,6;13,7;12,5;9,7;9,3;12,6;81;76;80;155;3,4;2,1;
2024-07-28;1000;null;925,1;1023,6;925,1;924,7;9,5;14;12,9;9,4;13,4;12,8;9,7;9,3;12,6;80;78;79;153;3,5;2,3;
2024-07-28;1100;null;925,5;1022,4;925,5;925,1;404,4;15;17,5;10,5;17,5;12,9;10,7;9,5;13,3;79;64;64;142;3,9;2,3;
2024-07-28;1200;null;926,1;1021,6;926,1;925,5;1129,4;19;21,7;10,8;21,8;17,5;11,1;10,4;13,7;63;49;50;140;3,9;2;
2024-07-28;1300;null;926,3;1020,6;926,4;926,1;1765,4;23;25,3;9,9;25,5;21,7;11,3;9,5;13,8;50;37;38;67;5,5;2,7;
2024-07-28;1400;null;925,7;1019,3;926,3;925,7;2222,9;27;27,3;8,6;27,9;25,3;10,5;8,6;13,8;38;30;31;59;5,6;2,6;
2024-07-28;1500;null;924,8;1018;925,7;924,8;2462,9;29;28,2;8,4;28,5;26,8;9,3;7,3;13,8;32;28;29;60;7,3;1,9;
2024-07-28;1600;null;923,7;1016,6;924,8;923,7;2541,3;30;28,7;8,2;29,1;27,1;8,7;7,5;13,6;29;27;28;22;7;1,6;
2024-07-28;1700;null;923,2;1016,1;923,7;923,1;2409,6;31;28,7;6,3;30,1;28;8,8;6,2;13,5;28;24;24;17;7,1;3,3;
2024-07-28;1800;null;922,7;1015,3;923,2;922,7;2034,2;32;29,3;6,4;29,9;28,4;7,2;6;13,6;25;23;24;320;6,1;2,8;
2024-07-28;1900;null;922,7;1015,1;922,7;922,6;1500,2;32;30;6,7;30,1;28,6;6,8;6;13,2;25;23;23;220;5,5;1,2;
2024-07-28;2000;null;923,1;1016,1;923,1;922,7;870,8;32;28,2;7,7;30;28,2;8,5;6,2;13;28;23;28;261;3,7;1;
2024-07-28;2100;null;923,6;1018,3;923,6;923,1;127,2;29;23,3;8,7;28,2;23,3;9,7;6,8;12,9;39;26;39;146;2,3;,8;
2024-07-28;2200;null;924;1019,7;924;923,6;-3,5;24;20,4;11;23,4;20,2;11;8,7;12,8;55;39;55;144;2,5;1,9;
2024-07-28;2300;null;924,3;1020,8;924,3;924;-3,5;21;18,1;10,9;20,5;18,1;11,2;10,8;12,8;63;54;63;146;2,4;1,8;
2024-07-29;0000;null;924,6;1021;924,6;924,2;-3,5;19;18,7;10;19;16,7;11;10;12,8;67;57;57;153;3,1;2,2;
2024-07-29;0100;null;924,6;1020,7;924,6;924,5;-3,5;20;19,5;9,7;20,4;18,6;10,1;9,6;12,8;57;50;53;143;3,8;1,9;
2024-07-29;0200;null;924,5;1020,7;924,7;924,5;-3,5;20;19;10;20,3;19;10,2;9,7;12,8;56;52;56;149;4,3;1,7;
2024-07-29;0300;null;924,5;1021,2;924,5;924,4;-3,5;20;17,7;10,2;19,5;17,7;10,2;10;12,8;61;55;61;154;3,5;2,2;
2024-07-29;0400;null;924,4;1021,1;924,5;924,4;-3,5;19;17,6;10,4;18;17;10,5;10,1;12,7;65;61;63;157;3,6;1,5;
2024-07-29;0500;null;924,2;1020,9;924,4;924,1;-3,5;18;17,7;10,2;18;17,1;10,5;10;12,7;64;61;62;160;3,3;1,1;
2024-07-29;0600;null;924;1021,8;924,2;924;-3,5;17;14,5;10,4;17,7;14,3;10,5;9,8;12,7;78;62;77;147;2,4;1,5;
2024-07-29;0700;null;923,9;1021,8;924;923,9;-3;16;14,1;10,5;14,5;13,7;10,5;10,2;12,7;80;76;79;160;2,3;1,7;
2024-07-29;0800;null;924;1021,8;924;923,8;-2,8;15;14,3;10,6;14,5;13,6;10,7;10,2;12,6;81;77;78;154;2,8;2;
2024-07-29;0900;null;924;1021,8;924;923,9;-3,5;15;14,3;10,3;15,2;13,6;10,8;10,2;12,6;81;74;77;150;3;2,2;
2024-07-29;1000;null;924,7;1022,5;924,7;924;10,7;15;14,6;10;15,9;14;10,6;10;12,6;78;69;74;145;3;1,6;
2024-07-29;1100;null;925,2;1022,5;925,2;924,7;414,6;15;16,3;10,9;16,3;13,9;11,1;10;13,2;78;70;70;135;3,4;1,6;
2024-07-29;1200;null;925,6;1021;925,6;925,2;1162,5;19;21,8;11;21,8;16,3;11,6;10,5;13,7;71;50;50;133;4,1;1,7;
2024-07-29;1300;null;925,7;1019,8;925,8;925,6;1932,6;24;25,7;9,6;25,9;21,8;11,4;9,6;13,7;50;35;36;101;3,5;1,6;
2024-07-29;1400;null;925,1;1018,2;925,7;925,1;2221,7;28;28,7;8,5;28,7;25,7;10,5;8,4;13,7;37;28;28;102;5,6;1,9;
2024-07-29;1500;null;924,5;1017,6;925,1;924,5;1620,6;30;28,3;5,5;30,1;27,9;8,7;4,6;13,3;29;21;23;36;5,2;1,6;
2024-07-29;1600;null;923,5;1016;924,5;923,5;1676,1;30;30,1;4,8;30,8;28,2;6,2;4;13,6;23;20;20;339;6,7;3,2;
2024-07-29;1700;null;922,6;1015;923,5;922,6;2674,1;32;30,1;4,9;31;29,3;5,7;4,4;13,5;21;19;20;344;7,2;2,3;
2024-07-29;1800;null;922,3;1014,5;922,6;922,3;2193,6;33;30,4;5,7;31;29,4;5,8;4,3;13,5;22;19;21;331;7,5;2,6;
2024-07-29;1900;null;922,5;1015,6;922,5;922,3;962,8;32;27,9;5,4;30,7;27,9;5,9;4,7;13;24;20;24;290;5,9;3,1;
2024-07-29;2000;null;922,6;1015,4;922,6;922,4;655,9;31;28,7;5,5;29,6;27,9;6,1;4,9;13;24;21;23;335;5,1;1,8;
2024-07-29;2100;null;922,9;1017,7;922,9;922,6;137,6;29;22,9;5,3;28,7;22,9;6;5,2;12,9;32;23;32;325;3,3;,5;
2024-07-29;2200;null;923,4;1019,1;923,4;922,9;-3,5;24;20,3;8,3;22,9;20,3;8,7;5,3;12,8;47;32;46;173;1,6;,8;
2024-07-29;2300;null;923,7;1020,2;923,7;923,4;-3,5;21;17,9;9,5;20,3;17,8;9,5;8,4;12,8;58;46;58;140;2,4;1,5;
2024-07-30;0000;null;923,6;1020,5;923,7;923,5;-3,3;20;16,8;9,4;18;16,8;9,5;9,2;12,8;62;57;62;145;2,7;1,8;
2024-07-30;0100;null;923,7;1021,2;923,7;923,5;-3,5;18;15,2;8,9;16,8;15,2;9,4;8,7;12,8;66;61;66;167;2,6;1,3;
2024-07-30;0200;null;924,1;1021,2;924,1;923,7;-3,5;17;16,3;8,8;16,3;15,1;9,2;8,2;12,8;66;61;61;155;4,2;1;
2024-07-30;0300;null;923,9;1020,9;924,1;923,9;-3,5;17;16,8;10,2;18,5;15,7;10,2;8,3;12,7;65;57;65;207;3;1;
2024-07-30;0400;null;923,9;1020,4;924;923,8;-3,5;17;18;12,3;18,1;16,1;12,3;10;12,7;72;64;69;155;3,7;1,8;
2024-07-30;0500;null;923,6;1020,8;923,9;923,6;-3,5;16;16;12,2;18,1;14,2;12,3;9,5;12,7;81;66;78;141;3,4;1;
2024-07-30;0600;null;923,4;1021,2;923,6;923,4;-3,5;16;14,3;11,5;16,3;14,2;12,4;10,8;12,7;83;76;83;143;2;,5;
2024-07-30;0700;null;923,4;1021,4;923,4;923,3;-3,5;15;13,7;10,5;15,2;13,7;12,3;10,5;12,7;85;79;81;199;2,2;,6;
2024-07-30;0800;null;923,4;1020,5;923,5;923,4;-3,5;14;16,1;11,7;16,2;13,1;12;10,3;12,6;85;72;75;114;2;,4;
2024-07-30;0900;null;924;1022,7;924;923,4;-3,5;14;11,9;9,2;16,2;11,9;11,5;9,2;12,6;89;73;84;98;2,1;1;
2024-07-30;1000;null;924,6;1023,3;924,6;924;10,3;13;12,1;10,7;13,4;11,6;12,3;9,2;12,6;98;83;91;132;1,5;,7;
2024-07-30;1100;null;925,3;1023;925,3;924,6;378,8;14;15,1;11,7;15,1;11,9;12,5;10,8;13,3;99;80;80;145;2,4;1,4;
2024-07-30;1200;null;925,8;1021,7;925,8;925,3;1178,6;17;20,5;12,4;20,5;15,2;12,4;11,7;13,8;80;60;60;128;3,7;1,4;
2024-07-30;1300;null;926;1020,9;926,1;925,8;1594,6;22;23,5;11,2;23,7;20,5;12,4;11,2;13,7;59;45;46;91;4,2;1,9;
2024-07-30;1400;null;925,6;1020,1;926,1;925,6;1743,9;25;24,5;11,1;24,6;22,9;11,6;10,6;13,5;48;42;43;114;4,3;1,5;
2024-07-30;1500;null;925,1;1019,1;925,6;925,1;2010,3;27;25,9;8,6;26,7;24,5;11,1;8,3;13,7;43;32;33;66;4,7;1,8;
2024-07-30;1600;null;924,3;1018,1;925,1;924,3;1771,2;29;26,1;7,7;27,6;25,9;8,7;7,4;13,3;33;30;31;71;3,6;1,7;
2024-07-30;1700;null;923,5;1016,8;924,3;923,5;1955,9;29;27,6;8,5;27,7;26;11,6;7,4;13,7;39;29;30;186;6,1;3,4;
2024-07-30;1800;null;923,3;1017,6;923,5;923,2;1367,4;28;24,3;12,4;28;24,2;12,4;10,1;13,1;48;30;48;205;8,7;5,8;
2024-07-30;1900;null;923,6;1018,4;923,6;923,3;881,4;26;23,1;12,4;24,4;23,1;12,8;12,3;13,1;51;47;51;190;8,8;4,3;
2024-07-30;2000;null;924,2;1019,6;924,2;923,6;548,8;24;21,3;12,5;23,1;21,3;12,9;12,3;13;58;51;57;164;9,3;2,8;
2024-07-30;2100;null;924,5;1020,6;924,5;924,2;124,1;22;19,3;12,3;21,3;19,3;12,5;12,2;12,9;64;57;64;177;6,5;3,2;
2024-07-30;2200;null;924,9;1021,7;924,9;924,5;-3,5;20;17,4;12,3;19,3;17,4;12,4;12,2;12,8;72;64;72;198;5,4;2,3;
2024-07-30;2300;null;925,2;1022,4;925,2;924,9;-3,5;19;16,4;12,2;17,4;16,4;12,4;12,1;12,8;76;72;76;36;3,4;,8;
2024-07-31;0000;null;925,4;1022,9;925,4;925,1;-3,5;17;15,7;12,2;16,4;15,2;12,6;11,6;12,8;82;76;80;331;2,4;,9;
2024-07-31;0100;null;925,8;1022,7;925,8;925,3;-3,5;17;17,4;12;18,2;15,4;12,5;11,6;12,8;80;68;71;126;4,9;1,2;
2024-07-31;0200;null;925,9;1022,6;925,9;925,8;-3,4;18;18;11,9;18;16,9;12,2;11,8;12,8;72;68;68;133;5,1;1,9;
2024-07-31;0300;null;925,8;1022,6;925,9;925,7;-3,5;18;17,8;11,9;18;17,6;12;11,8;12,7;69;67;68;130;4,7;1,6;
2024-07-31;0400;null;925,4;1022,6;925,9;925,4;-3,5;18;16,6;11,8;17,9;16,6;12;11,7;12,7;73;68;73;111;4,7;1,9;
2024-07-31;0500;null;925,3;1022,5;925,4;925,2;-3,5;17;16,4;11,7;17,1;16,4;11,9;11,7;12,7;74;72;74;108;6,9;1,7;
2024-07-31;0600;null;925;1022,5;925,3;925;-3,5;17;15,7;11,6;16,6;15,6;11,9;11,6;12,7;77;73;77;115;4,6;2,2;
2024-07-31;0700;null;925;1022,5;925,1;925;-3,5;16;15,7;11,7;15,8;15,5;11,8;11,5;12,7;78;76;77;111;5,4;2,2;
2024-07-31;0800;null;925,2;1022,6;925,2;924,9;-3,5;16;15,8;11,5;15,9;15,7;11,7;11,5;12,6;77;76;76;119;5,6;2,4;
2024-07-31;0900;null;925,7;1023,2;925,7;925,2;-3,5;16;15,8;11,6;15,9;15,6;11,6;11,4;12,6;77;75;76;118;5,8;3;
2024-07-31;1000;null;926,3;1024;926,3;925,7;12,1;16;15,4;11,6;15,8;15,3;11,6;11,5;12,6;78;76;78;112;6,5;3,3;
2024-07-31;1100;null;927;1024,4;927;926,3;374,7;17;16,4;11,8;16,5;15,4;12;11,6;13,3;78;74;74;122;9,6;4;
2024-07-31;1200;null;927,6;1024,3;927,6;927;1085,5;18;18,7;12,1;19;16,4;12,4;11,8;13,7;74;65;65;115;11,5;3,9;
2024-07-31;1300;null;927,6;1023,3;927,8;927,6;1751,3;21;21,5;12,4;21,5;18,7;12,8;12;13,9;66;56;56;108;11,5;3,5;
2024-07-31;1400;null;927,7;1022,8;927,9;927,6;2205;23;23,4;12,5;23,4;21,5;12,9;11,9;13,9;56;50;50;90;8,2;3;
2024-07-31;1500;null;927,2;1022,2;927,7;927,2;2455,6;25;23,5;12,1;24,7;22,5;13;11,9;13,9;52;47;49;107;8,2;3;
2024-07-31;1600;null;926;1020,1;927,2;926;2517,8;26;25,8;12,7;25,9;23,3;13;12,2;13,8;50;43;44;94;9,1;3;
2024-07-31;1700;null;925,1;1018,9;926;925;2369,8;28;26,4;11,5;26,8;25,2;13;11,5;13,8;45;40;40;74;8,6;3;
2024-07-31;1800;null;924,7;1018,5;925,1;924,6;1999,2;29;26,3;11,6;27,1;25,8;12,2;11,4;13,7;42;38;40;85;8,1;2,6;
2024-07-31;1900;null;924,7;1018,5;924,7;924,5;1437;29;26,2;11,8;26,7;25,8;11,9;11,1;13,2;41;39;41;69;6,2;2,5;
2024-07-31;2000;null;924,9;1019,3;924,9;924,6;757,5;28;24,7;11,8;26,3;24,7;12;11,4;13;45;40;44;56;7,1;2,5;
2024-07-31;2100;null;925,1;1020,3;925,1;924,9;133,4;26;22,2;11,9;24,7;22,1;11,9;11,7;12,9;52;44;52;93;6,4;,9;
2024-07-31;2200;null;925,6;1021,3;925,6;925,1;-3,5;23;20,9;12,1;22,2;20,9;12,2;11,8;12,8;57;52;57;133;2,9;,8;
2024-07-31;2300;null;926;1022,3;926;925,6;-3,5;21;19,3;12,4;20,9;18,9;12,5;11,9;12,8;66;57;64;159;2,8;1,8;
2024-08-01;0000;null;926,4;1022,8;926,4;926;-3,5;20;19,2;12,4;19,7;18,8;12,5;12,2;12,8;66;63;65;153;3,3;1,6;
2024-08-01;0100;null;926,7;1023,3;926,7;926,4;-3,5;19;18,6;12,3;19,4;18,3;12,4;12,1;12,8;67;64;67;152;3,6;1,8;
2024-08-01;0200;null;926,7;1023,5;926,8;926,7;-3,5;19;18,2;12,2;18,7;18,1;12,3;12;12,8;68;66;68;144;3,9;1,6;
2024-08-01;0300;null;926,8;1023,6;926,8;926,7;-3,5;19;18,2;12,1;18,3;17,8;12,2;12;12,8;69;68;68;177;4,1;1,9;
2024-08-01;0400;null;926,6;1023,5;926,8;926,6;-3,5;18;17,7;12;18,5;17,4;12,2;11,7;12,7;70;67;69;150;3,6;1,4;
2024-08-01;0500;null;925,9;1023,1;926,6;925,9;-3,5;18;16,7;11,8;17,9;16,7;12,1;11,7;12,7;73;69;73;150;4,9;1,7;
2024-08-01;0600;null;925,9;1023,1;926;925,8;-3,5;17;16,6;11,9;17,1;16,5;12;11,7;12,7;74;72;74;151;4,4;2,3;
2024-08-01;0700;null;925,5;1022,9;925,9;925,5;-3,5;17;15,9;11,7;16,6;15,9;11,9;11,7;12,7;76;74;76;151;5,1;2,7;
2024-08-01;0800;null;925,6;1023,2;925,6;925,4;-3,5;17;15,5;11,4;16,2;15,5;11,7;11,4;12,6;77;74;77;146;5,5;2,4;
2024-08-01;0900;null;926,1;1023,7;926,1;925,6;-3,5;16;15,5;11,2;15,7;15,2;11,5;11,2;12,6;77;75;76;137;6;2,5;
2024-08-01;1000;null;926,7;1024,4;926,7;926,1;12,3;16;15,4;11,1;15,6;15,1;11,3;11;12,6;77;76;76;147;7,4;3,2;
2024-08-01;1100;null;927,4;1024,6;927,4;926,7;411,4;16;17;11,6;17;15,2;11,6;11,1;13,3;77;70;71;136;7,4;2,9;
2024-08-01;1200;null;928,1;1024,4;928,1;927,4;1156,5;19;19,8;12,1;19,8;17;12,2;11,4;13,8;71;61;61;131;7,8;3,1;
2024-08-01;1300;null;928,4;1024,1;928,5;928,1;1813,8;21;21,8;11,5;22,2;19,7;12,2;11,1;13,9;61;50;52;120;8,2;2,9;
2024-08-01;1400;null;928,1;1023,1;928,4;928,1;2262,6;24;23,8;10,9;24,2;21,8;11,8;10,7;13,8;52;43;45;120;7,5;2,6;
2024-08-01;1500;null;927,4;1021,6;928,1;927,4;2520,7;26;25,8;8,6;25,9;23,7;11,2;8,4;13,8;45;34;34;102;6,9;2,5;
2024-08-01;1600;null;926,3;1020;927,4;926,3;2568;28;27;7,1;27,7;25,2;9,4;6,2;13,8;36;26;28;86;7,1;2,7;
2024-08-01;1700;null;925,4;1018,8;926,3;925,4;2541,2;30;27,8;5,5;28,3;26,5;7,6;5,3;13,8;28;24;24;85;6,9;2,2;
2024-08-01;1800;null;924,9;1018,5;925,4;924,8;2263,6;31;26,9;5,8;28,6;26,6;6,5;4,9;13,6;26;24;26;123;6,9;2,9;
2024-08-01;1900;null;924,5;1018,2;924,9;924,5;1448,4;30;26,6;5,5;28;26,2;6,2;5;13,2;26;24;26;42;5,9;3,3;
2024-08-01;2000;null;924,7;1018,8;924,7;924,5;828,9;29;25,3;4,8;26,7;25,3;5,5;4,6;13;28;25;27;72;6,3;1,4;
2024-08-01;2100;null;925;1020,6;925;924,7;138,1;26;20,9;5,7;25,3;20,7;6,6;4,8;12,9;37;27;37;142;3,8;,9;
2024-08-01;2200;null;925,3;1021,9;925,4;925;-3,5;22;18,1;8;21,5;18,1;8;5,7;12,8;52;36;52;139;2,4;1;
2024-08-01;2300;null;925,6;1023;925,6;925,3;-3,5;19;15,9;8,2;18,2;15,9;8,3;8;12,8;60;52;60;159;2;1,2;
2024-08-02;0000;null;926;1023,6;926;925,6;-3,5;16;15,5;7,6;16;14,8;8,3;7,5;12,8;64;59;59;172;1,9;,7;
2024-08-02;0100;null;926,2;1024,2;926,3;926;-3,5;16;14,6;7,2;16;14,4;7,6;7,1;12,8;62;57;61;145;2,1;1,6;
2024-08-02;0200;null;926,1;1024,2;926,3;926,1;-3,5;15;14,1;7,5;14,6;13;7,5;6,9;12,7;68;61;64;159;2,4;1,7;
2024-08-02;0300;null;926,1;1024;926,2;926,1;-3,5;15;14,7;7,9;14,7;13,4;7,9;7,3;12,7;67;64;64;153;3,5;2,6;
2024-08-02;0400;null;926;1023,3;926,3;926;-3,5;15;16,4;9,2;16,4;13,2;9,2;7,3;12,7;68;61;62;107;5,6;1,7;
2024-08-02;0500;null;925,6;1022,3;926,1;925,5;-3,5;17;18,1;10,5;18,5;16,4;10,5;9,3;12,7;62;58;61;88;8,7;2,4;
2024-08-02;0600;null;925,1;1021,9;925,6;925,1;-3,5;18;17,7;10,7;18,2;17,5;10,7;10,4;12,7;64;61;63;107;7,3;2,8;
2024-08-02;0700;null;925,2;1022,3;925,3;925,1;-3,5;18;16,9;10,6;17,9;16,9;10,7;10,3;12,7;66;63;66;124;8,6;2,6;
2024-08-02;0800;null;925,3;1022,5;925,4;925,2;-3,5;17;16,4;10,6;17,1;16,3;10,7;10,5;12,6;69;66;68;134;6,9;2,7;
2024-08-02;0900;null;925,7;1023,2;925,7;925,3;-3,5;17;15,9;10,5;16,6;15,8;10,7;10,4;12,6;71;68;70;143;6,8;2,5;
2024-08-02;1000;null;926,2;1023,7;926,2;925,6;15,8;16;16;10,8;16,2;15,7;10,8;10,5;12,6;72;70;71;116;7,6;2,1;
2024-08-02;1100;null;926,8;1023,8;926,8;926,2;457,7;17;17,6;11,2;17,6;16;11,2;10,7;13,4;71;66;66;127;7,1;2,6;
2024-08-02;1200;null;927,8;1023,8;927,8;926,8;1229,5;20;20,7;11,8;20,8;17,6;12;11,2;13,8;66;56;56;123;7,1;1,6;
2024-08-02;1300;null;927,9;1023,2;928;927,7;1870,9;23;22,8;11,4;23,1;20,7;12,1;10,9;13,8;57;48;48;118;6,9;2,1;
2024-08-02;1400;null;927,5;1022,1;927,9;927,5;2331,5;25;24,7;11;25;22,6;11,8;10,9;13,8;49;42;42;91;7,8;2,4;
2024-08-02;1500;null;926,7;1020,9;927,6;926,7;2632,9;27;25,6;11;25,9;24;11,5;10,3;13,8;44;39;40;84;9;3;
2024-08-02;1600;null;925,7;1019,7;926,8;925,7;2629,6;28;26;10,6;26,9;25,2;11,8;10;13,7;41;36;38;66;8,6;3,8;
2024-08-02;1700;null;924,8;1018,4;925,7;924,8;2489,4;29;27;8,8;27,6;25,8;11,6;8,8;13,7;39;32;32;50;8,3;3,4;
2024-08-02;1800;null;924,1;1017,5;924,8;924,1;2006,7;29;27,3;9,4;27,7;25,4;9,5;7,4;13,7;35;30;32;43;7,5;2,9;
2024-08-02;1900;null;923,8;1017,4;924,2;923,8;1284;29;26,6;8,6;27,5;25;9,4;8,1;13,3;35;31;32;81;6,1;1,9;
2024-08-02;2000;null;923,8;1018,2;923,9;923,8;630,9;28;24,1;8,9;26,7;24;8,9;7,8;13;38;31;38;108;6,1;,9;
2024-08-02;2100;null;924;1019,1;924;923,8;139,9;26;22,3;9,3;24,2;22,1;9,4;8,3;12,9;44;38;44;103;3,9;1,1;
2024-08-02;2200;null;924,2;1020;924,2;924;-3,5;23;20,2;9,9;22,3;20,2;10,1;9,2;12,8;52;44;52;117;4,1;1,4;
2024-08-02;2300;null;924,8;1021;924,8;924,2;-3,5;21;19,1;9,9;20,3;18,7;10,1;9,6;12,8;56;52;55;133;3,8;1,3;
2024-08-03;0000;null;925;1022,4;925;924,7;-3,5;19;15,9;10,2;19,1;15,7;10,2;9,9;12,8;69;55;69;145;2,5;1,5;
2024-08-03;0100;null;925,4;1023,4;925,4;924,9;-3,5;17;14,4;9,9;16,1;14,4;10,3;9,7;12,8;74;69;74;145;2,1;1,5;
2024-08-03;0200;null;925,4;1023,5;925,4;925,3;-3,5;16;14;9,9;14,8;14;10,2;9,8;12,8;76;73;76;147;3,3;2,4;
2024-08-03;0300;null;925,3;1023,4;925,4;925,3;-3,5;15;14;9,9;14,4;13,7;10;9,7;12,7;77;75;76;147;3,7;2,4;
2024-08-03;0400;null;925,2;1023,2;925,4;925,1;-3,5;15;14,1;9,8;14,4;13,8;10,1;9,8;12,7;77;75;76;146;4;1,1;
2024-08-03;0500;null;925,2;1023;925,3;925,1;-3,5;15;14,9;9,9;15;14;10,2;9,8;12,7;76;72;72;127;3;1;
2024-08-03;0600;null;925;1022,5;925,2;925;-3,5;15;15,6;9,9;15,7;14,5;10,2;9,5;12,7;73;69;69;137;2,8;1,5;
2024-08-03;0700;null;924,7;1022,5;925;924,7;-3,5;15;14,7;9,8;15,6;14,7;9,9;9,7;12,7;73;69;72;134;3,4;1,5;
2024-08-03;0800;null;924,8;1022,6;924,8;924,7;-3,5;15;14,6;9,7;15,1;14,5;9,9;9,6;12,6;73;71;73;141;3,8;1,6;
2024-08-03;0900;null;925,2;1023;925,2;924,8;-3,5;15;14,9;9,8;14,9;14,2;9,8;9,5;12,6;74;72;72;133;3,8;1,7;
2024-08-03;1000;null;925,7;1023,5;925,7;925,2;15,9;15;14,9;9,7;14,9;14,4;9,8;9,5;12,6;73;71;71;130;4;1,6;
2024-08-03;1100;null;926,3;1022,9;926,3;925,7;461,3;16;18,6;10,1;18,6;14,9;10,1;9,7;13,4;71;57;58;101;6,3;2,3;
2024-08-03;1200;null;927,1;1022,8;927,1;926,3;1320,7;20;21,3;9,7;21,7;18,6;10,5;9,1;13,8;58;47;48;81;8,5;3,4;
2024-08-03;1300;null;927,5;1022,7;927,5;927,1;1920,5;22;23;10;23;20,9;10,3;9,3;13,9;48;44;44;82;9,3;3,2;
2024-08-03;1400;null;927,5;1022,3;927,6;927,4;2421;25;24,3;9,9;24,3;22,3;10,1;9;13,8;45;39;40;93;7,4;2,9;
2024-08-03;1500;null;926,5;1020,4;927,5;926,5;2603,6;26;26,5;10,5;26,5;24;10,8;9,1;13,8;41;37;37;79;9,6;2,5;
2024-08-03;1600;null;925,6;1019,4;926,5;925,5;2650;28;26,5;10;27;25,1;10,8;9,8;13,7;39;35;35;63;8,4;3,2;
2024-08-03;1700;null;924,6;1018,1;925,6;924,6;2488,4;29;27,1;10,3;27,8;25,4;11,1;10;13,9;39;34;35;58;7,7;3,3;
2024-08-03;1800;null;924;1018;924,6;924;1973,9;30;25,6;10,7;28;25,6;11,2;10,1;13,1;39;34;39;102;8;2,5;
2024-08-03;1900;null;923,7;1017,7;924;923,7;1440,9;29;25,5;10,6;27,2;25,4;11,2;9,9;13;40;34;39;60;8,2;2,4;
2024-08-03;2000;null;923,8;1017,9;923,8;923,7;701,4;28;25,1;10,6;26,2;25,1;11,4;10,4;13;41;38;40;72;7,8;2,2;
2024-08-03;2100;null;923,9;1018,9;923,9;923,7;121,7;26;22,4;10,7;25,1;22,4;10,9;10,6;12,9;48;40;48;95;6,1;1;
2024-08-03;2200;null;924,2;1020,2;924,2;923,9;-3,5;23;19,6;11,3;22,4;19,4;11,3;10,5;12,8;60;48;59;77;3,2;,9;
2024-08-03;2300;null;924,8;1021,2;924,8;924,2;-3,5;20;18,7;11,3;19,8;18,5;11,4;11;12,8;63;58;62;123;3,5;,8;
2024-08-04;0000;null;925,2;1022,1;925,2;924,8;-3,5;19;17,3;11,4;18,7;17,3;11,6;11,2;12,8;69;62;69;142;2,8;,8;
2024-08-04;0100;null;925,5;1023;925,5;925,2;-3,5;18;15,8;11,3;17,3;15,7;11,5;11;12,8;75;68;74;151;2,5;1,9;
2024-08-04;0200;null;925,4;1023,4;925,6;925,4;-3,5;16;14,2;10,4;15,8;14,2;11,3;10,4;12,8;78;74;78;148;2,5;1,6;
2024-08-04;0300;null;925,5;1023,5;925,6;925,4;-3,5;15;14,3;10,8;14,3;13,4;11;10,4;12,7;83;78;80;144;2,8;2,1;
2024-08-04;0400;null;925,4;1023;925,5;925,4;-3,5;15;15,3;10,9;16;14,3;11,2;10,5;12,7;80;72;75;141;3,2;2,2;
2024-08-04;0500;null;925,3;1023,2;925,5;925,3;-3,5;16;14,6;10,7;16,9;14,6;11,3;10,5;12,7;78;69;78;145;3,3;2,4;
2024-08-04;0600;null;925,1;1023,4;925,4;925,1;-3,5;15;13,3;10,7;14,7;13,1;11,1;10,4;12,7;84;78;84;142;3,7;2;
2024-08-04;0700;null;925;1022,8;925,1;925;-3,5;14;14,7;11,1;14,8;13,1;11,3;10,4;12,7;85;79;79;146;3,7;1,9;
2024-08-04;0800;null;925;1022,5;925;924,9;-3,5;15;15,5;11,6;15,5;14,6;11,6;11;12,6;80;77;77;141;3,7;1,8;
2024-08-04;0900;null;925,4;1022,6;925,4;925;-3;16;16,4;12;16,4;15,4;12;11,5;12,6;78;76;76;143;3,3;1,6;
2024-08-04;1000;null;926;1023;926;925,4;12;17;17,2;12,6;17,2;16,3;12,7;12;12,6;76;75;75;126;3,3;1,2;
2024-08-04;1100;null;926,5;1022;926,5;926;637,5;19;21,7;13,6;21,7;17,2;13,9;12,5;13,5;74;60;60;86;5,4;1,9;
2024-08-04;1200;null;926,9;1022,2;926,9;926,4;1388,5;22;22,4;13;23,1;21,5;13,7;12,8;13,5;60;54;55;75;7,2;3;
2024-08-04;1300;null;927,6;1022,4;927,6;926,9;1941,9;24;24,3;13,4;24,3;21,7;13,7;12,7;13,8;58;51;51;66;8,1;3,1;
2024-08-04;1400;null;927,4;1021,9;927,6;927,3;2219,9;26;25,1;13,1;26,3;23,9;13,9;12,7;13,7;51;45;47;61;8,2;3,4;
2024-08-04;1500;null;926,6;1020,5;927,4;926,6;1810,4;27;26,6;13,1;26,7;24,2;13,6;12,3;13,8;50;43;43;48;8,2;3;
2024-08-04;1600;null;925,8;1019,9;926,6;925,8;1728,1;28;25,8;12,8;26,8;24,9;13,2;11,8;13,8;46;42;45;71;7,2;2,5;
2024-08-04;1700;null;924,7;1018,3;925,9;924,7;1913,6;29;26,8;11,5;27,8;25,2;12,9;10,6;13,9;45;37;38;59;7,2;2,4;
2024-08-04;1800;null;924,3;1017,8;924,8;924,3;1670,1;29;27;11,7;28,3;25,6;12,3;10,8;13,7;44;36;39;67;7;2,3;
2024-08-04;1900;null;924,1;1017,9;924,3;924;1070,5;29;26,2;11,4;27,4;25,8;12,1;11,1;13,2;42;37;40;64;6,3;1,8;
2024-08-04;2000;null;923,9;1017,8;924,1;923,8;977,7;29;25,9;11,7;26,8;25,9;11,8;11;13,1;41;38;41;89;5,5;1,8;
2024-08-04;2100;null;924,2;1019,3;924,2;923,9;151,4;27;22,4;12,3;25,8;22,4;12,3;11,5;12,9;53;41;53;146;5,1;,6;
2024-08-04;2200;null;924,2;1019,7;924,2;924;-3,5;23;21;12,6;22,4;20,3;12,6;12,1;12,8;60;53;59;141;2,7;,8;
2024-08-04;2300;null;924,6;1020,7;924,6;924,2;-3,2;22;19,5;12,7;21,1;19,3;12,7;12,3;12,8;65;58;65;147;2,9;1;
2024-08-05;0000;null;925,2;1021,7;925,2;924,6;-3,5;21;18,6;12,8;19,7;18,6;12,8;12,6;12,8;69;64;69;147;2,4;1,6;
2024-08-05;0100;null;925,6;1022,3;925,6;925,2;-3,5;19;17,9;12,8;18,6;17,6;13;12,7;12,8;73;69;72;150;2,5;1,1;
2024-08-05;0200;null;925,6;1022,8;925,7;925,4;-3,5;18;16,5;12,9;17,9;15,9;12,9;12,1;12,8;81;72;79;156;2,3;1,3;
2024-08-05;0300;null;925,5;1023,4;925,6;925,4;-3,5;17;14,6;12,2;16,7;14,6;13;12,1;12,7;85;78;85;156;2,1;1,4;
2024-08-05;0400;null;925,3;1023,7;925,5;925,3;-3,5;16;13,2;13,1;14,6;13,2;13,5;12,2;12,7;99;85;99;151;2,4;1;
2024-08-05;0500;null;924,9;1023,4;925,3;924,9;-3,5;14;12,8;12,8;13,2;12,8;13,2;12,8;12,7;100;99;100;159;2;,8;
2024-08-05;0600;null;924,7;1022,7;925;924,7;-3,5;14;14,1;13,9;14,7;12,5;14,5;11,7;12,7;100;85;99;117;3,2;1,3;
2024-08-05;0700;null;924,6;1021,8;924,8;924,5;-3,5;15;16,4;12,7;17,2;14,1;14,9;10,6;12,7;99;73;79;144;4,3;1,2;
2024-08-05;0800;null;924,6;1021,6;924,6;924,5;-3,5;15;16,8;12,3;17,2;14,1;13;9,8;12,6;84;73;75;134;4,1;1,8;
2024-08-05;0900;null;925,2;1022,5;925,2;924,6;-3,5;16;16,3;12,3;17;15,7;12,6;11;12,6;79;72;77;137;4,1;1,3;
2024-08-05;1000;null;925,8;1023,2;925,8;925,2;18,9;16;16;12,3;16,4;15,7;12,6;12,1;12,6;80;77;79;132;4;1,4;
2024-08-05;1100;null;926,3;1022,9;926,3;925,8;491,7;17;18,6;12,7;18,7;15,9;13,1;12,2;13,4;79;68;68;118;4,8;1,9;
2024-08-05;1200;null;927;1022,4;927;926,3;1278;20;22,1;12,4;22,2;18,6;13,2;11,9;13,8;70;53;54;90;5,6;2,3;
2024-08-05;1300;null;927,5;1022,2;927,5;927;1925,2;23;24,4;11,6;24,9;22,1;12,7;11,6;13,8;54;44;45;89;6,5;2,2;
2024-08-05;1400;null;926,9;1021,2;927,5;926,9;2393,3;26;25,6;10,3;26,6;24;11,8;9,9;13,7;46;36;38;73;7,5;2,9;
2024-08-05;1500;null;926,1;1019,7;926,9;926,1;2633,2;28;27,5;8,6;28,1;25,7;10,9;7,5;13,8;39;29;30;48;7,7;3,4;
2024-08-05;1600;null;925,1;1018,8;926,1;925,1;2657,9;29;26,6;8,1;28,6;26,4;9;7,4;13,7;31;29;31;58;8,8;3;
2024-08-05;1700;null;924,1;1017,4;925,1;924,1;2351,1;30;27,6;7,9;28,6;26,5;9,1;7,2;13,6;31;28;29;58;9,5;2,3;
2024-08-05;1800;null;923,5;1016,7;924,2;923,5;2056,1;31;27,7;6,8;29,2;26,7;8,7;6,7;13,6;30;25;27;56;6,5;2,1;
2024-08-05;1900;null;923,5;1016,9;923,5;923,4;1492;31;27,3;6,6;28,7;27;7,5;6,4;13;28;25;27;52;6,5;2;
2024-08-05;2000;null;923,5;1017,1;923,6;923,5;702,1;30;26,7;7;27,7;26,3;7,5;6,1;13,1;29;26;29;38;5,1;1,8;
2024-08-05;2100;null;923,7;1018,4;923,7;923,5;172,1;28;23,3;6,7;26,7;23;7,8;6,5;12,9;35;28;34;141;3,6;,5;
2024-08-05;2200;null;924,2;1020,3;924,2;923,7;-3,5;23;19,4;9;23,3;19,2;9,1;6,5;12,8;51;34;51;129;1,7;,9;
2024-08-05;2300;null;924,5;1021,2;924,5;924,2;-3,5;20;17,7;9,1;19,4;17,7;9,1;8,3;12,8;57;50;57;145;1,9;,8;
2024-08-06;0000;null;924,7;1021,9;924,7;924,5;-3,5;18;16,3;9,5;18,1;16;9,6;8,9;12,8;65;56;64;189;1,5;,5;
2024-08-06;0100;null;925;1022,1;925;924,7;-3,5;18;16,7;9,6;17,3;16,3;9,8;9,5;12,8;64;61;63;152;2,4;1,9;
2024-08-06;0200;null;925;1022,1;925,1;925;-3,5;18;16,6;9,6;17,7;16,6;9,7;9,5;12,8;63;59;63;148;2,8;2;
2024-08-06;0300;null;924,8;1021,9;925,1;924,8;-3,5;17;16,6;9,8;16,7;16,2;9,8;9,6;12,7;66;63;64;152;3,1;2,4;
2024-08-06;0400;null;924,3;1021,9;924,8;924,3;-3,5;17;15,2;9,8;16,6;15,2;9,9;9,7;12,7;70;64;70;144;3;2,5;
2024-08-06;0500;null;924;1021,5;924,3;924;-3,5;16;15,2;9,9;15,3;14,4;10,1;9,7;12,7;74;70;71;148;3,5;2,5;
2024-08-06;0600;null;923,7;1021,2;924;923,7;-3,5;16;15,3;9,8;16,4;14,5;10,2;9,4;12,7;73;66;70;147;3,5;2,4;
2024-08-06;0700;null;923,7;1020,8;923,8;923,6;-3,5;16;16,2;10;16,3;14,2;10,1;9,4;12,7;74;67;67;145;3,9;2;
2024-08-06;0800;null;923,9;1021,2;923,9;923,6;-3,5;16;15,9;10,1;16,5;15,6;10,2;9,8;12,6;69;66;68;144;4;1,8;
2024-08-06;0900;null;924,2;1021,6;924,2;923,9;-3,5;16;15,6;10,5;16,1;15;10,5;10;12,6;73;68;72;161;3,7;1,8;
2024-08-06;1000;null;924,6;1021,8;924,6;924,2;18,7;16;16,3;10,8;16,6;15,6;10,9;10,5;12,6;72;68;70;128;3,7;1,7;
2024-08-06;1100;null;925;1021,3;925;924,6;476,9;17;19;11,7;19;16,2;11,7;10,8;13,4;70;62;62;134;4,1;2,2;
2024-08-06;1200;null;925,2;1020,2;925,3;925;1253,2;21;23;12,8;23;19;12,8;11,6;13,7;63;52;53;100;5,4;1,7;
2024-08-06;1300;null;925,4;1019,6;925,4;925,2;1897,6;24;25,2;12,6;25,2;22,9;12,9;11,9;13,8;53;46;46;75;6,2;2,4;
2024-08-06;1400;null;925;1018,9;925,4;924,9;2363,7;27;26,1;11,3;27,2;24,9;12,6;11;13,7;46;38;40;56;6,9;3;
2024-08-06;1500;null;924,1;1017,5;925;924,1;2618,3;28;27,3;10,1;27,8;25,8;11,8;9,5;13,7;40;33;34;51;7,9;2,9;
2024-08-06;1600;null;923;1016,5;924,1;923;2198,6;29;26,7;9;28,5;25,6;10,5;8,4;13,1;37;29;33;88;7,9;2,1;
2024-08-06;1700;null;921,9;1014,5;923;921,9;1602,5;29;29,1;8,4;29,2;25,7;9,6;7,5;13,7;35;27;27;36;6,4;3,8;
2024-08-06;1800;null;921,3;1014,2;921,9;921,3;1701,7;30;27,9;7,4;29,1;26,6;8,4;6,7;13,6;30;26;27;40;6,7;3,3;
2024-08-06;1900;null;921;1014,6;921,3;920,9;1311,7;31;25,9;7,4;28,9;25,9;7,8;6,8;13;31;26;31;53;6,1;2,3;
2024-08-06;2000;null;921,1;1014,5;921,1;921;438,4;28;26,5;7;26,7;25,3;7,7;6,5;13,1;32;28;29;62;5,9;2;
2024-08-06;2100;null;921,2;1015,8;921,2;921,1;155,5;27;22,8;8,3;26,6;22,8;8,4;6,9;12,9;40;29;39;156;5,6;,7;
2024-08-06;2200;null;921,7;1017,2;921,7;921,2;-3,5;23;20,4;9,7;22,8;20,2;9,9;8,1;12,8;52;39;50;140;2,7;,7;
2024-08-06;2300;null;922,2;1017,5;922,2;921,7;-3,2;21;21,2;9,5;21,7;19,5;10,1;9,3;12,8;54;46;47;166;2,4;1,5;
2024-08-07;0000;null;922,3;1018;922,3;922,2;-3,5;21;19,9;9,8;21,6;19,9;9,8;9,3;12,8;52;46;52;130;3;1;
2024-08-07;0100;null;922,7;1017,8;922,7;922,3;-3,5;21;21,7;9,6;21,8;19,6;10,1;9,5;12,8;54;46;46;58;5,8;1,7;
2024-08-07;0200;null;922,9;1018,6;922,9;922,7;-3,5;21;20;9,7;21,8;20;9,9;9,5;12,8;52;46;52;89;3,9;,6;
2024-08-07;0300;null;922,7;1018,4;922,9;922,7;-3,5;21;20;9,8;20,2;19,9;10,2;9,8;12,8;53;51;52;123;4;,8;
2024-08-07;0400;null;922,5;1018,2;922,7;922,4;-3,4;21;20;9,7;20,6;20;9,8;9,5;12,7;52;49;51;131;3,8;1,1;
2024-08-07;0500;null;922,1;1018;922,5;922,1;-3,2;21;19,4;9,4;20,6;19,4;10;9,4;12,7;53;49;52;181;3,9;1,2;
2024-08-07;0600;null;921,9;1018,4;922,1;921,9;-3,5;20;17,6;9,9;19,6;17,2;10;9,4;12,7;62;52;61;134;3,9;1,7;
2024-08-07;0700;null;921,6;1018,1;921,9;921,6;-3,5;19;17,5;9,2;18,1;17,2;9,9;9,1;12,7;61;56;58;148;4,1;2;
2024-08-07;0800;null;921,6;1018,3;921,6;921,6;-3,5;18;16,7;8,7;17,5;16,6;9,1;8,5;12,6;60;58;59;142;4;1,5;
2024-08-07;0900;null;921,9;1019,2;921,9;921,6;-3,5;17;15,2;8,5;16,7;15,2;8,7;8,4;12,6;65;59;65;145;4,1;1,4;
2024-08-07;1000;null;922,2;1019,4;922,2;921,9;20,2;16;15,7;8,3;15,8;14,6;8,6;8,2;12,6;65;61;61;133;4;1,5;
2024-08-07;1100;null;923;1019,4;923;922,2;492,5;17;18,1;8,8;18,1;15,5;8,9;8,2;13,3;62;55;55;138;4;1,7;
2024-08-07;1200;null;923,5;1018,6;923,5;923;1271,4;20;22,1;9;22,1;18;9,2;8,4;13,7;55;42;43;121;3,6;1,5;
2024-08-07;1300;null;923,5;1017,4;923,6;923,4;1918,9;24;25,6;5,6;25,7;21,8;9,1;5;13,8;43;27;28;21;9,9;5,8;
2024-08-07;1400;null;923;1016,4;923,5;923;2391,8;27;27;6,5;27,2;24,9;6,5;4,9;13,7;28;26;27;20;10,3;5;
2024-08-07;1500;null;922,2;1015,4;923;922,2;2628,7;28;27,4;5,2;27,8;26;6,5;4,7;13,7;27;24;24;30;8,9;4,7;
2024-08-07;1600;null;921,1;1014;922,2;921,1;2685,1;30;28;5,5;28,5;26,5;6,3;4,5;13,5;26;24;24;14;9,9;3;
2024-08-07;1700;null;920;1012,7;921,1;920;2538,2;31;28,1;5,3;28,6;27,4;5,6;4,3;13,5;24;22;23;356;8,1;3,4;
2024-08-07;1800;null;919,2;1011,8;920;919,2;2189,9;31;28,2;5,5;28,9;27,7;6,4;4,7;13,6;24;23;24;337;8,7;3,4;
2024-08-07;1900;null;918,9;1011,7;919,2;918,9;1585,2;31;27,7;4,9;28,5;27,3;5,9;4,2;13,2;24;22;23;29;7,4;3,8;
2024-08-07;2000;null;918,9;1012;919;918,9;884,8;30;26,7;4,6;27,9;26,7;4,8;3,7;13;24;22;24;350;7,4;2,8;
2024-08-07;2100;null;919,1;1013,9;919,2;918,9;167,8;27;21,7;6;26,7;21,7;7,2;4,4;12,9;37;24;36;97;5,2;,8;
2024-08-07;2200;null;919,5;1014,9;919,5;919,1;-3,5;23;19,9;6,2;21,7;19,4;7;5,7;12,8;43;36;41;115;2,4;,6;
2024-08-07;2300;null;919,8;1015,9;919,8;919,5;-3,5;21;18,1;7,4;20,2;18,1;7,4;6,4;12,8;50;41;50;142;2,7;1;
2024-08-08;0000;null;920,4;1017,1;920,4;919,8;-3,5;19;16,6;7,8;19;16,6;7,9;6,9;12,8;56;47;56;142;2,3;,6;
2024-08-08;0100;null;920,8;1017,7;920,9;920,4;-3,5;18;16;8,2;18,3;15,7;8,3;7,2;12,8;60;51;60;171;3,3;1,2;
2024-08-08;0200;null;921;1018,3;921;920,8;-3,5;17;14,9;8,3;17,5;14,7;8,6;7,7;12,8;65;56;65;155;3,4;1,9;
2024-08-08;0300;null;921,2;1018,8;921,2;920,9;-3,5;16;14,3;8,4;16,5;14,2;8,6;7,8;12,7;68;59;67;150;3,6;2,1;
2024-08-08;0400;null;921,1;1018,8;921,2;921,1;-3,5;15;13,8;8,4;15,6;13,1;8,5;8;12,7;72;62;70;154;4;2;
2024-08-08;0500;null;920,4;1018,4;921,1;920,4;-3,5;14;12,9;8,4;13,8;12,3;8,5;8,1;12,7;77;70;74;148;3,1;1,8;
2024-08-08;0600;null;920,3;1018,5;920,5;920,3;-3,5;14;12,1;8,3;13,1;12;8,5;8,1;12,7;78;73;78;148;3,4;2,1;
2024-08-08;0700;null;920;1018,3;920,3;920;-3,5;13;11,8;8,4;12,1;11,4;8,5;8,1;12,6;81;78;80;157;2,8;1,8;
2024-08-08;0800;null;919,8;1018;920;919,7;-3,5;13;12;8,5;12,2;11,5;8,6;8,2;12,6;81;78;79;156;3,2;2,2;
2024-08-08;0900;null;919,8;1018,3;919,9;919,7;-3,5;12;11,2;8,4;12,3;11,2;8,7;8,3;12,6;83;78;83;146;2,9;1,9;
2024-08-08;1000;null;920,3;1018,9;920,3;919,8;17,2;12;11,2;8,4;11,4;10,8;8,6;8,1;12,6;84;82;83;147;2,8;2,1;
2024-08-08;1100;null;920,9;1018,2;920,9;920,3;484,3;13;14,9;9,6;14,9;11,2;9,7;8,4;13,4;83;70;71;161;3,1;1,6;
2024-08-08;1200;null;920,9;1015,8;921;920,9;1247;18;21,7;9,9;21,7;14,9;10,6;9,7;13,8;71;47;47;140;3,6;2;
2024-08-08;1300;null;921,1;1014,8;921,1;920,9;1885,3;23;25,6;8,6;25,7;21,8;9,9;8,2;13,8;47;33;34;138;4,1;2,1;
2024-08-08;1400;null;920,9;1013,8;921,1;920,9;2338,4;27;27,8;6,5;28,8;25,6;9;6,3;13,7;34;25;26;87;6;2,5;
2024-08-08;1500;null;920,3;1012,6;920,9;920,3;2548,3;29;29,5;6,9;29,5;27,7;7,4;5,7;13,5;26;24;24;134;6,2;1,9;
2024-08-08;1600;null;919,5;1011,7;920,3;919,5;2459,3;31;29,5;6,2;30,3;28;7,1;5,7;13,5;25;23;23;119;5,6;1,6;
2024-08-08;1700;null;918,7;1010,7;919,5;918,7;2278,1;32;30,1;4,5;31,4;29,1;6,5;4,4;13,1;23;20;20;291;6,5;2,2;
2024-08-08;1800;null;918,2;1010,4;918,7;918,2;1398,6;32;29,2;5,9;31,3;29;6,1;4,6;13,6;23;20;23;210;6;1,9;
2024-08-08;1900;null;918,2;1010,2;918,2;918,1;1272,5;32;29,7;5,6;31,1;28,6;6,2;5;13,2;23;20;22;256;6,5;1,1;
2024-08-08;2000;null;918,5;1010,8;918,5;918,2;836,1;31;28,9;5,6;30,4;28,9;5,9;5,1;13;23;21;23;274;6,1;2,3;
2024-08-08;2100;null;918,8;1012,5;918,8;918,5;150,1;29;24,7;6,4;28,9;24,6;6,5;5,6;12,9;31;23;31;295;5,2;1,6;
2024-08-08;2200;null;919,2;1014,1;919,2;918,8;-3,5;25;21,4;7,2;24,8;21,4;8;6,1;12,8;40;31;40;75;2,7;,6;
2024-08-08;2300;null;919,9;1015,6;919,9;919,2;-3,5;22;19,1;9;21,6;19,1;9,1;7,1;12,8;52;40;52;166;1,9;1,2;
2024-08-09;0000;null;920,3;1016,2;920,3;919,9;-2,1;21;18,8;9,6;19,3;18,7;9,7;9,1;12,8;56;52;55;148;2,3;1,7;
2024-08-09;0100;null;920,8;1016,7;920,8;920,3;-2,5;20;18,8;10;19,3;18,5;10,2;9,4;12,8;59;53;56;150;2,1;1;
2024-08-09;0200;null;920,9;1016,8;920,9;920,8;-2,1;20;19;10,2;19,1;18,8;10,3;10;12,8;58;56;57;168;1,7;1,2;
2024-08-09;0300;null;920,7;1016,4;920,9;920,7;-2,5;20;19,3;10;19,7;18,5;10,6;10;12,8;60;54;55;157;2,5;1,7;
2024-08-09;0400;null;920,6;1016,9;920,7;920,6;-3,5;19;17,7;10,3;20;17,7;10,5;9,6;12,7;62;51;62;137;2,7;1,3;
2024-08-09;0500;null;920,3;1017,2;920,6;920,3;-3,5;18;15,8;9,9;18;15,8;10,4;9,6;12,7;68;61;68;135;2,8;1,5;
2024-08-09;0600;null;919,8;1017;920,3;919,8;-3,5;17;14,8;9,6;15,9;14,4;10;9,5;12,7;73;67;71;161;2,7;1,7;
2024-08-09;0700;null;920;1017,6;920;919,8;-3,5;16;13,7;9;15;13,7;9,7;9;12,7;73;70;73;160;2,6;1;
2024-08-09;0800;null;920,1;1017,7;920,2;919,9;-3,5;15;13,7;9,1;14;13,2;9,5;8,9;12,6;78;73;74;172;2,1;1,2;
2024-08-09;0900;null;920,3;1018,1;920,3;919,9;-3,5;14;13,3;9,2;13,7;12,7;9,6;9;12,6;80;74;76;139;2,5;1,3;
2024-08-09;1000;null;921,1;1018,8;921,1;920,3;25,5;14;13,9;9,9;15,1;12,9;10;8,8;12,6;79;70;77;194;3,5;,4;
2024-08-09;1100;null;921,9;1017,8;921,9;921,1;424,9;15;19,1;10,4;19,1;13,7;10,8;9,7;13,3;79;57;57;259;4,1;1,3;
2024-08-09;1200;null;922,5;1017,9;922,6;921,9;1095,5;19;21;10,5;21,7;17,2;11,1;9,6;13,7;64;49;51;294;5,3;1,8;
2024-08-09;1300;null;922,9;1017,4;922,9;922,5;1710;23;23,5;10,6;23,7;20,6;11;10,3;13,8;52;44;44;228;8,6;5,4;
2024-08-09;1400;null;923;1017,3;923;922,9;2189,5;25;24,4;10,4;24,9;23,3;11,1;10,1;13,8;45;40;41;232;9,6;5,6;
2024-08-09;1500;null;922;1015,6;923;922;2371,4;26;26,2;10,2;26,6;24,2;11;10,1;13,9;42;36;37;233;9,8;5,2;
2024-08-09;1600;null;921,3;1014,6;922;921,3;2354,2;27;26,7;9,7;27,2;25,2;10,6;9,2;13,3;39;33;34;216;9,2;4,7;
2024-08-09;1700;null;921,6;1016,7;921,7;921,2;306,1;25;21,4;11,2;26,7;21,4;11,9;9,2;13;52;34;52;199;12,8;5,5;
2024-08-09;1800;null;920,9;1016,1;921,7;920,8;1140;24;21,1;10,6;23,2;21,1;11,3;10,3;13,1;52;46;51;194;11,8;4,7;
2024-08-09;1900;null;921;1016,4;921;920,8;667,2;23;20,3;11,1;21,4;20,3;11,1;10,6;13;56;51;55;181;10,3;3,3;
2024-08-09;2000;null;920,9;1016,5;921,1;920,8;246,3;22;19,8;11,2;20,3;19,8;11,3;11;13;58;55;58;173;5,8;2,1;
2024-08-09;2100;null;920,7;1016,6;921;920,7;48,5;21;19;11,2;19,8;19;11,4;11,2;12,8;61;58;61;191;5,1;1,2;
2024-08-09;2200;null;920,8;1017;921;920,6;-3,4;20;18,1;11,3;19;18,1;11,4;11,1;12,8;65;61;65;210;2,7;,9;
2024-08-09;2300;null;921,4;1017,8;921,4;920,8;-3,3;19;17,5;11,8;18,3;17,5;11,8;11,3;12,8;69;65;69;157;1,9;,6;
2024-08-10;0000;null;921,2;1017,9;921,5;921,2;-3,4;18;16,6;11,8;17,5;16,6;12,1;11,8;12,8;74;69;73;87;1,2;,4;
2024-08-10;0100;null;921,6;1018,4;921,6;921,1;-2,9;18;16,5;11,9;16,8;16,4;11,9;11,5;12,8;75;72;75;207;1,2;,4;
2024-08-10;0200;null;921,4;1018,4;921,8;921,3;-2,2;17;16;11,9;16,5;15,7;12,1;11,6;12,7;78;74;77;322;1,9;,6;
2024-08-10;0300;null;921,7;1018,4;922;921,4;-3,1;17;16,9;12,3;16,9;15,8;12,3;11,8;12,7;78;74;74;233;4,6;2,8;
2024-08-10;0400;null;921,2;1018;921,7;921,1;-3,2;17;16,3;12,7;16,9;16,2;12,7;12;12,7;79;74;79;248;4,7;1,8;
2024-08-10;0500;null;920,6;1017,4;921,2;920,2;-1,8;17;16,1;13,2;16,4;16;13,2;12,7;12,7;83;79;83;274;3,9;2,3;
2024-08-10;0600;null;920,9;1018,7;920,9;920,4;-,7;16;13,6;null;16,1;13,6;14,3;12,8;12,7;100;83;null;263;7,7;4,2;
2024-08-10;0700;null;920,9;1018,8;921,1;920,7;-,3;15;13,2;null;13,6;13,2;null;null;12,6;null;null;null;269;6,5;3,5;
2024-08-10;0800;null;920,4;1018,5;921;920,4;-,8;14;12,5;null;13,2;12,5;null;null;12,6;null;null;null;303;7,4;1,8;
2024-08-10;0900;null;921;1019,4;921,3;920,3;-1,2;14;12;null;12,5;12;null;null;12,6;null;null;null;304;6,6;3,2;
2024-08-10;1000;null;922;1020,7;922;921;2,2;13;11,4;null;12,1;11,4;null;null;12,5;null;null;null;274;8,3;4,4;
2024-08-10;1100;null;922,5;1021,5;923;922;48,6;12;10,8;null;11,4;10,6;null;null;12,6;null;null;null;249;8,8;2,8;
2024-08-10;1200;null;923,5;1022,6;923,6;922,5;142,3;12;10,7;null;10,9;10,4;null;null;12,8;null;null;null;251;7;2,7;
2024-08-10;1300;null;924,2;1023,4;924,2;923,4;157,8;12;10,5;10,5;10,8;10,4;null;null;12,9;null;null;100;254;6,5;3,2;
2024-08-10;1400;null;923,9;1022,9;924,2;923,9;586,8;12;11,1;10,5;11,3;10,4;11,2;9,9;13,3;100;93;96;251;6,5;3,5;
2024-08-10;1500;null;923,7;1022,8;924;923,6;484,4;12;10,8;10,8;11,3;10,6;11,2;10,6;13,2;100;96;100;258;8,2;3,8;
2024-08-10;1600;null;923,1;1022,2;923,7;923;349,9;12;10,6;10,6;11,1;10,5;10,9;10,5;13,3;100;100;100;232;8,6;4,7;
2024-08-10;1700;null;922,5;1021,2;923,1;922,5;661,9;13;11,4;9,5;11,7;10,5;11,5;8,8;13,4;100;84;88;228;7,7;3,4;
2024-08-10;1800;null;922,2;1020,8;922,5;922,2;968,6;13;11,8;9;12,6;11,3;11;8,4;13,4;97;79;83;225;5,8;2;
2024-08-10;1900;null;922,1;1020,3;922,2;922,1;862,7;14;12,8;8,2;13,2;11,7;9,6;8,2;14,1;85;73;73;195;4,7;2,3;
2024-08-10;2000;null;922,4;1020,7;922,4;922,1;957,1;15;12,6;7,4;13,8;12,6;8,6;7,2;13,4;74;66;71;290;4,2;2,1;
2024-08-10;2100;null;922,6;1021,5;922,6;922,4;232;14;10,9;7,3;12,9;10,8;8,1;7,2;13;79;71;79;299;3,3;2,4;
2024-08-10;2200;null;922,7;1022,2;922,7;922,6;-3,4;11;9,5;7,2;10,8;9,3;7,7;6,8;12,8;88;79;86;282;3,2;2,5;
2024-08-10;2300;null;923,3;1023,6;923,3;922,7;-3,5;9;7,4;null;9,6;7,3;null;null;12,8;null;null;null;180;2,8;,7;
2024-08-11;0000;null;923,7;1024,3;923,8;923,3;-3,5;8;6,6;null;7,6;6,1;null;null;12,7;null;null;null;169;2;1;
2024-08-11;0100;null;924;1025,1;924;923,7;-3,5;7;5,5;null;6,6;5,2;null;null;12,7;null;null;null;162;1,7;1;
2024-08-11;0200;null;924;1025,4;924,1;923,9;-3,5;6;4,7;null;5,7;4,5;null;null;12,7;null;null;null;163;2,2;1,1;
2024-08-11;0300;null;923,7;1025,5;924,1;923,7;-3,5;5;3,7;null;4,8;3,5;null;null;12,7;null;null;null;156;2;1,4;
2024-08-11;0400;null;923,3;1025,2;923,7;923,3;-3,5;5;3,3;null;3,8;3,1;null;null;12,7;null;null;null;156;2;,9;
2024-08-11;0500;null;923;1025;923,4;923;-3,5;4;3;null;3,7;2,8;null;null;12,6;null;null;null;155;1,8;1;
2024-08-11;0600;null;922,3;1024,4;923;922,3;-3,5;4;2,4;null;3,1;2,3;null;null;12,6;null;null;null;157;3,1;1;
2024-08-11;0700;null;921,9;1023,7;922,3;921,9;-3,5;3;3,1;null;3,7;2,2;null;null;12,6;null;null;null;166;1,9;,5;
2024-08-11;0800;null;922,1;1024,3;922,1;921,9;-3,5;3;2,2;null;3,8;1,8;null;null;12,5;null;null;null;147;1,9;1;
2024-08-11;0900;null;922,6;1024,9;922,6;922;-3,5;3;2;null;2,8;1,6;null;null;12,5;null;null;null;150;1,9;1,2;
2024-08-11;1000;null;923;1025,1;923;922,6;28,8;3;2,5;null;2,9;1,6;null;null;12,5;null;null;null;142;2,6;1,4;
2024-08-11;1100;null;923,5;1024,9;923,6;923;407,5;4;4,7;null;4,7;2,4;null;null;13,8;null;null;null;110;2,4;,6;
2024-08-11;1200;null;924,1;1023,5;924,1;923,5;1330,9;7;10;10;10;4,7;10;6,3;14,3;100;100;100;142;2,1;1,2;
2024-08-11;1300;null;924,3;1022,4;924,4;924,1;2185,7;11;13,7;6,6;14;10;12,6;6,4;14,2;100;61;63;103;5,3;2,4;
2024-08-11;1400;null;923,8;1021;924,3;923,8;2725,3;15;16,2;5,3;16,5;13,7;7,5;5,2;14;64;48;48;84;6,2;2,3;
2024-08-11;1500;null;923,2;1019;923,8;923,2;3019;18;19,8;2,4;20;16,2;6,4;1,6;14;50;30;31;28;4,9;1,7;
2024-08-11;1600;null;922,1;1017,2;923,2;922,1;3071,7;21;21,6;1;22;19;3,4;-,6;13,9;33;23;26;60;4,3;1,8;
2024-08-11;1700;null;920,8;1015,1;922,1;920,8;2894,8;24;23,5;-1;23,5;21,6;,1;-3,6;13,8;25;16;20;283;3,8;1,4;
2024-08-11;1800;null;920,6;1014,6;920,8;920,4;2441,2;25;24,3;-4,5;24,8;23;,2;-4,6;13,9;21;14;14;329;4,5;1,1;
2024-08-11;1900;null;920,5;1014,5;920,6;920,3;1779,9;26;24,3;-5,3;25,2;23,3;-2,5;-5,3;13,3;16;13;14;298;3,9;1,7;
2024-08-11;2000;null;920,7;1015,2;920,8;920,5;946,1;25;23;-2,8;24,4;23;-2,8;-5,9;13,2;18;13;18;259;4,9;2,6;
2024-08-11;2100;null;921,1;1017;921,1;920,7;222,2;23;19;-1,9;23;18,9;-1,6;-3,7;12,9;25;17;24;249;4,1;2,4;
2024-08-11;2200;null;921,8;1019,9;921,8;921,1;-3,5;18;13;2,2;19,1;13;2,8;-1,7;12,8;48;24;48;37;4,7;1,9;
2024-08-11;2300;null;922,3;1021,2;922,3;921,8;-3,5;14;11;3,7;13,3;10,7;4;2,4;12,8;62;48;61;306;3,7;,6;
2024-08-12;0000;null;922,8;1022,6;922,9;922,3;-3,5;11;8,6;4;11,4;8,3;4,2;3,5;12,8;73;60;73;160;3;,7;
2024-08-12;0100;null;923,2;1023,1;923,3;922,8;-3,5;10;8,4;3,8;9,9;8,2;4,6;3,7;12,8;74;67;73;99;1,9;,4;
2024-08-12;0200;null;923,5;1024;923,6;923,2;-3,5;9;6,9;4,2;8,6;6,8;4,5;3,1;12,7;83;73;83;143;2,2;1,3;
2024-08-12;0300;null;923,3;1024,1;923,6;923,3;-3,5;8;6;4,1;7,7;5,8;4,6;3,4;12,7;88;78;88;154;2,2;1,2;
2024-08-12;0400;null;923;1024,1;923,3;923;-3,5;7;5,1;2,6;6,5;4,7;4,4;1,6;12,7;91;79;84;172;1,8;,7;
2024-08-12;0500;null;922,8;1024;923,2;922,8;-3,5;6;4,9;2,1;5,6;4,4;4,3;2;12,7;96;81;82;193;1,9;,9;
2024-08-12;0600;null;922,6;1024,3;922,9;922,5;-3,5;5;3,5;3,5;6,3;3,3;3,7;1,3;12,7;100;77;100;146;1,6;1,1;
2024-08-12;0700;null;922,5;1024;922,6;922,4;-3,5;4;4,1;1,7;4,8;3,5;3,6;1,7;12,6;100;84;84;164;1,7;,8;
2024-08-12;0800;null;922,7;1024,7;922,8;922,4;-3,5;4;2,7;2,7;4,1;2,6;3,3;1,7;12,6;100;85;100;167;1,9;,9;
2024-08-12;0900;null;923,7;1025,7;923,7;922,6;-3,5;4;3,1;3,1;4,2;2,7;3,9;2,5;12,6;100;91;100;134;1,5;,8;
2024-08-12;1000;null;924,2;1026,2;924,2;923,7;32,4;4;3,1;3,1;3,5;3;3,5;3;12,6;100;99;100;157;1,6;,6;
2024-08-12;1100;null;924,3;1025,2;924,4;924;483,3;5;6;3,5;6;3,1;5,3;2,9;13,6;100;84;84;158;1,5;,7;
2024-08-12;1200;null;925,1;1023,5;925,1;924,3;1262,6;8;13,2;4,3;13,2;6;6,7;3,5;14,1;86;54;55;336;2,8;1,3;
2024-08-12;1300;null;925,2;1022,3;925,3;925;2032,1;14;16,8;4,1;16,9;13,2;5,8;3,5;14,1;60;42;43;309;3,8;2,2;
2024-08-12;1400;null;925,1;1021,2;925,3;925,1;2583;18;19,6;2;19,7;16,8;4,2;1;14;43;29;31;282;7,3;4,1;
2024-08-12;1500;null;924,2;1019,7;925,1;924,2;2918,7;21;21,1;1,7;21,1;19,4;2,3;-,1;13,9;31;25;28;259;7,6;3,9;
2024-08-12;1600;null;923,5;1018,6;924,3;923,5;2771,3;22;22,1;-4,7;22,8;20,1;1,3;-4,9;13,9;28;16;16;275;8;4,5;
2024-08-12;1700;null;922,6;1017,2;923,5;922,6;2625,4;24;23,3;-6;23,5;21,9;-3,7;-7,4;13,8;18;13;14;256;7,8;4,9;
2024-08-12;1800;null;922,2;1016,8;922,6;922,2;2067,3;25;23,2;-9,1;24,1;22,5;-6;-9,6;13,8;14;10;11;253;8,3;3,8;
2024-08-12;1900;null;922,2;1016,7;922,2;921,9;1496,3;25;23,3;-7,4;24,4;22,9;-7,4;-9,4;13,9;12;10;12;257;7,1;4,3;
2024-08-12;2000;null;922,4;1017,6;922,4;922,1;807,7;24;21,5;-4,1;23,4;21,5;-4,1;-7,3;13,1;18;12;18;242;8;3,8;
2024-08-12;2100;null;923;1019,8;923;922,4;161,6;21;17;-2;21,5;17;-2;-4,4;12,9;27;17;27;225;6;2,6;
2024-08-12;2200;null;923,2;1021,2;923,2;922,7;-3,5;18;13,6;-,2;17;13,6;-,1;-2;12,8;39;27;39;346;4;1,2;
2024-08-12;2300;null;923,4;1022,5;923,5;923,2;-3,5;15;10,6;1,2;16;10,4;1,3;-1,6;12,8;53;31;52;39;3,9;2,7;
2024-08-13;0000;null;923,7;1023,4;923,7;923,4;-3,5;12;9,2;1,3;13,7;9;1,4;-1;12,8;59;39;58;37;3,9;1,1;
2024-08-13;0100;null;924,3;1024,2;924,3;923,7;-3,5;10;8,7;,9;9,4;7,9;2,1;,9;12,8;67;56;58;165;1,9;,6;
2024-08-13;0200;null;924,7;1025,5;924,7;924,3;-3,5;9;6,5;1,6;9,3;6,4;2;,9;12,7;71;56;71;149;1,5;,9;
2024-08-13;0300;null;924,5;1024,9;924,8;924,5;-3,5;8;7,5;1,6;7,8;6,6;1,9;1,1;12,7;71;65;67;169;1,5;,9;
2024-08-13;0400;null;924,1;1025,4;924,5;924,1;-3,5;7;5;,5;8,1;4,9;2,3;,3;12,7;74;62;73;183;1,8;,7;
2024-08-13;0500;null;923,8;1024,7;924,1;923,8;-3,5;6;5,9;,9;6,2;4,2;1,7;,5;12,7;82;70;71;193;1,6;,4;
2024-08-13;0600;null;923,7;1024,8;923,8;923,5;-3,5;5;5,3;2;6;3,6;2;,1;12,7;84;68;79;200;1,5;1,2;
2024-08-13;0700;null;923,7;1025,5;923,8;923,6;-3,5;4;3,7;,8;5,4;3,2;1,9;,5;12,6;84;76;81;177;1,5;1,1;
2024-08-13;0800;null;924;1026,3;924;923,7;-3,5;4;2,3;,4;4,1;2,3;1,1;-,1;12,6;87;80;87;160;2,6;1,9;
2024-08-13;0900;null;924,4;1026,9;924,4;923,9;-3,5;3;2,1;1,9;2,5;2;2,2;,4;12,5;99;87;99;161;2,8;1,7;
2024-08-13;1000;null;924,8;1027,4;924,8;924,4;27,9;3;1,8;1,8;2,7;1,4;2,6;1,3;12,6;100;93;100;173;3,1;1,4;
2024-08-13;1100;null;925,5;1026,1;925,5;924,8;561,5;4;7,3;2,9;7,3;1,8;3,1;1,4;13,8;100;74;74;159;2,9;1,7;
2024-08-13;1200;null;925,7;1023,7;925,7;925,5;1421,7;10;14,5;2,6;14,6;7,3;4,1;2,6;14,2;74;45;45;132;3,2;1,6;
2024-08-13;1300;null;925,9;1022,3;925,9;925,7;2162,8;16;19,1;-,5;19,7;14,4;3,2;-,5;14;45;26;27;95;5,6;2,2;
2024-08-13;1400;null;925,6;1021,2;925,9;925,6;2660,2;20;21,1;-,9;21,5;19,1;,5;-1,4;13,9;27;22;23;122;5,2;1,6;
2024-08-13;1500;null;925;1020,1;925,7;925;2825,3;23;22,6;-3,2;23,7;21;-,5;-3,5;13,8;24;17;18;47;3,8;1,6;
2024-08-13;1600;null;923,9;1018,4;925;923,9;2995,2;25;24;-3;25,2;22,3;-1,2;-3,1;13,8;19;16;16;67;4,8;1,9;
2024-08-13;1700;null;923,1;1016,6;923,9;923,1;2534,5;27;26,7;-3,5;26,7;23,9;-1,8;-4,7;13,7;18;13;14;340;4,8;1,5;
2024-08-13;1800;null;922,5;1016;923,1;922,5;1851,3;27;26,5;-4,9;27;25,1;-4;-6;13,4;13;12;12;309;4,4;1,5;
2024-08-13;1900;null;922,7;1016,2;922,7;922,4;1775,9;28;26,6;-4,8;26,8;25,8;-4,3;-5,7;13,8;13;12;12;296;4,7;1,7;
2024-08-13;2000;null;922,9;1016,7;922,9;922,6;1006;28;25,7;-4,1;26,6;25,5;-3,8;-5,7;13,1;14;12;14;291;3,3;,8;
2024-08-13;2100;null;923,2;1018,7;923,3;922,8;207,1;25;20,8;1,1;25,7;20,7;1,2;-4;12,9;27;14;27;188;4,3;2,5;
2024-08-13;2200;null;923,8;1020,6;923,8;923,3;-3,5;20;17,2;1,6;20,8;17,2;1,7;1,1;12,9;35;27;35;143;4,3;1,2;
2024-08-13;2300;null;924,2;1021,5;924,2;923,8;-3,5;17;15,9;1;17,2;15,8;1,6;,9;12,8;37;35;37;129;2,8;1,4;
2024-08-14;0000;null;924,6;1022,3;924,6;924,2;-3,5;16;14,9;1;16,2;14,9;1,1;,6;12,8;39;35;39;158;2,8;1,4;
2024-08-14;0100;null;924,8;1023,5;924,8;924,6;-3,5;14;12,3;2,3;15;12,2;2,3;,9;12,8;51;39;51;135;2,7;1,1;
2024-08-14;0200;null;924,9;1024,6;925,1;924,8;-3,5;12;9,6;2,9;12,3;9,5;3;2,1;12,8;63;51;63;150;2,2;1,6;
2024-08-14;0300;null;924,6;1024,1;925;924,6;-3,5;11;10;2,7;10;9,2;3,1;2,6;12,7;63;61;61;157;2,5;1,6;
2024-08-14;0400;null;924,7;1024,4;924,8;924,6;-3,5;10;9,3;2,5;10,1;8,9;2,7;2,2;12,7;63;59;63;153;3,3;1,5;
2024-08-14;0500;null;924,2;1022,6;924,7;924,2;-3,5;11;12,7;1,5;12,9;9,3;2,7;1,5;12,7;63;46;47;137;4,1;2;
2024-08-14;0600;null;923,9;1022,8;924,2;923,8;-3,5;12;11,4;2,2;12,7;11,3;2,2;1,4;12,7;53;46;53;149;4,6;1,7;
2024-08-14;0700;null;923,9;1023;924;923,9;-3,5;12;10,7;2,9;11,9;10,7;2,9;2,2;12,7;58;53;58;150;3,5;2,2;
2024-08-14;0800;null;924,3;1023,7;924,3;923,9;-3,5;11;10,2;3,4;10,9;10,1;3,4;2,9;12,6;63;58;63;148;4;2,1;
2024-08-14;0900;null;924,7;1024;924,8;924,3;-3,5;10;10,5;3,6;10,5;9,6;3,7;3,3;12,6;65;62;63;141;4,3;2,2;
2024-08-14;1000;null;925,2;1024,5;925,2;924,7;32,7;11;10,7;3,9;11,5;10,2;3,9;3,5;12,6;64;59;63;123;5,6;2,3;
2024-08-14;1100;null;925,7;1023,9;925,7;925,2;615,9;12;13,7;4,5;13,7;10,5;4,5;3,8;13,6;64;54;54;136;7,2;2,6;
2024-08-14;1200;null;925,9;1022,8;926;925,7;1408,2;15;17,4;4,6;17,4;13,7;4,8;4,1;14;54;42;43;115;6,8;2,9;
2024-08-14;1300;null;926;1022,1;926,3;925,9;2134,5;19;20;5,2;20,2;17,4;5,8;4,4;14,1;43;37;38;83;7,3;3,1;
2024-08-14;1400;null;925,7;1020,6;926;925,7;2620,2;22;23,2;4,8;23,3;20;5,6;3,7;13,8;38;30;30;90;7,3;2,3;
2024-08-14;1500;null;924,9;1019,2;925,7;924,8;2905;25;24,9;4,1;25,7;22,5;4,9;1,9;13,7;31;22;26;37;6,8;2,9;
2024-08-14;1600;null;924;1018;924,9;924;2995,4;27;25,4;1,9;26,8;24,5;3,7;1,9;13,7;26;21;22;357;7,7;2,6;
2024-08-14;1700;null;922,9;1016,1;924;922,9;2742,5;29;27,7;2,8;28,1;25,3;3,7;1,6;13,7;22;18;20;95;6,6;2;
2024-08-14;1800;null;922,3;1015,2;922,9;922,3;2318,6;30;28,4;,8;29,3;27,7;2,1;-1;13,7;20;15;17;338;6,3;2,6;
2024-08-14;1900;null;922,1;1015,1;922,3;922;1652,7;31;28,1;1,4;29,5;28;2,4;-,6;13,5;18;15;18;8;5,6;2,7;
2024-08-14;2000;null;922,3;1016,1;922,3;922,1;693;30;25,6;3,9;28,6;25,6;3,9;,9;13;25;17;25;122;4,7;1;
2024-08-14;2100;null;922,7;1017,2;922,7;922,3;185,5;27;23,5;4,7;25,6;23,5;5,7;4;12,9;30;25;30;146;2,6;,9;
2024-08-14;2200;null;922,9;1018,8;922,9;922,7;-3,5;23;19,6;6,4;23,5;19,6;6,5;4,6;12,8;42;30;42;124;2,2;1,3;
2024-08-14;2300;null;923,5;1020,3;923,5;922,9;-3,5;20;17,2;6,4;19,6;16,7;6,8;6,1;12,8;51;42;49;149;3,2;2,2;
2024-08-15;0000;null;924;1020,5;924;923,5;-3,5;18;18,1;6,3;18,1;15,7;6,7;6,3;12,8;55;46;46;152;3,5;2,2;
2024-08-15;0100;null;924;1020,6;924;923,8;-3,5;18;17,7;6,5;18,2;16;6,6;5,9;12,8;52;45;48;145;4;1,8;
2024-08-15;0200;null;924,3;1021;924,3;924;-3,5;18;17,5;7,3;18,1;16,9;7,4;6,5;12,8;52;48;51;149;3,5;1,8;
2024-08-15;0300;null;924,1;1021;924,3;924,1;-3,5;18;17;8;17,5;16,3;8;7,2;12,8;56;51;56;150;3,3;2,1;
2024-08-15;0400;null;923,9;1020,6;924,1;923,9;-3,5;18;17,6;8,6;18,1;16,9;8,8;8;12,7;57;54;56;140;3,8;1,7;
2024-08-15;0500;null;923,5;1020,6;923,9;923,5;-3,5;17;16,2;9,2;17,6;15,2;9,2;8,5;12,7;65;56;63;158;3;2,1;
2024-08-15;0600;null;923,1;1020,2;923,5;923,1;-3,5;17;16,2;9;16,9;15,7;9,2;8,6;12,7;63;59;62;148;3,3;1,8;
2024-08-15;0700;null;923;1020;923,1;923;-3,5;17;16,3;9;16,8;16,1;9,1;8,9;12,7;62;60;62;158;3,6;1,9;
2024-08-15;0800;null;923,4;1020,4;923,4;923;-3,5;17;16,4;9,1;17;16;9,1;8,9;12,7;63;60;62;137;4,1;1,5;
2024-08-15;0900;null;924,1;1021,5;924,1;923,4;-3,5;16;15,7;9,1;16,5;15,7;9,3;8,9;12,6;65;62;65;137;4,3;1,8;
2024-08-15;1000;null;924,8;1022,2;924,8;924,1;27,8;16;15,7;9,7;16;15,4;9,7;9,1;12,7;68;64;67;132;5;2,1;
2024-08-15;1100;null;925;1021,5;925,2;924,7;539,6;17;18,5;10,7;18,7;15,7;10,8;9,7;13,4;67;60;60;123;5,5;1,7;
2024-08-15;1200;null;925,9;1021,5;925,9;925;1330,9;20;21,4;11,4;21,4;18,4;11,5;10,7;13,9;61;53;53;119;6,3;2,6;
2024-08-15;1300;null;926;1020,3;926,1;925,9;2014,5;23;25,1;11,4;25,2;21,4;11,8;11;13,9;53;42;42;79;6,3;2,1;
2024-08-15;1400;null;925,7;1019,4;926;925,7;2515,9;26;26,8;11,6;26,8;24,3;11,8;10,9;13,8;44;38;39;61;5,1;2,4;
2024-08-15;1500;null;924,9;1018;925,7;924,9;2774,8;29;28,6;10,6;28,6;26,6;11,7;10,3;13,5;39;33;33;90;6;2,7;
2024-08-15;1600;null;923,8;1016,6;924,9;923,8;2504,5;31;29,2;9,5;30,3;28;11,1;9;13,2;33;28;29;102;5,3;2;
2024-08-15;1700;null;923;1015,6;923,8;923;2734,1;32;29,5;7,3;31,2;29,1;10,2;6,5;13,6;30;22;25;296;5,7;2,2;
2024-08-15;1800;null;922,4;1014,4;923;922,4;2268,9;33;31,1;7,6;31,6;29,4;8,3;7,1;13,5;25;23;23;57;5;1,2;
2024-08-15;1900;null;922,2;1014,5;922,4;922,1;1689,6;34;30,2;8,2;31,4;29,9;8,2;7,3;13,6;25;23;25;43;4,8;2,2;
2024-08-15;2000;null;922,5;1015,3;922,5;922,1;902,9;33;28,8;9;30,5;28,7;9,1;7,8;13;29;25;29;60;4,5;1,2;
2024-08-15;2100;null;922,9;1016,9;922,9;922,5;166,1;30;25,3;9,3;28,8;25,1;10,7;8,9;12,9;38;29;36;158;2,6;1,1;
2024-08-15;2200;null;923,2;1018,6;923,2;922,9;-3,5;26;21,1;11,1;25,8;20,8;11,1;8,9;12,9;53;35;53;130;2;1,2;
2024-08-15;2300;null;923,6;1019,7;923,6;923,2;-3,5;23;19,2;10,9;21,3;19,2;11,1;10,4;12,8;58;51;58;152;2,7;1,9;
2024-08-16;0000;null;924;1020,3;924;923,6;-3,5;21;18,6;10,4;19,4;18,2;11;10,4;12,8;62;57;59;158;3,9;1,9;
2024-08-16;0100;null;924,3;1020,8;924,3;924;-3,5;20;18,3;10,2;18,6;17,9;10,5;10,1;12,8;61;58;59;156;3;2;
2024-08-16;0200;null;924,2;1021,1;924,3;924,2;-3,5;19;16,9;10,4;18,3;16,9;10,5;10,1;12,8;65;59;65;152;2,9;1,8;
2024-08-16;0300;null;924;1021;924,2;924;-3,5;18;16,7;10,7;17,1;16,4;10,7;10,4;12,7;68;65;68;149;2,5;1,8;
2024-08-16;0400;null;923,8;1020,8;924,1;923,8;-3,5;18;16,5;10,5;16,9;16,5;10,8;10,5;12,7;68;67;68;150;2,7;2;
2024-08-16;0500;null;923,6;1021;923,8;923,6;-3,5;17;15,5;10,5;16,5;15,5;10,7;10,4;12,7;72;68;72;162;2,5;1,9;
2024-08-16;0600;null;923,3;1020,8;923,6;923,3;-3,5;16;15;10,5;15,7;14,3;10,7;10;12,7;77;72;74;135;2,6;,4;
2024-08-16;0700;null;923,3;1021,3;923,3;923,3;-3,5;15;13,6;10,3;15;13,6;10,7;9,9;12,7;80;74;80;155;2,9;1,4;
2024-08-16;0800;null;923,3;1021,2;923,4;923,2;-3,5;15;13,9;10,5;14,5;13,5;10,8;10,3;12,6;82;78;80;149;2,6;2,1;
2024-08-16;0900;null;923,9;1021,7;923,9;923,3;-3,5;15;14,4;10,5;14,5;13,9;10,7;10,4;12,6;80;78;78;150;2,9;2;
2024-08-16;1000;null;924,6;1022,5;924,6;923,9;30,3;15;14,4;10,8;14,4;13,9;10,9;10,5;12,6;80;78;79;149;2,9;2,1;
2024-08-16;1100;null;925,3;1021,4;925,3;924,6;541,7;16;19,7;11,7;19,7;14,4;11,9;10,9;13,5;79;60;60;151;3,2;1,6;
2024-08-16;1200;null;925,9;1020,7;925,9;925,3;1317;21;23,8;10,8;23,8;19,7;11,9;10,8;13,8;60;44;44;131;4,5;2,3;
2024-08-16;1300;null;926,1;1019,5;926,1;925,8;2007,7;26;28;9,8;28,1;23,8;11,3;9,4;13,7;44;32;32;69;5;2;
2024-08-16;1400;null;925,6;1018,7;926,1;925,6;2518,4;29;28,7;9,9;28,9;27,2;10,3;9,3;13,5;34;30;31;91;5;1,9;
2024-08-16;1500;null;924,7;1017,5;925,6;924,7;2793,3;31;29,5;9,2;30,4;28,2;10,3;8,9;13,5;32;28;28;330;4,6;2,4;
2024-08-16;1600;null;923,5;1015,5;924,7;923,5;2838,5;33;31,5;8,3;32,3;29,4;9,6;7,6;13,5;29;23;24;30;4,6;1,7;
2024-08-16;1700;null;922,4;1014,3;923,5;922,4;2690,8;33;31,4;7,1;32,1;30,7;7,9;6,6;13,5;24;21;22;277;6;3,7;
2024-08-16;1800;null;921,8;1013,6;922,4;921,7;2240,1;34;31,5;6,4;33,1;31,2;7,6;6,3;13,5;22;20;21;166;5,9;2,1;
2024-08-16;1900;null;921,5;1013,3;921,8;921,4;1607;34;31,5;7,1;32,1;31,2;7,3;6,1;13,4;22;20;22;198;6,4;1,8;
2024-08-16;2000;null;921,4;1013,4;921,5;921,3;863,4;34;31;7,1;31,9;30,8;7,6;6,1;13;24;20;22;244;4,5;1,3;
2024-08-16;2100;null;921,9;1015,1;921,9;921,4;188,3;31;27,3;8,5;31;27,2;8,5;6,9;12,9;30;22;30;173;3,8;1,6;
2024-08-16;2200;null;922,2;1016,6;922,2;921,9;-3,5;27;23,8;9,1;27,3;23,8;9,7;8,1;12,9;40;31;39;155;2,9;,9;
2024-08-16;2300;null;922,8;1017,5;922,8;922,2;-3,5;24;23,1;8,2;23,8;21,6;10,2;8,2;12,8;46;37;38;164;2,3;1,5;
2024-08-17;0000;null;923,6;1019;923,6;922,8;-3,5;22;21,3;8,5;23,1;19,6;9,8;7,8;12,8;53;38;44;151;3,3;1,9;
2024-08-17;0100;null;923,9;1020;923,9;923,6;-3,5;21;19,1;8,7;21,7;19;9;8,2;12,8;51;42;51;160;3,8;1,4;
2024-08-17;0200;null;923,9;1020,6;923,9;923,8;-3,5;20;17,5;9,5;19,8;17,5;9,5;8,7;12,8;59;49;59;158;2,2;1;
2024-08-17;0300;null;923,7;1020,1;923,9;923,7;-3,5;19;18,3;9,6;19,4;17,4;10;9,2;12,8;60;53;57;166;2;1,2;
2024-08-17;0400;null;923,4;1020,2;923,7;923,4;-3,5;18;17,1;9,7;18,4;16,5;9,8;9,4;12,7;64;56;62;144;2,8;2;
2024-08-17;0500;null;923;1020;923,4;923;-3,5;18;16,3;9,5;17,1;15,9;9,7;9,4;12,7;66;62;64;149;3,1;2,5;
2024-08-17;0600;null;922,8;1019,9;923;922,8;-3,5;17;16;9,5;16,4;15,8;9,6;9,5;12,7;66;64;66;146;3,2;2;
2024-08-17;0700;null;922,5;1019,9;922,8;922,5;-3,5;17;15,1;9,7;16,2;15,1;9,7;9,5;12,7;70;65;70;151;2,9;1,9;
2024-08-17;0800;null;922,9;1019,9;922,9;922,5;-3,5;16;16,5;10;16,8;14,2;10,3;9,7;12,6;75;65;65;150;3,1;2;
2024-08-17;0900;null;923,4;1019,9;923,4;922,9;-3,5;17;18;9,5;18,5;15,8;10,2;9,4;12,6;68;57;57;149;3,6;1,7;
2024-08-17;1000;null;924;1020,6;924;923,4;31,5;17;17,9;9,2;18;17,5;9,5;9,1;12,7;58;57;57;152;3,2;1,9;
2024-08-17;1100;null;924,5;1020,1;924,5;924;550,7;19;20,8;9,8;20,8;17,8;10;9;13,4;57;49;49;142;4,4;1,9;
2024-08-17;1200;null;924,8;1019,1;924,8;924,5;1332,2;22;24,8;9,8;25;20,8;10,1;9,5;13,7;50;38;39;133;4,4;1,7;
2024-08-17;1300;null;925;1018;925,1;924,8;2028,9;27;28,8;9,7;28,8;24,8;10,2;9;13,7;39;30;30;78;4,2;1,9;
2024-08-17;1400;null;924,6;1017,4;925;924,6;2555,7;30;29,3;8,5;29,9;28,1;9,8;8,4;13,6;31;27;27;81;5;2,3;
2024-08-17;1500;null;923,9;1016,4;924,6;923,9;2817,1;32;30,1;7,9;30,9;29,3;9,2;7,3;13,5;28;24;25;84;5,8;2;
2024-08-17;1600;null;923;1015,1;923,9;923;2792,8;33;31;7,1;31,2;30;8,3;6,3;13,5;25;22;23;194;4,9;1,8;
2024-08-17;1700;null;921,9;1013,5;923;921,9;2601;34;32,2;7,2;32,6;30,5;7,8;6,4;13,5;23;21;21;28;6;1,9;
2024-08-17;1800;null;921,2;1012,7;921,9;921,2;2225,7;35;32,3;6,5;33;31,4;7,5;6,4;13,5;22;20;20;31;6,1;2,2;
2024-08-17;1900;null;921,1;1012,7;921,2;920,9;1599,5;35;31,9;5,9;32,8;31,6;6,6;4,8;13,2;20;18;20;128;5,8;1,4;
2024-08-17;2000;null;921,3;1013,4;921,3;921;842,5;34;30,6;5,6;32,2;30,6;5,9;4,6;13;21;18;21;199;4,6;2,2;
2024-08-17;2100;null;921,7;1014,8;921,7;921,3;154,8;31;27,6;4,9;30,6;27,4;6;4,8;12,9;24;21;23;185;4,5;2,6;
2024-08-17;2200;null;922,4;1017,2;922,4;921,7;-3,5;27;22,5;6,4;27,7;22,5;7;4,7;12,9;36;23;35;155;4,5;,6;
2024-08-17;2300;null;923,1;1018,8;923,1;922,4;-3,5;23;20,1;7,2;22,5;20,1;7,3;6,3;12,8;43;36;43;171;1,9;1,1;
2024-08-18;0000;null;923,3;1019,4;923,3;923,1;-3,5;21;19,1;7,9;21;18,9;7,9;7,1;12,8;49;41;48;146;2,6;1,6;
2024-08-18;0100;null;923,5;1020,1;923,6;923,3;-3,5;20;17,8;8,1;19,4;17,8;8,1;7,7;12,8;53;47;53;143;2,5;1,4;
2024-08-18;0200;null;923,4;1020,5;923,6;923,4;-3,5;19;16,3;8,5;17,8;16,3;8,5;8,1;12,8;60;53;60;143;3,1;1,8;
2024-08-18;0300;null;923,5;1020,8;923,5;923,4;-3,5;17;15,6;8,7;16,5;15,3;8,8;8,2;12,7;64;60;64;151;2,5;1,8;
2024-08-18;0400;null;923,1;1020,7;923,5;923,1;-3,5;16;14,6;8,5;15,6;14,6;8,7;8,4;12,7;67;63;67;155;2,5;1,5;
2024-08-18;0500;null;922,7;1020,6;923,1;922,7;-3,5;16;13,9;8,6;14,6;13,9;8,7;8,4;12,7;70;67;70;143;3;1,6;
2024-08-18;0600;null;922,5;1020,5;922,7;922,5;-3,5;15;13,5;8,4;14;13,2;8,6;8,1;12,7;72;69;71;147;2,3;,6;
2024-08-18;0700;null;922,5;1020,7;922,5;922,4;-3,5;14;12,8;8,2;13,5;12,7;8,4;8,2;12,6;75;71;74;163;1,4;1,1;
2024-08-18;0800;null;923;1021,2;923;922,5;-3,5;13;12,9;8,7;12,9;11,7;8,7;8;12,6;79;74;76;168;3,1;2;
2024-08-18;0900;null;923,4;1020,8;923,4;923;-3,5;14;15,3;8,3;15,3;12,9;8,7;8;12,6;76;63;63;154;3,3;2;
2024-08-18;1000;null;923,7;1020,7;923,7;923,3;32,1;15;16,6;7,8;16,8;15,3;8,3;7,7;12,6;63;56;56;145;3,8;1,8;
2024-08-18;1100;null;924,2;1020;924,2;923,7;560,3;17;20,2;8,4;20,2;16,6;8,4;7,8;13,4;56;46;46;150;4,1;2;
2024-08-18;1200;null;924,6;1018,6;924,6;924,2;1357,8;22;25,8;7,6;25,8;20,2;8,8;7,3;13,7;46;31;32;105;4,5;1,6;
2024-08-18;1300;null;925;1018,4;925,1;924,6;2063,8;26;27,7;6,2;28,3;25,8;7,6;5,9;13,7;31;25;26;113;5,2;1,5;
2024-08-18;1400;null;924,5;1017,3;925,1;924,5;2580;29;29,4;5,6;29,8;27,3;6,8;5,1;13,6;26;21;22;105;4,9;2,2;
2024-08-18;1500;null;923,6;1015,6;924,5;923,6;2849,2;32;31,7;4,4;32,6;29,4;5,8;4;13,5;22;17;18;72;6,4;2,2;
2024-08-18;1600;null;922,9;1014,9;923,6;922,9;2898,9;33;31,4;3;31,9;30,1;4,6;2,4;13,5;19;16;17;156;5,8;1,9;
2024-08-18;1700;null;921,9;1013,6;922,9;921,9;2724,8;34;32,1;3,8;32,6;30,8;4,2;2,7;13,5;18;16;17;142;5,1;2;
2024-08-18;1800;null;921,1;1012,6;921,9;921,1;2308;35;32,5;3,5;33,2;31,6;4,4;2,6;13,5;17;15;16;118;5,8;1,5;
2024-08-18;1900;null;920,7;1012,3;921,1;920,7;1678,5;35;32;4;33,2;31,7;4,4;2,3;13,2;18;15;17;37;6,1;2,9;
2024-08-18;2000;null;920,8;1012,9;920,8;920,6;905,5;34;30,4;4,6;32;30,4;4,8;3,1;13;20;16;20;49;5;1,4;
2024-08-18;2100;null;921,1;1014,5;921,1;920,8;188,4;31;26,3;5;30,4;26,3;5,8;4,1;12,9;26;19;26;45;3,8;1,4;
2024-08-18;2200;null;921,8;1015,9;921,8;921,1;-3,5;26;24,6;4,8;26,3;23;5,5;4,6;12,9;32;26;28;150;2,4;1,3;
2024-08-18;2300;null;922,4;1018;922,4;921,8;-3,5;23;20,1;6,8;24,6;20,1;6,8;4,8;12,8;42;28;42;150;2,8;1,8;
2024-08-19;0000;null;922,9;1019,3;922,9;922,4;-3,5;21;18,1;7,2;20,1;18,1;7,3;6,9;12,8;49;42;49;148;3,3;2,4;
2024-08-19;0100;null;923,3;1020,4;923,3;922,9;-3,5;19;16,3;7,4;18,1;15,9;7,5;7,2;12,8;57;49;56;155;3,4;2,1;
2024-08-19;0200;null;923,4;1020,8;923,4;923,3;-3,5;18;15,3;7,4;16,4;15,3;7,4;7,2;12,8;59;55;59;149;3,9;2,5;
2024-08-19;0300;null;923,3;1019,9;923,4;923,3;-3,5;17;17,6;7,1;17,6;14,9;7,4;7,1;12,7;60;50;50;149;3,9;2;
2024-08-19;0400;null;923;1020,2;923,3;923;-3,5;17;15,7;7;18,9;15,4;7,1;6,1;12,7;57;44;56;143;3,1;2,6;
2024-08-19;0500;null;922,5;1020;923;922,5;-3,5;17;14,8;6,8;16,1;14,8;7,1;6,8;12,7;59;55;59;151;3,5;1,9;
2024-08-19;0600;null;922,5;1020;922,6;922,4;-3,5;16;14,8;6,6;15,4;14,1;7,1;6,6;12,7;61;57;58;14;2,9;,8;
2024-08-19;0700;null;922,5;1020,1;922,5;922,4;-3,5;15;14,5;6,7;15,1;14;7;6,3;12,6;62;57;59;155;2,6;1;
2024-08-19;0800;null;923;1020,2;923;922,5;-3,5;15;15,8;6,7;16,2;12,5;7,3;6,4;12,6;69;53;55;154;4,4;2,6;
2024-08-19;0900;null;923,4;1020,7;923,4;923;-3,5;16;15,7;6,6;16,1;15,7;6,8;6,5;12,6;55;54;54;143;4,4;2,3;
2024-08-19;1000;null;923,7;1020,8;923,7;923,4;32;16;16,3;6,6;16,5;15,3;6,7;6,4;12,6;55;52;53;146;3,8;1,9;
2024-08-19;1100;null;924,1;1020;924,1;923,7;589,6;18;19,9;7;19,9;16,3;7,3;6,6;13,4;53;43;43;131;4;2;
2024-08-19;1200;null;924,6;1019,1;924,6;924,1;1387,7;21;24,1;6;24,2;19,9;7,5;6;13,7;44;31;31;110;5,1;2,4;
2024-08-19;1300;null;924,9;1018,5;924,9;924,6;2085,7;25;26,9;5,7;27,1;23,9;6,9;5,4;13,7;32;25;26;89;5,1;1,9;
2024-08-19;1400;null;924,4;1017,3;924,9;924,4;2603,1;29;29,1;5;29,5;26,6;6,3;4,3;13,5;27;21;22;102;5,7;2,1;
2024-08-19;1500;null;923,7;1016,1;924,4;923,7;2866,1;31;30,4;2,5;30,9;29,1;5,1;1,9;13,5;22;16;17;99;5,8;2,1;
2024-08-19;1600;null;922,8;1015;923,7;922,8;2907,7;33;30,6;1,3;31,6;29,6;3,2;1,2;13,5;17;15;15;67;5,3;2,3;
2024-08-19;1700;null;921,7;1013,5;922,8;921,7;2746,5;34;31,7;1,3;32,3;30,3;3,4;,6;13,4;17;14;14;7;5,6;1,8;
2024-08-19;1800;null;921,1;1012,9;921,8;921,1;2298,9;34;31,3;1,6;32,3;30,7;2;,8;13,5;15;14;15;98;5,7;2;
2024-08-19;1900;null;920,6;1012,4;921,1;920,6;1613;34;31,2;3;32,4;30,8;3;1,2;13,1;17;14;17;87;4,9;1,2;
2024-08-19;2000;null;920,9;1013,2;920,9;920,6;730,3;33;29,7;4,2;31,4;29,7;4,7;1,9;13;20;16;20;65;3,5;,8;
2024-08-19;2100;null;921,3;1015,2;921,3;920,9;157,1;30;24,9;5;29,7;24,6;5,5;4,4;12,9;29;20;28;171;2,4;,6;
2024-08-19;2200;null;921,8;1017;921,8;921,3;-3,5;26;21,3;6,8;25,7;21,3;6,8;4,3;12,8;39;25;39;144;2,7;1,7;
2024-08-19;2300;null;922,5;1018,6;922,5;921,8;-3,5;22;18,8;7;21,4;18,8;7,2;6,7;12,8;46;39;46;158;2,5;1,5;
2024-08-20;0000;null;923,1;1019,9;923,1;922,5;-3,5;20;17;7;18,8;17;7,1;6,8;12,8;51;46;51;155;2,5;1,7;
2024-08-20;0100;null;923,5;1020,5;923,5;923,1;-3,5;18;16,6;6,9;17;15,5;7,3;6,6;12,8;57;52;53;153;2,9;2,2;
2024-08-20;0200;null;923,6;1020,8;923,6;923,5;-3,5;17;16;6,4;16,6;15,7;6,9;6,4;12,8;55;52;53;149;3,8;3;
2024-08-20;0300;null;923,6;1021;923,7;923,6;-3,5;17;15,4;6,5;16,2;15,3;6,5;6,3;12,7;56;52;55;143;3,8;2,1;
2024-08-20;0400;null;923,5;1021,5;923,7;923,5;-3,5;16;13,7;6,6;15,8;13,7;6,8;6,2;12,7;62;54;62;150;2,9;2,1;
2024-08-20;0500;null;923,1;1020,9;923,5;923;-3,5;15;14,1;6,9;14,4;13,5;7;6,6;12,7;63;61;62;156;3,1;2,1;
2024-08-20;0600;null;922,8;1020,7;923,1;922,8;-3,5;15;13,8;7;14,3;13,4;7;6,7;12,7;64;61;63;139;3,1;2,1;
2024-08-20;0700;null;922,7;1021;922,8;922,7;-3,5;14;12,7;6,9;13,9;12,7;7;6,8;12,6;68;63;68;150;3;1,6;
2024-08-20;0800;null;923;1021,4;923;922,7;-3,5;13;12,6;7;12,8;12,1;7,1;6,8;12,6;71;68;69;170;2,5;,9;
2024-08-20;0900;null;923,5;1022,3;923,5;922,9;-3,5;13;11,6;6,8;12,6;11,5;7,2;6,6;12,6;74;68;73;154;2,5;1,6;
2024-08-20;1000;null;924,2;1023,1;924,2;923,5;35,9;12;11,5;7,1;12,2;11,3;7,3;6,8;12,6;75;72;74;161;2,9;1,8;
2024-08-20;1100;null;924,6;1021,8;924,6;924,2;563,2;14;16,3;8,3;16,3;11,6;8,4;7,2;13,4;75;59;59;147;2,9;2,1;
2024-08-20;1200;null;925,1;1019,8;925,1;924,6;1341,7;19;23,7;7,8;23,7;16,3;9,3;7,8;13,8;59;36;36;152;2,8;1,5;
2024-08-20;1300;null;925,3;1018,4;925,4;925,1;2031,9;25;28,5;5,9;28,5;23,7;8,2;5,2;13,7;37;24;24;117;4;1,9;
2024-08-20;1400;null;924,9;1017,7;925,3;924,9;2527,1;29;29,5;5;29,9;28,3;6,3;4,5;13,5;24;21;21;126;4,6;1,9;
2024-08-20;1500;null;924;1016;924,9;924;2802,9;31;31,8;3,1;32;29,4;5,7;3;13,5;22;16;16;13;4,8;1,4;
2024-08-20;1600;null;923,1;1014,9;924;923,1;2833,1;33;31,9;1,9;33,2;30,9;3,1;1,8;13,4;17;15;15;23;4,7;1,7;
2024-08-20;1700;null;922;1013,4;923,1;922;2654,7;35;32,8;2;33,1;31,7;2,4;1,6;13,5;15;14;14;302;7,3;2,6;
2024-08-20;1800;null;921,3;1012,8;922;921,3;2234;35;32,4;1,8;33,7;32;2,6;1,4;13,5;15;14;14;356;6,9;2,4;
2024-08-20;1900;null;920,8;1012,3;921,3;920,7;1582,2;35;32,4;2;33,1;32,1;3,1;1,7;13,2;16;14;15;195;4,4;1,2;
2024-08-20;2000;null;920,8;1012,8;920,8;920,7;824,5;34;30,7;3,9;32,4;30,7;4,6;2;13;19;15;18;35;4;1,6;
2024-08-20;2100;null;921,1;1014,6;921,1;920,8;137,3;31;26;4,3;30,7;26;5,9;3,6;12,9;25;18;25;280;2,8;1;
2024-08-20;2200;null;921,5;1016;921,5;921,1;-3,5;27;23,2;5,7;26;23;5,9;4,2;12,9;32;25;32;148;3,2;1,7;
2024-08-20;2300;null;922,4;1017,7;922,4;921,5;-3,5;24;21;6;23,2;20,4;7,1;5,3;12,8;42;32;38;154;3,3;1,3;
2024-08-21;0000;null;922,7;1018,9;922,7;922,4;-3,5;21;18,7;6,8;21;18,4;6,8;5,9;12,8;46;38;46;167;2,5;1,1;
2024-08-21;0100;null;922,9;1019,3;922,9;922,7;-3,5;20;18;7,2;18,9;17,7;7,4;6,4;12,8;51;45;49;150;2,8;1,7;
2024-08-21;0200;null;922,8;1019,3;922,9;922,8;-3,5;19;17,8;6,9;20,5;17,2;7,3;6,1;12,8;52;39;49;149;3,6;2,6;
2024-08-21;0300;null;922,9;1018,8;922,9;922,8;-3,5;19;19,5;6,1;20,2;17,8;7,1;6;12,7;49;40;42;152;3,6;2,2;
2024-08-21;0400;null;922,5;1018,5;922,9;922,5;-3,5;19;19,2;5,8;20;17,9;6,6;5,7;12,7;47;40;41;167;3,1;1,3;
2024-08-21;0500;null;922,2;1019,3;922,5;922,2;-3,5;18;16;6,8;19,6;16;6,9;5,8;12,7;55;41;55;155;2,1;1,1;
2024-08-21;0600;null;922;1019,2;922,2;922;-3,5;17;15,4;6,9;16,4;15,3;7;6,7;12,7;57;53;57;163;1,9;1,1;
2024-08-21;0700;null;921,9;1019,1;922;921,8;-3,5;16;15,5;6,8;16,3;15,1;7;6,5;12,7;58;53;56;160;1,7;,8;
2024-08-21;0800;null;922;1019,4;922;921,8;-3,5;15;15;7,1;16,2;14;7,1;6,2;12,6;62;53;59;153;1,3;,7;
2024-08-21;0900;null;922,6;1020,4;922,6;922;-3,5;14;14;6,8;15,4;13,1;7,1;6,5;12,6;65;56;62;126;1,9;1;
2024-08-21;1000;null;923,3;1020;923,3;922,6;37,6;14;17,2;7;17,2;13,9;7,2;6,6;12,6;63;51;51;178;2,8;1,1;
2024-08-21;1100;null;924;1019,8;924;923,3;596,8;17;20,1;7,8;20,1;17,2;8;6,8;13,4;51;45;45;142;3,5;1,8;
2024-08-21;1200;null;924,7;1018,8;924,7;924;1394,2;22;25,4;7;25,4;20,1;8;6,8;13,7;46;31;31;109;4,4;1,7;
2024-08-21;1300;null;925,1;1018,3;925,1;924,7;2032,5;26;28,3;6,9;28,3;25,4;7,2;6,2;13,7;31;25;26;60;7;2,6;
2024-08-21;1400;null;924,8;1017,3;925,1;924,8;2608,8;29;30,4;6,4;30,7;28,1;7;5,9;13,6;26;22;22;72;7,1;2,3;
2024-08-21;1500;null;923,9;1016,3;924,8;923,9;2880,9;31;30,4;5,6;31;29,2;6,9;5,6;13,5;24;21;21;60;8,2;3,1;
2024-08-21;1600;null;922,8;1014,8;923,9;922,8;2899,3;33;31,2;5,5;32,1;29,8;6,9;4,9;13,6;22;19;20;68;8,1;3,2;
2024-08-21;1700;null;921,7;1013,4;922,8;921,7;2737,6;34;31,8;3,9;32,1;30,7;6,2;3,3;13,4;21;17;17;38;10,6;3;
2024-08-21;1800;null;920,9;1012,7;921,7;920,8;2298,2;34;31,4;4,5;32,2;31;5,4;2,9;13,5;19;16;18;43;8,9;3,3;
2024-08-21;1900;null;920,5;1012,3;920,9;920,4;1651,5;34;31,3;5,1;31,7;30,8;5,2;3,9;13,2;19;18;19;40;8,9;2,9;
2024-08-21;2000;null;920,5;1012,8;920,5;920,4;886,9;33;29,6;5,2;31,3;29,6;5,4;4,3;13;21;19;21;53;5,7;1,9;
2024-08-21;2100;null;920,6;1014,1;920,7;920,5;173,6;30;26;6,2;29,6;25,4;6,8;5,1;12,9;30;21;28;156;4,9;,7;
2024-08-21;2200;null;921,1;1015,9;921,1;920,6;-3,5;26;22,2;7,5;26;22;7,5;5,7;12,8;39;28;39;136;1,9;1;
2024-08-21;2300;null;921,7;1016,8;921,7;921,1;-3,5;23;21,6;7;22,4;21;7,5;6,9;12,8;42;38;39;152;3,8;2,4;
2024-08-22;0000;null;922,2;1017,1;922,3;921,7;-3,5;22;22,1;5,4;22,7;21,2;6,8;5,3;12,8;39;33;34;147;3,8;2;
2024-08-22;0100;null;922,5;1017,5;922,5;922,2;-3,5;22;21,9;5,1;22,6;21,7;5,4;5;12,8;34;33;33;151;3,4;1,9;
2024-08-22;0200;null;922,6;1017,8;922,7;922,5;-3,5;22;21,5;4,9;22,4;21,5;5,1;4,9;12,8;34;32;34;146;3,9;1,9;
2024-08-22;0300;null;922,6;1018,1;922,7;922,5;-3,5;22;20,7;5,2;21,7;20,4;5,4;4,9;12,8;37;34;36;139;4,1;2,5;
2024-08-22;0400;null;922,2;1018,6;922,6;922,2;-3,5;20;17,8;6,2;20,9;17,8;6,2;5,2;12,7;46;36;46;138;3,6;2,3;
2024-08-22;0500;null;921,9;1018,3;922,2;921,9;-3,5;19;17,7;6,1;18,9;17,4;6,3;5,8;12,7;47;42;46;137;4,6;2,9;
2024-08-22;0600;null;921,4;1017,6;921,9;921,4;-3,5;19;18,3;5,8;18,8;17,7;6,1;5,7;12,7;46;43;44;141;4,4;2,9;
2024-08-22;0700;null;921,5;1018,3;921,5;921,3;-3,5;17;16,6;6,4;18,3;14,2;6,7;5,7;12,7;60;44;51;145;3,9;2,7;
2024-08-22;0800;null;921,5;1018,1;921,6;921,4;-3,5;17;17,1;6;17,4;16,4;6,4;5,7;12,6;51;46;48;150;4;2,7;
2024-08-22;0900;null;921,8;1018,5;921,8;921,5;-3,5;17;17;6;17,1;16,6;6,1;5,8;12,6;49;48;48;148;4,1;1,9;
2024-08-22;1000;null;922,4;1019;922,4;921,8;34,8;17;17,4;6,7;17,5;16,9;6,7;6;12,7;50;47;49;148;4,7;2,3;
2024-08-22;1100;null;923,2;1018,7;923,2;922,4;648,5;19;20,7;7,8;20,7;17,3;7,8;6,6;13,4;50;43;43;131;5,6;2,3;
2024-08-22;1200;null;923,6;1017,9;923,6;923,2;1471,4;22;24,4;8,7;24,4;20,6;8,8;7,6;13,7;43;37;37;93;7,7;2,2;
2024-08-22;1300;null;923,9;1017,8;923,9;923,6;2175;26;25,8;8,6;26,2;24,5;8,9;8;13,7;37;33;34;83;6,9;3;
2024-08-22;1400;null;923,4;1016,6;923,9;923,4;2683,1;28;27,7;7,8;28,5;25,7;9,1;7,8;13,7;34;28;29;48;6,7;3,4;
2024-08-22;1500;null;922,7;1015,3;923,4;922,7;2910,1;30;29,3;3,6;30,6;27,4;8,6;3,5;13,6;29;19;19;30;7,8;3,4;
2024-08-22;1600;null;921,6;1013,7;922,7;921,6;2959,5;32;30,7;5,6;30,9;29,2;6,1;4,3;13,5;22;19;21;8;9,2;2,9;
2024-08-22;1700;null;920,6;1012,5;921,6;920,6;2796;33;31;4,9;31,7;29,9;6,1;4,3;13,5;21;19;19;6;8,1;3,3;
2024-08-22;1800;null;919,9;1011,6;920,6;919,9;2328,7;34;31,4;3,9;31,9;30,6;5,5;3,9;13,5;20;17;18;37;7,5;1,9;
2024-08-22;1900;null;919,5;1011,1;919,9;919,5;1693,2;34;31,5;4,6;32;31;4,9;3,6;13,2;19;17;18;1;7;1,5;
2024-08-22;2000;null;919,4;1011,5;919,5;919,3;927,5;34;30;5,6;31,5;30;5,6;4,4;13;21;18;21;55;6,7;1,6;
2024-08-22;2100;null;919,7;1013;919,7;919,4;209,1;31;26,4;6,1;30;26,4;6,1;5,2;12,9;27;21;27;73;4,3;,8;
2024-08-22;2200;null;919,9;1014,2;919,9;919,7;-3,5;26;23,2;6,6;26,4;22,7;7,1;5,9;12,8;36;27;34;126;2,6;,7;
2024-08-22;2300;null;920,4;1015,5;920,4;919,9;-3,5;23;21,1;7,3;23,6;20,9;7,3;5,9;12,8;41;34;41;106;2,6;1,2;
2024-08-23;0000;null;920,7;1015,7;920,7;920,4;-3,5;22;21,5;7,9;22,6;20,7;8,1;7;12,8;43;38;41;120;4,6;1,1;
2024-08-23;0100;null;920,9;1016;920,9;920,7;-3,5;22;21,3;8,2;22;20,6;8,3;7,8;12,8;45;41;43;92;5,2;1,7;
2024-08-23;0200;null;921,1;1016,5;921,2;920,9;-3,5;21;20,5;8,1;21,5;19,7;8,4;7,9;12,8;47;42;45;72;5,2;1,7;
2024-08-23;0300;null;921,2;1017,1;921,3;921;-3,5;20;19;8,2;20,8;19;8,4;7,8;12,8;49;44;49;224;4,6;2,4;
2024-08-23;0400;null;920,8;1016,9;921,2;920,8;-3,5;19;18,2;8,4;20,3;18,2;8,7;8,2;12,7;53;46;53;106;3,3;1,1;
2024-08-23;0500;null;920,7;1017,4;920,9;920,7;-3,5;18;16,6;8,6;18,7;16,6;8,9;8,4;12,7;59;52;59;89;2,5;,6;
2024-08-23;0600;null;920,4;1016,9;920,7;920,4;-3,5;17;17;8,4;17,9;15,8;9;8,4;12,7;62;55;57;133;2,6;1,4;
2024-08-23;0700;null;920,3;1016,6;920,4;920,2;-3,5;17;17,5;8,6;18,3;16,1;9,2;8,4;12,7;61;54;56;142;3,8;1,7;
2024-08-23;0800;null;920,2;1016,8;920,3;920,2;-3,5;17;16,8;8,7;17,5;15,4;9;8,3;12,6;64;56;59;151;3,4;2;
2024-08-23;0900;null;920,5;1017,3;920,5;920,2;-3,5;17;16,3;8,7;17,2;15,4;8,9;8,3;12,6;63;57;61;147;3,4;1,9;
2024-08-23;1000;null;920,8;1017,5;920,8;920,5;39,9;16;16,7;8,8;16,8;15,9;8,8;8,5;12,7;62;59;60;146;3,7;2;
2024-08-23;1100;null;921;1016,4;921;920,8;615,6;18;20,5;9,2;20,5;16,6;9,3;8,8;13,4;60;48;48;145;4,2;2,2;
2024-08-23;1200;null;921,3;1015,1;921,3;920,9;1371,2;22;25,3;7,5;25,4;20,5;9,2;7,3;13,6;48;32;32;108;4,5;2,2;
2024-08-23;1300;null;921,4;1014,6;921,5;921,3;2073,3;26;27,1;7,5;27,4;25;7,8;7,1;13,7;33;28;29;109;5,3;2,8;
2024-08-23;1400;null;920,7;1012,6;921,4;920,7;2636,4;29;30,9;6,6;30,9;26,9;8,3;5,4;13,6;29;21;22;64;7,9;3,2;
2024-08-23;1500;null;919,8;1011,4;920,7;919,8;2909;32;31,7;4,1;32,7;30;6,3;3,6;13,6;22;17;17;9;10,7;4,4;
2024-08-23;1600;null;919,2;1010,4;919,8;919,2;2981;34;32,8;2,3;33,4;31,7;4,3;1,2;13,4;18;14;15;331;10,7;5,1;
2024-08-23;1700;null;918,2;1009,1;919,2;918,2;2787,6;35;33,4;2,1;33,9;32,1;3,2;1,6;13,5;15;14;14;340;11,5;5,4;
2024-08-23;1800;null;917,7;1008,9;918,2;917,6;2207,6;35;32,2;3,5;33,8;32;3,5;1,7;13,1;16;14;16;325;11;5,4;
2024-08-23;1900;null;917,5;1008,8;917,7;917,4;1116;34;31,7;3,2;32,8;31,7;4,2;2,1;13;17;15;16;321;11;3,8;
2024-08-23;2000;null;917,8;1009,8;917,8;917,5;451,3;32;29,8;3,9;31,7;29,8;3,9;3,3;13;19;17;19;311;9,2;3;
2024-08-23;2100;null;918,1;1010,8;918,1;917,8;71,7;30;27,5;4,7;29,8;27,3;4,7;3,9;12,9;23;19;23;319;6,6;1,1;
2024-08-23;2200;null;918,6;1012,9;918,6;918,1;-3,5;26;23;6,5;27,5;22,6;6,5;4,5;12,8;35;23;34;149;2,4;1,4;
2024-08-23;2300;null;919;1014,3;919;918,6;-3,5;23;20,1;7,4;23,1;20;7,6;6;12,8;44;34;44;149;3,5;2,3;
2024-08-24;0000;null;919,4;1015,3;919,5;919;-3,5;21;18,6;7,8;20,1;18,5;7,8;7,3;12,8;50;44;50;156;3,5;1,7;
2024-08-24;0100;null;919,4;1015,6;919,5;919,4;-3,5;20;17,7;7,9;18,6;17,7;8;7,7;12,8;53;49;53;165;3,2;1,5;
2024-08-24;0200;null;919,4;1015,7;919,5;919,2;-3,5;19;17,4;7,5;18,4;17,3;8,1;7,5;12,8;54;51;52;153;4,7;2,9;
2024-08-24;0300;null;919,5;1015,6;919,6;919,4;-3,5;19;17,9;7,4;19;17,2;7,9;7,2;12,7;53;48;50;151;4,5;2,6;
2024-08-24;0400;null;919,2;1015,7;919,5;919,2;-3,5;18;16,7;7,7;17,9;16,5;7,7;7,4;12,7;56;50;55;147;3,6;2,6;
2024-08-24;0500;null;919,5;1014,9;919,6;918,9;-3,4;18;19,9;6,8;20,9;16;8,2;5,7;12,7;58;41;43;223;6,9;2,7;
2024-08-24;0600;null;919,4;1015,8;919,7;919,4;-3,5;18;17;7,3;20,6;16,2;7,7;6,5;12,7;55;40;53;171;5,6;,7;
2024-08-24;0700;null;919,7;1016,4;919,7;919,4;-3,5;17;16,2;7,8;17;15,2;7,9;7,2;12,6;61;53;58;158;2,8;,5;
2024-08-24;0800;null;919,9;1017,1;919,9;919,7;-3,5;16;14,9;7,7;16,9;14,7;7,8;7;12,6;62;53;62;147;1,3;,9;
2024-08-24;0900;null;920,5;1018,4;920,5;919,9;-3,5;15;13,1;8;14,9;13;8,1;7,6;12,6;71;62;71;155;2,1;1;
2024-08-24;1000;null;921;1018,7;921;920,5;56;14;13,9;8,3;14;12,6;8,4;7,8;12,7;74;67;69;158;2,6;1,3;
2024-08-24;1100;null;921,6;1018,3;921,6;921;519;16;16,9;9,4;16,9;13,7;9,6;8,3;13,3;71;60;61;159;2,3;1,2;
2024-08-24;1200;null;922,3;1016,6;922,3;921,6;1234,9;20;24;9,3;24;16,9;9,8;8,8;13,7;62;39;39;154;2,9;1,2;
2024-08-24;1300;null;922,2;1015;922,3;922,2;1912,9;26;28,7;6,8;28,7;24;9,3;6,6;13,7;39;25;25;318;6,4;3,3;
2024-08-24;1400;null;921,7;1013,8;922,2;921,7;2492,2;29;30,6;6,6;30,6;28,2;7,1;6,3;13,5;25;22;22;339;9,1;4,5;
2024-08-24;1500;null;920,8;1012,5;921,7;920,8;2799,8;31;31,7;5;32,2;29,9;6,3;4,9;13,5;22;19;19;356;10,9;4,8;
2024-08-24;1600;null;919,7;1010,9;920,8;919,7;2817,1;33;33;5,2;33;31,3;5,9;4,8;13,4;19;18;18;350;10,4;4,8;
2024-08-24;1700;null;919;1010,2;919,7;918,9;2536,5;34;32,5;5,3;33,6;31,9;5,6;4,3;13,2;19;17;18;342;10,7;4,9;
2024-08-24;1800;null;918,7;1009,8;919;918,6;1494,4;34;32,8;4,6;33,6;31,5;6;3,9;13,5;19;16;17;319;10,5;5,9;
2024-08-24;1900;null;918,7;1009,8;918,7;918,3;1498,3;34;32,8;4,7;33,6;32,5;4,9;3,4;13,1;17;15;17;315;11,6;4,2;
2024-08-24;2000;null;919,1;1010,7;919,1;918,6;588,4;33;31,5;4,9;32,8;31,5;5,7;4,2;13;19;17;19;319;10,5;4,2;
2024-08-24;2100;null;919,7;1012;919,7;919,1;82,9;31;29,3;5,8;31,5;29;5,9;5;12,9;23;19;23;308;8,1;2,1;
2024-08-24;2200;null;922,4;1016,8;922,4;919,7;,4;29;23,9;13,4;29,3;23,9;13,4;5,8;12,9;52;23;52;207;17;9,5;
2024-08-24;2300;null;923,6;1019;923,6;922,2;-,5;25;21,1;10,9;23,9;21,1;13,5;10,9;12,8;56;52;52;200;16,6;5,8;
2024-08-25;0000;null;924,6;1020,9;924,7;923,6;-3,5;22;18,8;11,7;21,1;18,8;11,9;10,6;12,8;64;52;64;181;12,6;3;
2024-08-25;0100;null;924,6;1021,3;924,6;924,4;-3,5;20;17,8;11,1;18,8;17,7;11,7;11,1;12,8;65;63;65;169;7,8;2,4;
2024-08-25;0200;null;925,2;1022,2;925,3;924,5;-3,5;19;17;10,6;18;17;11;10,3;12,8;66;63;66;107;6,9;,8;
2024-08-25;0300;null;925;1022,3;925,3;925;-3,5;18;16,1;10,7;17,1;15,7;10,8;10,2;12,7;71;65;70;24;2,5;1,3;
2024-08-25;0400;null;924,6;1021,9;925,1;924,6;-2,1;18;16;11,1;16,7;16;11,1;10,5;12,7;73;68;73;151;1,9;1;
2024-08-25;0500;null;923,9;1021,1;924,6;923,9;-3,2;17;16,1;10,6;16,4;15,9;11,1;10,6;12,7;73;69;70;143;2,5;1;
2024-08-25;0600;null;923,4;1021;923,9;923,4;-3,5;16;14,8;10,8;16,2;14,7;10,8;10,1;12,7;77;69;77;134;1,9;,9;
2024-08-25;0700;null;923;1020,2;923,4;922,9;-2,5;16;15,7;10,6;15,8;14,6;11,1;10,6;12,6;79;72;72;152;3,2;1,9;
2024-08-25;0800;null;923,3;1020,8;923,3;923;-3;16;15,1;10,6;16,5;15,1;10,6;10,3;12,6;74;68;74;137;3,2;1,2;
2024-08-25;0900;null;923,7;1021,2;923,9;923,2;-2,1;16;15,3;10,7;16;14,7;10,8;10,5;12,6;77;70;74;163;2,6;1;
2024-08-25;1000;null;924,5;1022;924,5;923,5;21,8;16;15,3;10,9;15,5;14,5;11;10,5;12,6;79;73;75;166;2,3;,8;
2024-08-25;1100;null;924,6;1021,9;925;924,5;144,2;17;16,1;11,3;16,5;15,3;11,4;10,9;12,8;75;70;73;131;2,2;1;
2024-08-25;1200;null;925,4;1021,9;925,4;924,6;464,4;18;18,5;11;18,6;16;11,7;11;13,2;74;62;62;135;2,5;,9;
2024-08-25;1300;null;925,9;1022,1;925,9;925,2;345,5;19;19,5;10,7;19,5;18,5;11,5;10,6;13,1;63;57;57;136;2,1;1,2;
2024-08-25;1400;null;925,2;1021;925,9;925,2;354,6;20;20,4;10,6;20,4;19,1;11;10,5;13,2;59;53;53;117;2,2;1;
2024-08-25;1500;null;924,9;1020,6;925,4;924,8;495,5;21;20,6;9,9;20,6;19,9;10,7;9,7;13,2;55;50;51;163;2,6;,7;
2024-08-25;1600;null;924,8;1021,4;925;924,6;336,6;21;18,1;11,5;20,7;18,1;11,5;9,4;13,1;66;49;66;215;8;5,5;
2024-08-25;1700;null;924,4;1021,1;924,9;924,3;496,7;20;17,8;11,8;18,1;17,3;12,1;11,6;13,3;70;66;68;187;9,1;3,4;
2024-08-25;1800;null;924,6;1021,5;924,6;924,1;459,4;19;17,2;12;18,3;17,2;12,3;11,7;13,1;71;67;71;199;6,6;3,5;
2024-08-25;1900;null;924,5;1021,5;924,7;924,4;162,1;19;16,8;12,5;17,3;16,7;12,5;12;13;76;71;76;207;6,7;3,4;
2024-08-25;2000;null;925;1022,2;925,2;924,3;101;18;16,3;12,7;16,8;16,3;12,7;12,3;12,9;79;75;79;218;7;3,2;
2024-08-25;2100;null;925,2;1022,6;925,5;924,9;27,4;17;15,9;12,9;16,3;15,8;12,9;12,7;12,8;82;79;82;210;6,2;2,3;
2024-08-25;2200;null;925,5;1023;925,5;925,1;-1,8;17;15,6;12,9;15,9;15,6;13;12,9;12,7;85;82;84;202;6,8;2;
2024-08-25;2300;null;926,1;1024,5;926,3;925,4;-2,6;16;13,4;13,1;15,6;13,4;15;12,7;12,7;99;84;98;225;8,4;5,1;
2024-08-26;0000;null;926,9;1025,5;926,9;926;-,1;15;13;13;13,4;13;13,3;13;12,7;100;98;100;231;8,4;4;
2024-08-26;0100;null;927;1025,7;927,1;926,6;-1,1;14;12,8;12,8;13;12,7;13;12,7;12,6;100;100;100;223;6,9;4,1;
2024-08-26;0200;null;927;1025,6;927,2;926,9;-1,1;14;13;10,2;13;12,8;12,9;10,1;12,6;100;83;83;199;7,5;2,4;
2024-08-26;0300;null;926,7;1025,4;927;926,5;-1,8;14;12,8;10,4;13;12,8;10,5;10;12,5;86;83;85;208;5,5;1,5;
2024-08-26;0400;null;925,9;1024,6;926,8;925,9;-2,7;14;12,4;12,1;12,8;12,4;12,1;10,3;12,5;98;85;98;131;5;,6;
2024-08-26;0500;null;925,2;1023,9;925,9;925,2;-3,1;13;12,2;12,2;12,4;12,2;12,3;12,1;12,5;100;98;100;187;3;1,8;
2024-08-26;0600;null;924,7;1023,4;925,3;924,7;-,6;13;12,2;12;12,3;12,2;12,2;12;12,5;100;99;99;194;3,5;1,8;
2024-08-26;0700;null;924,6;1023,5;924,9;924,5;-1,5;13;11,7;11,7;12,2;11,6;12,2;11,6;12,5;100;99;100;180;3,7;2;
2024-08-26;0800;null;924,3;1023,1;924,6;924,2;-2,1;13;11,7;11,7;11,8;11,7;11,8;11,7;12,5;100;100;100;147;3,7;,9;
2024-08-26;0900;null;924,6;1023,5;924,6;924,3;-3;13;11,6;11,4;11,7;11,4;11,7;11,4;12,5;100;99;99;180;2,5;1,3;
2024-08-26;1000;null;924,9;1023,9;924,9;924,6;35,6;12;11,5;11,3;11,6;11;11,4;11;12,6;100;98;99;104;2,7;,5;
2024-08-26;1100;null;925,6;1024;925,6;924,8;342,4;13;13,1;10;13,1;11,5;11,6;9,7;13;99;82;82;161;4,2;1,4;
2024-08-26;1200;null;925,7;1023,5;925,7;925,4;972,4;15;14,8;9,9;14,8;13,1;10,4;9,6;13,6;83;73;73;166;4,3;1,7;
2024-08-26;1300;null;925,8;1023;925,9;925,6;1623,5;17;16,6;10,6;17,1;14,6;10,9;9,5;13,9;74;65;68;231;5,3;2,5;
2024-08-26;1400;null;925,4;1021,6;925,8;925,4;2423,3;20;19,5;10,5;19,5;16,6;11;9,9;14;68;56;56;238;4,5;1,3;
2024-08-26;1500;null;924,9;1020,7;925,4;924,9;2386,7;22;20,4;8,8;20,7;18,9;10,4;7,5;13,9;56;44;47;238;5,1;1,8;
2024-08-26;1600;null;924,1;1019,4;924,9;924,1;2674,2;24;21,6;8,9;22,3;20,2;10,1;8,7;13,8;49;43;44;186;6,9;2,5;
2024-08-26;1700;null;923,3;1018,8;924,1;923,3;1747,4;24;20,9;7,5;22,2;20,6;9,3;6,8;13,9;46;39;42;217;6,5;3,2;
2024-08-26;1800;null;922,6;1017,3;923,3;922,6;2356,7;25;23;5,2;23,6;20,9;8;4,7;13,8;42;30;31;244;6,1;3,2;
2024-08-26;1900;null;922,6;1017,6;922,6;922,5;1707,4;25;22,2;3,7;23,1;22;5,6;3,7;13,4;33;29;30;216;6,9;3,9;
2024-08-26;2000;null;923,2;1018,6;923,2;922,5;949,6;24;21;4,1;22,5;21;4,4;2,6;13,1;33;28;33;237;7,6;4,2;
2024-08-26;2100;null;923,5;1019,9;923,5;923,2;225,1;22;18,2;5,7;21;18,2;5,7;4,1;12,9;44;33;44;205;7,2;2,7;
2024-08-26;2200;null;924,1;1021,3;924,1;923,5;-3,3;19;16,1;6,6;18,2;16;6,9;5,7;12,8;54;44;53;162;4,6;1,6;
2024-08-26;2300;null;924,7;1022,5;924,7;924,1;-3,5;16;14,7;4,7;16,1;14,7;6,6;4,6;12,8;56;50;51;175;6,5;1,9;
2024-08-27;0000;null;925,4;1023,9;925,4;924,7;-3,5;15;13;4,9;15,1;12,5;4,9;4,1;12,8;58;50;58;13;5,3;1;
2024-08-27;0100;null;925,8;1024,8;925,8;925,4;-3,5;13;11,6;4,3;13,2;10,6;5;3,3;12,8;62;55;61;155;4;,7;
2024-08-27;0200;null;926;1025,5;926,1;925,7;-3,5;11;10,4;3;12,1;9,7;4,4;3;12,8;65;58;60;133;2,9;,6;
2024-08-27;0300;null;926;1026;926;926;-3,5;10;9;2,9;10,6;8,6;3,8;2,2;12,7;66;59;65;67;2,5;1,2;
2024-08-27;0400;null;925,5;1025,7;926;925,5;-3,5;9;8,2;2,9;9,4;8,1;3,4;2,8;12,7;70;64;69;142;2,5;,9;
2024-08-27;0500;null;925,2;1025,9;925,5;925,1;-3,5;8;6,9;2,9;8,2;6,6;3,4;1,9;12,7;77;69;76;347;2,5;,5;
2024-08-27;0600;null;924,8;1025,9;925,2;924,8;-3,5;7;5,7;3,3;6,9;5,4;3,7;2,7;12,7;85;76;84;150;2,5;1,8;
2024-08-27;0700;null;924,6;1026;924,8;924,6;-3,5;6;4,8;4,2;5,9;4,7;4,5;2,6;12,7;96;83;96;154;2,6;1,4;
2024-08-27;0800;null;924,7;1024,7;924,7;924,5;-3,5;7;8,5;5,9;8,6;4,8;6,2;3,2;12,6;97;82;84;142;2,9;1,2;
2024-08-27;0900;null;925,3;1025,2;925,3;924,7;-3,5;8;9;9;9,1;7,8;9;5,9;12,6;100;84;100;128;3,5;1,6;
2024-08-27;1000;null;926;1025,4;926;925,3;57,6;9;10,5;10,5;10,5;8,9;null;null;12,8;null;null;100;118;5,2;2,3;
2024-08-27;1100;null;926,6;1025,3;926,6;926;411;11;12,8;10,1;12,8;10,5;11,1;9,9;13,3;100;83;83;109;5,4;2,3;
2024-08-27;1200;null;927,1;1024,9;927,1;926,6;1288,3;14;15,3;10;15,3;12,7;10,4;9,6;14;83;71;71;117;6,6;3;
2024-08-27;1300;null;926,9;1023,7;927,2;926,9;2347,5;17;18,2;10,1;18,6;15,3;10,5;9,7;14;71;58;59;107;6,5;2,5;
2024-08-27;1400;null;926,4;1022,1;926,9;926,4;2868,2;20;21,1;9;21,4;18,2;10,6;9;13,9;59;46;46;76;6,5;2,9;
2024-08-27;1500;null;925,6;1020,6;926,4;925,6;3135,2;23;22,9;8,3;23,5;20,7;9,6;8,2;13,9;47;39;39;69;6,4;1,9;
2024-08-27;1600;null;924,6;1018,9;925,7;924,6;3184,7;26;24,9;6,2;26,1;22,6;8,8;5,7;13,8;40;28;30;46;5,6;1,7;
2024-08-27;1700;null;923,6;1017,4;924,6;923,6;3001,8;28;26,1;4,9;27,1;24,7;6,9;4,2;13,6;31;24;26;141;5,5;2,4;
2024-08-27;1800;null;923,2;1016,4;923,6;923,2;2528,3;29;27,8;2;28,6;26,1;5,3;2;13,7;26;19;19;335;5,3;1,9;
2024-08-27;1900;null;923;1016,1;923,2;923;1848,6;30;27,8;-,3;28,3;26,9;4,2;-,3;13,4;23;16;16;136;3,9;1,4;
2024-08-27;2000;null;923;1016,4;923;922,9;1039,7;30;27,1;-,5;28,3;27,1;,1;-2,3;13,1;17;14;16;87;3;,9;
2024-08-27;2100;null;923,2;1017,9;923,2;922,9;178,2;27;23,2;5,9;27,1;22,2;5,9;-,1;12,9;33;17;33;174;3,3;1,6;
2024-08-27;2200;null;923,8;1019,6;923,8;923,2;-3,5;23;20;8,3;23,3;20;8,3;6,2;12,9;47;33;47;154;3,9;1,8;
2024-08-27;2300;null;924,5;1020,6;924,5;923,8;-3,5;21;19,3;8,1;20,4;19,1;8,7;7,9;12,8;49;46;48;154;4,5;2,1;
2024-08-28;0000;null;925;1021,5;925;924,5;-3,5;20;18,4;6,9;19,4;18,4;8;6,8;12,8;50;45;47;133;4,6;1,3;
2024-08-28;0100;null;925,2;1022,1;925,2;925;-3,5;18;17,3;6,5;18,3;17;7;6,3;12,8;50;47;49;114;2,4;1;
2024-08-28;0200;null;925,3;1022,8;925,4;925,2;-3,5;17;15,8;6,4;17,3;14,4;6,8;6,4;12,8;60;49;53;151;3,4;2;
2024-08-28;0300;null;925,4;1022,4;925,5;925,3;-3,5;16;17,1;5,6;17,1;15,8;6,4;5,6;12,7;53;47;47;113;3,4;,9;
2024-08-28;0400;null;925,3;1022,9;925,4;925,2;-3,5;16;15,4;5,2;17,3;15,4;5,5;5,2;12,7;51;46;51;138;2,8;1,3;
2024-08-28;0500;null;925;1022,6;925,3;925;-3,5;16;15,2;6,7;16,5;15;6,7;5,3;12,7;57;51;57;119;4,4;1,9;
2024-08-28;0600;null;924,6;1022,1;925;924,6;-3,5;16;15,4;7,8;15,8;15;7,8;6,6;12,7;61;55;60;118;6;2,3;
2024-08-28;0700;null;924,6;1022;924,7;924,6;-3,5;16;15,8;9,6;15,8;15,2;9,6;7,8;12,7;67;60;66;121;6,5;3,3;
2024-08-28;0800;null;925;1022,6;925;924,6;-3,5;16;15,2;10,1;15,8;15,2;10,2;9,6;12,7;72;66;72;120;7,5;3,1;
2024-08-28;0900;null;925,6;1023,4;925,6;924,9;-3,5;16;15;10,4;15,3;14,8;10,4;10;12,7;74;71;74;114;7,8;3,2;
2024-08-28;1000;null;926,2;1024,1;926,2;925,5;56,6;16;14,9;10,4;15,1;14,8;10,4;10,2;12,8;75;73;74;112;9;4,2;
2024-08-28;1100;null;927;1024,4;927;926,2;668,4;16;16,5;10,9;16,5;14,9;10,9;10,4;13,4;74;70;70;109;9,4;4,2;
2024-08-28;1200;null;927,7;1023,9;927,7;927;1478,9;19;20;11,8;20,1;16,5;12,2;10,9;13,8;70;59;59;103;8,8;3,3;
2024-08-28;1300;null;927,9;1023,4;928;927,7;2181,9;22;22,2;11,9;22,6;19,8;12,5;11,5;13,9;60;51;52;102;8,7;2,8;
2024-08-28;1400;null;927,4;1022;927,9;927,4;2706,2;25;24,6;12,2;24,8;22,2;12,6;11,6;13,8;52;45;46;88;8,8;3,3;
2024-08-28;1500;null;926,7;1020,8;927,4;926,6;2988,6;27;25,9;11,5;26,9;23,9;12,6;11,4;13,8;47;39;41;79;8,8;2,6;
2024-08-28;1600;null;925,8;1019,6;926,7;925,7;3032,5;29;26,7;9,6;28,4;25,9;12,2;9,6;13,8;41;33;34;63;7,8;3,5;
2024-08-28;1700;null;924,7;1017,9;925,8;924,7;2856,2;30;28,1;9,5;29,2;26,6;11,1;9,5;13,6;35;31;31;41;9;3,6;
2024-08-28;1800;null;924,1;1017,1;924,7;924;2399;31;28,6;9,1;29,7;27,9;10,3;8,9;13,6;32;29;30;58;9;2,7;
2024-08-28;1900;null;924;1017;924,1;923,9;1732,6;32;28,7;9,1;29,5;28,3;9,5;8,4;13,2;30;28;29;37;7;2,8;
2024-08-28;2000;null;924,3;1017,6;924,3;924;924,2;31;27,6;8,9;28,9;27,6;9,3;8,7;13;31;29;31;96;6,4;1,5;
2024-08-28;2100;null;924,5;1019,1;924,5;924,3;194,8;29;23,9;10;27,6;23,7;10,3;8,9;12,9;43;31;42;154;4,5;1;
2024-08-28;2200;null;924,8;1020;924,9;924,5;-3,5;25;22,1;9,8;24,4;21,9;10,3;9,5;12,8;46;39;46;148;2,8;1;
2024-08-28;2300;null;925,4;1020,7;925,4;924,8;-3,5;23;21,9;10,5;22,1;21,2;10,6;9,7;12,8;49;46;48;138;4,1;1,6;
2024-08-29;0000;null;925,8;1021,5;925,8;925,4;-3,5;22;20,9;11,2;21,9;20,5;11,2;10,4;12,8;55;48;54;149;4,4;2,2;
2024-08-29;0100;null;926,1;1022;926,2;925,8;-3,5;22;20,5;11,4;21;20,5;11,5;11,2;12,8;56;54;56;141;5;1,8;
2024-08-29;0200;null;925,9;1022;926,2;925,9;-3,5;21;19,9;11,5;20,6;19,8;11,6;11,4;12,8;59;56;58;144;4,9;1,7;
2024-08-29;0300;null;925,8;1022;925,9;925,8;-3,5;20;19,5;11,5;19,9;19,4;11,6;11,5;12,7;60;58;60;151;4;1,9;
2024-08-29;0400;null;925,5;1021,7;925,8;925,5;-3,5;20;19,4;11,5;19,6;19,1;11,6;11,4;12,7;61;60;60;141;4,5;2;
2024-08-29;0500;null;925,2;1021,6;925,5;925,2;-3,5;20;18,7;11,4;19,4;18,6;11,5;11,4;12,7;63;60;62;136;4,4;2,1;
2024-08-29;0600;null;925,1;1021,6;925,2;925;-3,5;19;18,5;11;18,8;18,3;11,5;11;12,7;64;62;62;124;5,5;2,1;
2024-08-29;0700;null;925,2;1021,9;925,2;925,1;-3,5;19;18;10,2;18,8;17,9;11;10,2;12,7;62;59;60;120;6,3;2,1;
2024-08-29;0800;null;925,6;1022,4;925,6;925,2;-3,5;18;17,8;9,8;18,2;17,8;10,2;9,8;12,7;61;58;59;140;6,1;3;
2024-08-29;0900;null;926,3;1023,3;926,3;925,6;-3,5;18;17,3;9,6;17,8;17,1;9,8;9,6;12,6;61;59;60;127;7,3;3,1;
2024-08-29;1000;null;927,1;1024,3;927,1;926,3;63,5;18;17,1;9,5;17,3;16,8;9,6;9,4;12,8;62;60;61;115;8,3;3,5;
2024-08-29;1100;null;927,7;1024,3;927,7;927,1;721,6;19;18,8;9,8;18,9;17,1;9,8;9,5;13,4;61;55;56;120;8,3;3,5;
2024-08-29;1200;null;928,4;1023,9;928,4;927,7;1552,2;21;22,5;10,2;22,5;18,9;10,3;9,5;13,7;56;45;46;96;7,1;2,8;
2024-08-29;1300;null;928,7;1023,2;928,7;928,4;2265,4;25;25,5;8,8;25,5;22,5;10,1;8,4;13,9;46;35;35;77;8,2;2,7;
2024-08-29;1400;null;928,2;1022,2;928,7;928,2;2786,5;27;26,8;7,7;27,3;25,4;9,1;7,6;13,7;35;29;30;77;8,8;2,9;
2024-08-29;1500;null;927,6;1021;928,2;927,6;3043,5;29;28,3;8,6;28,8;26,7;8,8;7,3;13,6;30;27;29;81;8,8;3,2;
2024-08-29;1600;null;926,9;1020,1;927,6;926,9;3087,5;31;28,7;7,7;29,4;27,6;8,5;7,2;13,5;29;26;27;96;8,7;2;
2024-08-29;1700;null;925,8;1018,6;926,9;925,8;2904,4;32;29,6;6,9;30,3;28,5;8,3;5,3;13,6;27;22;24;50;6,8;2,9;
2024-08-29;1800;null;925,1;1017,8;925,8;925;2464,2;33;29,8;4,5;31,1;29,2;6,9;4,3;13,4;24;19;20;34;7;3,6;
2024-08-29;1900;null;924,9;1017,6;925,1;924,8;1755,1;33;29,8;5,8;31,4;29,2;6,4;4,7;13,2;22;20;22;88;7;2,2;
2024-08-29;2000;null;925,2;1018,5;925,2;924,9;946,9;32;28,1;5,7;30,1;28,1;6,4;5,4;13;24;22;24;49;5,8;2,7;
2024-08-29;2100;null;925,6;1019,9;925,6;925,2;203,9;29;25,2;5,6;28,1;25,2;5,9;5,4;12,9;28;24;28;69;5,5;2;
2024-08-29;2200;null;926;1021,5;926;925,6;-3,5;25;21,7;5,4;25,2;21,7;5,8;5,3;12,8;35;28;35;113;4,6;,6;
2024-08-29;2300;null;926,5;1022,4;926,5;926;-3,5;22;20,5;6,7;22,3;20,4;6,8;5,4;12,8;41;35;41;136;2,2;,8;
2024-08-30;0000;null;926,8;1023,7;926,9;926,5;-3,5;20;17,7;7,7;20,6;17,6;7,7;6,3;12,8;52;40;52;145;3,1;1,9;
2024-08-30;0100;null;927;1024,3;927;926,8;-3,5;19;16,7;7,7;17,9;16,7;7,8;7,5;12,8;55;51;55;145;2,8;1,8;
2024-08-30;0200;null;927,1;1024,8;927,1;927;-3,5;17;15,6;7,8;16,7;15,6;7,8;7,6;12,8;60;55;59;142;2,6;2,1;
2024-08-30;0300;null;927;1024,9;927,2;927;-3,5;17;15;8;15,8;15;8,1;7,8;12,7;63;59;63;145;3;2,2;
2024-08-30;0400;null;926,8;1025;927;926,8;-3,5;16;14,1;8;15,1;14,1;8,1;8;12,7;67;63;67;151;3;2,3;
2024-08-30;0500;null;926,4;1024,3;926,8;926,4;-3,5;15;14,8;7,8;15,7;14;8,2;7,6;12,7;67;60;63;144;3,6;1,9;
2024-08-30;0600;null;926,3;1023,9;926,4;926,3;-3,5;16;15,7;7,3;16,4;14,7;7,9;7,1;12,7;63;56;57;146;3,4;1,8;
2024-08-30;0700;null;926;1023,7;926,3;926;-3,5;15;15,2;7,4;15,8;14,5;7,5;7;12,6;61;57;60;141;3,6;1,4;
2024-08-30;0800;null;926,2;1024;926,2;925,9;-3,5;15;15,2;7,9;15,8;14,9;8;7,4;12,6;62;58;62;120;4,5;1,7;
2024-08-30;0900;null;926,7;1025,2;926,7;926,1;-3,5;14;13,3;7,9;15,3;12,9;8;7,3;12,6;71;61;70;153;3,3;,8;
2024-08-30;1000;null;927,1;1025,3;927,1;926,7;63,6;14;14,1;8,1;14,1;12,8;8,1;7,6;12,8;71;67;67;143;3,1;1;
2024-08-30;1100;null;927,5;1024;927,5;927,1;791;16;19,2;8,5;19,3;14,1;9,1;8;13,5;67;50;50;96;5,2;2,2;
2024-08-30;1200;null;927,8;1023,3;927,9;927,5;1624,4;20;22,2;7,8;22,2;19,1;8,9;7,7;13,8;51;40;40;99;6,9;2,4;
2024-08-30;1300;null;927,7;1022,2;927,9;927,7;2339,1;24;25;7;25,5;22,1;8,5;6,4;13,8;40;31;32;67;6,3;2,5;
2024-08-30;1400;null;927,4;1021,4;927,8;927,4;2865,2;27;26,6;6,5;26,8;24,8;7,2;5,9;13,8;32;28;28;98;6,6;2,6;
2024-08-30;1500;null;926,3;1020;927,4;926,3;3107,2;28;27,2;4,7;28,2;25,7;7;4,7;13,7;29;24;24;116;6;2,4;
2024-08-30;1600;null;925,1;1018,1;926,3;925;3143,5;30;28,9;3,6;29;27;5;3;13,6;24;19;20;113;5,8;2,3;
2024-08-30;1700;null;923,9;1016,5;925,1;923,9;2950,7;32;29,7;3,6;30,1;28,1;4,4;2,1;13,5;20;17;19;93;5;1,9;
2024-08-30;1800;null;923,1;1015,5;923,9;923,1;2496,9;33;30,2;2,6;30,5;29,1;3,9;1,3;13,5;19;16;17;302;4,6;1,2;
2024-08-30;1900;null;922,6;1015;923,1;922,6;1828;33;30;1,2;30,7;29,6;2,8;,8;13,2;18;15;16;323;5,8;1,4;
2024-08-30;2000;null;922,5;1015,2;922,6;922,5;1030,3;33;28,9;1,5;30,5;28,9;1,8;,1;13;17;15;17;39;3,8;2;
2024-08-30;2100;null;922,8;1016,9;922,8;922,5;221,2;30;24,7;3,3;29;24,7;3,8;1;12,9;25;17;25;69;3,4;,6;
2024-08-30;2200;null;923,1;1018,4;923,1;922,8;-3,5;25;21,4;3,4;24,6;21,4;3,4;2,6;12,8;31;25;31;114;2,1;1,1;
2024-08-30;2300;null;923,8;1020,3;923,8;923,1;-3,5;22;18,1;5,1;21,4;18,1;5,3;3,6;12,8;42;31;42;148;3,5;1,9;
2024-08-31;0000;null;924,1;1020,7;924,1;923,8;-3,5;20;17,8;5,4;19,1;17,6;5,4;4,8;12,8;44;39;44;143;2,9;2;
2024-08-31;0100;null;924,2;1021,5;924,2;924,1;-3,5;18;16;5,7;17,8;16;5,8;5,3;12,8;51;44;51;153;2,8;2,2;
2024-08-31;0200;null;924;1021,3;924,2;924;-3,5;17;15,7;5,7;17,2;15,7;5,9;5,4;12,8;51;46;51;149;3,8;2,1;
2024-08-31;0300;null;923,9;1021,3;924;923,8;-3,5;17;15,5;6,1;16,6;15,3;6,1;5,6;12,7;54;49;53;151;3,8;2,6;
2024-08-31;0400;null;923,5;1020,9;923,9;923,5;-3,5;16;15,5;5,6;15,8;14,8;6,1;5,6;12,7;56;51;52;151;4;2,7;
2024-08-31;0500;null;923,2;1020,9;923,5;923,2;-3,5;16;14,6;5,6;15,6;14,5;5,9;5,4;12,7;55;52;55;156;4;2,2;
2024-08-31;0600;null;922,9;1020,9;923,2;922,8;-3,5;15;13,6;5,7;15;13,3;5,8;5,5;12,7;60;53;59;153;3,8;2,3;
2024-08-31;0700;null;922,7;1021,1;922,8;922,7;-3,5;14;12,3;5,8;13,7;12,2;5,9;5,6;12,6;65;59;64;152;3,3;2,5;
2024-08-31;0800;null;922,8;1021,3;922,8;922,6;-3,5;13;12,2;5,9;12,4;11,8;5,9;5,7;12,6;66;64;66;148;3,5;2,8;
2024-08-31;0900;null;923,6;1022,6;923,6;922,8;-3,5;12;10,9;6;12,2;10,5;6;5,7;12,6;72;65;72;149;3,9;2,7;
2024-08-31;1000;null;924,7;1023,7;924,7;923,6;64,8;12;11,2;6,2;11,2;9,9;6,2;5,7;12,8;75;71;72;147;3,9;2,7;
2024-08-31;1100;null;925,6;1022,1;925,6;924,7;804,8;14;18,5;6,7;18,5;11,2;7,1;6,2;13,5;72;46;46;135;3,6;1,7;
2024-08-31;1200;null;926,3;1021,1;926,3;925,6;1630,2;20;23,7;5,7;23,7;18,5;7,1;5,4;13,8;46;31;31;123;5;1,7;
2024-08-31;1300;null;926,4;1020,2;926,5;926,3;2343,6;25;26,9;4,5;27,2;23,7;5,8;4,2;13,7;31;24;24;77;5,3;2,1;
2024-08-31;1400;null;926,1;1019,5;926,4;926,1;2860,6;28;28,1;2,1;28,8;26,2;4,7;2,1;13,7;25;19;19;108;5,4;1,8;
2024-08-31;1500;null;925,2;1018,2;926,1;925,2;3115,7;30;28,8;2,2;29,9;27,5;3,5;,5;13,5;19;17;18;123;6;2,5;
2024-08-31;1600;null;924;1016,5;925,2;924;3159,9;32;30,1;1,8;30,9;28,3;3,2;1,2;13,5;19;16;16;44;6;2,3;
2024-08-31;1700;null;922,9;1015,1;924;922,9;2971,6;33;30,7;1,2;31;29,7;2,5;1;13,5;17;15;15;211;5,2;2,7;
2024-08-31;1800;null;922,2;1014,2;922,9;922,2;2506,3;34;31,2;1;32;30,6;2;,7;13,5;15;14;15;12;5;1,9;
2024-08-31;1900;null;921,8;1013,7;922,2;921,8;1825,8;34;31,4;1,9;32,6;30,8;2,1;,8;13,2;15;14;15;84;5,9;1,7;
2024-08-31;2000;null;922;1014,2;922;921,8;1003,1;34;30,4;2,5;31,7;30,4;2,8;,9;13;17;14;17;126;5,2;,8;
2024-08-31;2100;null;922,3;1016,2;922,3;922;204,4;31;25,4;3,6;30,4;25,3;3,9;2,1;12,9;24;16;24;269;2,7;,5;
2024-08-31;2200;null;922,8;1017,6;922,8;922,3;-3,5;26;22,8;3,6;25,7;22,4;4,3;3;12,9;29;24;29;171;2,5;,6;
2024-08-31;2300;null;923,6;1019,9;923,6;922,8;-3,5;23;18,7;5,4;23,2;18,7;5,5;3,3;12,8;42;28;42;160;2,8;1;
2024-09-01;0000;null;923,8;1020,7;923,8;923,6;-3,5;20;17;5,9;18,7;16,7;5,9;5,1;12,8;48;41;48;160;2,1;1;
2024-09-01;0100;null;924;1021,3;924;923,8;-3,5;18;15,8;6;17,6;15,8;6,2;5,5;12,8;52;45;52;145;3;2,6;
2024-09-01;0200;null;924,2;1021,7;924,2;924;-3,5;17;15,2;6,1;16;14,9;6,2;5,9;12,7;56;52;55;154;3,2;2,5;
2024-09-01;0300;null;923,9;1022;924,2;923,9;-3,5;16;13,7;6,1;15,4;13,7;6,1;5,9;12,7;60;54;60;151;3,5;2,3;
2024-09-01;0400;null;923,4;1021,7;923,9;923,4;-3,5;15;13;5,7;14,1;12,9;6,1;5,6;12,7;62;58;61;147;3,6;2,3;
2024-09-01;0500;null;922,9;1021,1;923,4;922,9;-3,5;14;13;5,3;13,5;12,5;5,8;5,2;12,7;61;58;60;148;3,7;2,8;
2024-09-01;0600;null;922,4;1020,7;922,9;922,4;-3,5;13;12,5;5,1;13;11,8;5,3;5;12,7;64;60;61;146;3,7;2,2;
2024-09-01;0700;null;922,3;1021,1;922,4;922,2;-3,5;13;11,3;5,2;12,5;11,3;5,3;4,9;12,6;66;61;66;147;3;1,8;
2024-09-01;0800;null;922,6;1021,3;922,6;922,3;-3,5;12;11,5;5,2;12,2;11;5,2;4,8;12,6;66;62;65;158;2,6;1,5;
2024-09-01;0900;null;923,2;1022,2;923,2;922,6;-3,5;11;10,8;5,4;11,5;9,8;5,5;5;12,6;73;65;69;153;3,6;2,4;
2024-09-01;1000;null;924,1;1022,7;924,1;923,2;68,3;11;12,3;5,5;12,3;10,2;5,6;5,2;12,8;72;63;63;144;3,3;2;
2024-09-01;1100;null;924,7;1020,9;924,7;924,1;791;14;19,3;6;19,3;12,2;6,6;5,4;13,5;64;42;42;148;3;1,5;
2024-09-01;1200;null;925;1019,4;925;924,7;1617,5;20;24,5;4,8;24,5;19,3;6,4;4,8;13,8;42;28;28;121;3,9;2,1;
2024-09-01;1300;null;924,9;1018,1;925;924,8;2324,6;25;28,1;4;28,2;24,3;5,2;3,5;13,7;29;21;21;89;5;2,3;
2024-09-01;1400;null;924,2;1016,6;924,9;924,2;2840,1;29;30,6;-,3;30,9;28,1;4,6;-,7;13,6;21;14;14;284;5,9;2,2;
2024-09-01;1500;null;923,4;1015,2;924,2;923,4;3113;32;32,2;,2;32,5;30,4;,6;-,8;13,4;14;13;13;245;6,9;1,8;
2024-09-01;1600;null;922,6;1014,1;923,4;922,6;3150,2;34;32,8;-,6;33,2;30,8;,5;-1,5;13,4;14;11;12;355;8,2;2,3;
2024-09-01;1700;null;921,3;1012,6;922,6;921,3;2946,9;35;33;-1,5;33,7;32,1;-,5;-1,9;13,4;12;10;11;279;6,7;4,2;
2024-09-01;1800;null;920,8;1012;921,3;920,8;2410,6;35;33,1;-1,1;34,1;32,4;-,5;-1,7;13,4;11;11;11;234;6,7;2,6;
2024-09-01;1900;null;920,6;1011,8;920,8;920,5;1642,7;35;33;-2,1;34,3;32,6;,2;-2,1;13,2;12;10;10;291;6,8;3,3;
2024-09-01;2000;null;920,9;1012,5;920,9;920,6;948,1;34;32,1;-2,4;33,1;32,1;-1,6;-2,6;13;11;10;11;286;5,9;3;
2024-09-01;2100;null;921,2;1013,9;921,2;920,9;232;32;28,5;-1,5;32,1;28,5;-1,3;-2,4;12,9;14;11;14;252;5,5;2,5;
2024-09-01;2200;null;921,6;1016,2;921,6;921,2;-3,5;27;23,1;1;28,5;23,1;1,5;-2;12,8;23;14;23;163;3,4;,4;
2024-09-01;2300;null;922,2;1017,5;922,2;921,6;-3,5;23;21;2,5;23,3;20,7;2,5;1;12,8;29;23;29;164;1,2;,9;
2024-09-02;0000;null;922,7;1019,3;922,7;922,2;-3,5;21;17,5;4,3;21;17;4,8;2,4;12,8;44;29;42;153;2,6;1,3;
2024-09-02;0100;null;922,7;1019,8;922,8;922,7;-3,5;19;15,9;4,5;17,9;15,9;4,5;3,8;12,8;47;40;47;158;2,7;1,9;
2024-09-02;0200;null;922,7;1020,2;922,8;922,7;-3,5;17;15;4,4;16,2;14,9;4,6;4,1;12,7;49;45;49;154;2,8;1,2;
2024-09-02;0300;null;922,3;1019,9;922,7;922,3;-3,5;16;14,5;4,5;15,2;14,2;4,7;4,3;12,7;52;49;51;169;2,4;1,5;
2024-09-02;0400;null;921,4;1019;922,3;921,4;-3,5;15;14,3;4,5;14,7;13,1;4,9;4,5;12,7;57;51;52;157;3,3;2,2;
2024-09-02;0500;null;920,8;1018,8;921,4;920,8;-3,5;14;12,9;4,8;14,3;12,7;4,9;4,5;12,7;58;52;58;149;3,7;2;
2024-09-02;0600;null;920,3;1018,5;920,8;920,2;-3,5;13;12,2;4,8;12,9;11,9;4,9;4,5;12,6;61;58;61;151;3,4;2,3;
2024-09-02;0700;null;920;1018,4;920,3;920;-3,5;13;11,7;4,7;13,2;11,7;4,8;4,2;12,6;62;57;62;157;3,4;1,5;
2024-09-02;0800;null;920;1018,5;920;919,9;-3,5;12;11,4;5,1;12,3;11,1;5,1;4,5;12,6;66;60;65;155;2,5;2;
2024-09-02;0900;null;920,5;1019,2;920,5;920;-3,5;12;11;5;12,3;10,9;5,3;4,7;12,6;67;62;66;169;2,5;1,3;
2024-09-02;1000;null;921,2;1019,6;921,2;920,5;72,1;12;11,9;5,7;11,9;10,6;5,7;5;12,7;69;66;66;159;2,9;1,8;
2024-09-02;1100;null;921,8;1018,4;921,8;921,2;706,9;14;17,3;6,6;17,4;11,9;6,7;5,6;13,5;66;48;49;128;2,3;,8;
2024-09-02;1200;null;921,9;1016,1;921,9;921,8;1504,6;19;24,2;6;24,2;16,9;7;4,7;13,8;51;29;31;149;1,9;1,1;
2024-09-02;1300;null;921,9;1014,3;922;921,8;2199,3;26;29,7;2;29,7;24,2;6,3;1,6;13,7;31;17;17;312;3,6;1,7;
2024-09-02;1400;null;921,6;1013,6;921,9;921,6;2668,7;30;30,8;,8;31,3;28,6;2,7;,1;13,5;18;14;15;250;5,6;2,4;
2024-09-02;1500;null;920,9;1012,4;921,6;920,9;2912,6;32;32,2;,5;32,6;30,8;1,3;-,1;13,6;15;13;13;262;7,4;2,8;
2024-09-02;1600;null;919,9;1011,2;920,9;919,9;2836,7;34;32,6;,6;33,4;31,5;1;-,7;13,4;13;12;13;305;8,1;4,2;
2024-09-02;1700;null;918,7;1009,4;919,9;918,7;2641;35;34,1;1,1;34,1;32,2;1,8;,2;13,4;14;12;12;315;7,2;2,8;
2024-09-02;1800;null;918;1009,1;918,7;918;1950,4;35;32,7;1,5;34,6;32,5;2;,8;13,3;14;12;14;211;6,6;4,1;
2024-09-02;1900;null;917,9;1009,1;918;917,9;1424;34;32,3;1,8;33,4;32,1;2,2;1,2;13,1;15;13;14;187;7,4;2,4;
2024-09-02;2000;null;918,1;1009,8;918,1;917,8;807;33;30,8;1,6;32,3;30,8;2,4;1,4;13;16;14;15;198;6,3;3,7;
2024-09-02;2100;null;918,3;1011,6;918,3;918,1;171,1;31;25,9;3,7;30,8;25,9;3,7;1,7;12,9;24;15;24;201;5,7;2,6;
2024-09-02;2200;null;918,8;1013;918,8;918,3;-3,2;26;23,4;5,2;25,9;22,4;5,4;3,5;12,8;33;24;31;64;3,5;,5;
2024-09-02;2300;null;919,5;1014,6;919,5;918,8;-3,5;23;20,7;5,3;23,4;20,7;5,4;4,3;12,8;37;31;36;158;1,8;1;
2024-09-03;0000;null;920,1;1015,9;920,1;919,5;-3,5;21;19;6,1;20,8;19;6,2;5;12,8;43;36;43;152;1,7;,6;
2024-09-03;0100;null;920,2;1016,1;920,3;920,1;-3,5;20;18,7;6;20,2;18,7;6,4;5,2;12,8;44;38;44;158;1,4;,9;
2024-09-03;0200;null;920,4;1016,9;920,4;920,2;-3,5;19;17;6,8;18,7;16,7;6,8;5,9;12,8;51;43;51;168;1,7;,9;
2024-09-03;0300;null;920,2;1017,2;920,4;920,2;-3,5;17;15,5;6,9;17;15,5;7,2;6,7;12,7;57;51;56;153;1,9;1,1;
2024-09-03;0400;null;919,9;1017,2;920,2;919,9;-3,5;16;14,6;7,4;15,5;14,1;7,5;6,9;12,7;63;56;62;159;2,3;1,6;
2024-09-03;0500;null;919,4;1016,9;919,9;919,4;-3,5;15;13,8;7,6;15;13,3;7,8;7,2;12,7;67;61;66;139;3,1;2,3;
2024-09-03;0600;null;918,9;1016,2;919,4;918,9;-3,5;14;14,2;7,2;14,9;12,6;7,9;7,2;12,7;71;61;63;130;3,1;,9;
2024-09-03;0700;null;919,1;1017;919,1;918,9;-3,5;14;12,6;7,7;14,2;12,1;7,7;7,2;12,6;73;63;72;144;2,8;1,4;
2024-09-03;0800;null;919,6;1017,9;919,6;919,1;-3,5;13;11,8;7,4;12,6;11,8;7,7;7,2;12,6;75;72;75;151;3,1;1,9;
2024-09-03;0900;null;920,1;1018,3;920,1;919,6;-3,5;13;12,3;7,4;12,7;11,7;7,7;7,2;12,6;75;71;72;144;2,8;2;
2024-09-03;1000;null;920,7;1018,8;920,7;920,1;72,7;13;12,7;7,7;12,7;11,7;7,7;7,3;12,7;75;72;72;152;2,5;1,8;
2024-09-03;1100;null;921,5;1018,2;921,5;920,7;637,8;15;16,8;8,3;16,8;12,7;9;7,7;13,4;72;57;57;146;3,1;2,3;
2024-09-03;1200;null;921,9;1015,7;921,9;921,5;1419,2;20;25,5;7,3;25,5;16,8;9,3;7,1;13,8;57;31;31;144;3;1,4;
2024-09-03;1300;null;922,1;1014,3;922,2;921,9;2118,9;26;30,6;5,7;30,6;25,5;7,6;5,5;13,7;32;21;21;108;3,5;1,5;
2024-09-03;1400;null;921,7;1013,4;922,1;921,7;2748,1;31;32;,4;32,7;30,6;6,1;,4;13,5;21;13;13;257;4,5;1,8;
2024-09-03;1500;null;921,1;1012,1;921,7;921,1;2991,9;34;34;-,3;34;31,9;,4;-3,9;13,4;13;9;11;346;9,3;1,6;
2024-09-03;1600;null;920,3;1011,2;921,1;920,3;3008,7;35;33,9;-1,4;34,3;32,4;-,4;-2,7;13,4;11;10;10;225;7,5;3,2;
2024-09-03;1700;null;919,2;1009,8;920,3;919,2;2810,4;36;34,8;-2,8;35,3;32,7;-,7;-2,8;13,4;11;9;9;289;7,2;2,3;
2024-09-03;1800;null;918,5;1009,2;919,2;918,5;2226,4;36;34,2;-,2;34,9;33,5;0;-3;13,5;11;9;11;253;7;2,3;
2024-09-03;1900;null;918,7;1009,6;918,7;918,5;1487,7;36;33,4;1,1;34,5;33,1;1,3;-,2;13,1;13;11;13;220;7,5;3,4;
2024-09-03;2000;null;918,9;1010,4;918,9;918,6;742,2;34;31,7;,9;33,4;31,7;1,1;,5;13;14;12;14;218;6,4;3,2;
2024-09-03;2100;null;919,5;1012,4;919,5;918,9;155,6;31;27,4;1,7;31,7;27,4;1,9;,9;12,9;19;14;19;196;5,5;1,6;
2024-09-03;2200;null;920,2;1013,9;920,2;919,5;-3,5;27;25,1;3,4;27,6;25,1;3,6;1,7;12,8;25;19;25;135;2,8;1;
2024-09-03;2300;null;920,9;1015,6;920,9;920,2;-3,5;25;22,4;4,4;25,1;22;4,6;3,4;12,8;31;25;31;22;2,1;,8;
2024-09-04;0000;null;921,4;1016,3;921,4;920,9;-3,5;23;22;4,4;23;21,4;4,4;3,5;12,8;32;29;32;146;1,5;,8;
2024-09-04;0100;null;921,6;1017,5;921,6;921,4;-3,5;21;19,2;5,2;22;19;5,3;3,6;12,8;40;31;40;171;1,3;,7;
2024-09-04;0200;null;921,8;1017,8;921,8;921,6;-3,5;20;18,8;5,3;19,4;18,5;5,3;5;12,8;42;39;41;140;1,5;,7;
2024-09-04;0300;null;921,7;1017,8;921,9;921,7;-3,5;19;18,7;5,7;19,2;17,3;6,1;5,3;12,7;47;40;43;144;2,3;1,5;
2024-09-04;0400;null;921,5;1016,9;921,7;921,4;-3,5;19;20,5;6,2;20,5;17,8;6,7;5,3;12,7;47;40;40;138;3,3;1,5;
2024-09-04;0500;null;921;1016,5;921,5;921;-3,5;20;20,1;6,4;21,3;20,1;6,5;5,8;12,7;41;37;41;147;3,4;1,4;
2024-09-04;0600;null;920,8;1016,4;921;920,8;-3,5;20;19,8;7,1;20,1;18,6;7,1;6,4;12,7;46;41;44;164;3,1;1,4;
2024-09-04;0700;null;920,7;1016,3;920,9;920,7;-3,5;20;19,7;7,2;20,1;19,4;7,3;7;12,6;45;43;44;152;4;2;
2024-09-04;0800;null;920,8;1016,6;920,8;920,6;-3,5;20;19,2;7,9;20,1;19,2;7,9;7,1;12,6;48;44;48;149;4,3;1,9;
2024-09-04;0900;null;921,3;1017,1;921,3;920,8;-3,5;20;19,4;8,8;19,8;18,8;8,8;7,9;12,6;50;48;50;158;3,8;1,2;
2024-09-04;1000;null;922;1017,5;922;921,3;66,6;20;20,5;8,9;20,5;19,4;9;8,7;12,7;50;47;47;146;3,4;1,8;
2024-09-04;1100;null;922,7;1017,5;922,7;922;526,9;21;22,8;9,7;22,8;20,5;9,7;8,9;13,2;47;43;43;140;4,3;2,2;
2024-09-04;1200;null;923;1016,6;923;922,7;1199;24;26,3;9,3;26,3;22,8;10,2;9,3;13,5;43;34;34;119;6,6;2,5;
2024-09-04;1300;null;922,7;1015,1;923;922,7;1962,2;28;30,1;8,1;30,2;26,1;9,7;8,1;13,7;35;25;25;87;9,2;2,7;
2024-09-04;1400;null;922,2;1014,1;922,7;922,2;2594,2;31;31,5;7,4;32,5;29,8;9,1;7,2;13,5;26;22;22;71;9,5;4,1;
2024-09-04;1500;null;921,5;1013;922,3;921,5;2895,7;34;32,6;7,3;33,7;31,4;8,2;6,9;13,4;23;20;21;77;9,2;3,3;
2024-09-04;1600;null;920,8;1011,6;921,5;920,8;2940,9;35;34,6;3,9;34,7;32,5;8,1;3,1;13,4;22;15;15;63;8,6;2,9;
2024-09-04;1700;null;920;1010,9;920,8;920;2743,2;36;34;1,7;34,7;33,3;3,4;,4;13,4;15;12;13;88;6,9;2,3;
2024-09-04;1800;null;919,3;1010;920;919,3;2250,2;37;34,2;1,6;34,8;33,4;2,5;,9;13,4;13;12;13;70;6,9;1,3;
2024-09-04;1900;null;919,2;1010,2;919,3;919,2;1454,5;37;33,2;2,8;34,8;33;2,8;1;13,1;15;13;15;89;5,5;1,8;
2024-09-04;2000;null;919,3;1010,8;919,3;919,2;666,4;35;31,8;3,8;33,2;31,8;3,8;2,2;13;17;15;17;75;5;1,5;
2024-09-04;2100;null;919,7;1012,8;919,7;919,3;144,4;32;27;5,2;31,8;27;5,3;3,2;12,9;25;17;25;113;4,2;,5;
2024-09-04;2200;null;920,1;1013,3;920,1;919,7;-3,5;28;26,7;4,8;27,7;26,2;5,5;4,7;12,8;26;23;25;163;2,1;1,2;
2024-09-04;2300;null;920,7;1014,6;920,7;920,1;-3,5;26;24,9;5,4;26,7;23,9;5,9;4,8;12,8;31;25;29;143;3,5;1,5;
2024-09-05;0000;null;921,2;1015,3;921,2;920,7;-3,5;25;24,2;5,2;25;23,5;5,5;5,1;12,8;31;28;29;151;2,9;1,9;
2024-09-05;0100;null;921,4;1015,4;921,5;921,2;-3,5;25;24,6;5,1;24,9;24,1;5,2;5;12,8;29;28;28;141;3,9;2,2;
2024-09-05;0200;null;921,6;1016,4;921,6;921,4;-3,5;24;22,3;5,5;25,2;22,3;5,5;4,9;12,8;34;27;34;157;4,5;1,9;
2024-09-05;0300;null;921,4;1016,7;921,6;921,4;-3,5;23;20,8;6,4;22,4;20,2;6,6;5,5;12,7;41;34;39;146;3,7;2;
2024-09-05;0400;null;921,4;1017,4;921,4;921,3;-3,5;22;18,9;5,8;23,1;18,9;6,8;5,1;12,7;44;32;43;305;3,7;,9;
2024-09-05;0500;null;921;1017,5;921,4;921;-3,5;20;17,1;7,5;20,2;16,7;7,5;5,8;12,7;54;40;53;159;2,3;1,6;
2024-09-05;0600;null;920,6;1017,6;921;920,6;-3,5;18;15,8;7,8;17,2;15,4;7,8;7,2;12,7;60;52;59;164;2,9;1,9;
2024-09-05;0700;null;920,5;1017,4;920,6;920,4;-3,5;17;15,9;7,6;17,4;15,7;7,8;7,2;12,6;59;52;58;146;3,3;2,2;
2024-09-05;0800;null;920,6;1016,5;920,7;920,5;-3,5;17;18,7;7;18,7;15,5;7,8;7;12,6;59;46;46;144;4;2,3;
2024-09-05;0900;null;921,1;1016,5;921,1;920,6;-3,5;19;20,4;6,5;20,6;18,6;7;6,5;12,6;46;40;41;144;4,3;2,3;
2024-09-05;1000;null;921,5;1016,8;921,5;921,1;80,4;20;20,8;7;20,8;19,9;7;6,5;12,8;43;41;41;142;4,6;2,4;
2024-09-05;1100;null;922;1016,5;922;921,5;578,8;21;23,3;8,1;23,3;20,7;8,1;7;13,3;42;37;38;130;4,1;2,1;
2024-09-05;1200;null;922,4;1015,7;922,4;922;1209,4;24;27,2;8,8;27,2;23,4;9,1;7,9;13,5;38;31;31;117;4;1,8;
2024-09-05;1300;null;922,4;1014,9;922,5;922,4;1918,8;28;29,5;8,4;29,7;27;9,3;7,7;13,7;32;26;27;76;4,3;2,2;
2024-09-05;1400;null;921,9;1013,3;922,4;921,9;2444;32;32,9;2,8;33,3;29,6;8,8;2,8;13,5;27;15;15;24;6,3;2,5;
2024-09-05;1500;null;921,2;1012,4;921,9;921,2;2788,5;34;33,4;1,9;35;32,3;3,6;1,9;13,4;16;13;14;348;6,4;3,1;
2024-09-05;1600;null;920,4;1011;921,2;920,4;2860,7;36;35;1,9;35,4;33,3;2,3;,1;13,4;14;11;12;267;9,6;3,8;
2024-09-05;1700;null;919,5;1010,1;920,4;919,5;2454,6;37;34,8;-,1;35,8;34;2,1;-,1;13,5;13;11;11;292;11,9;5,6;
2024-09-05;1800;null;919,1;1009,7;919,5;919,1;2012,4;37;34,5;-,6;35,7;34,5;,5;-,9;13,2;11;10;11;284;11,9;4,4;
2024-09-05;1900;null;918,9;1009,7;919,1;918,8;1470,1;36;33,9;-,3;35;33,9;,1;-,9;13,1;11;11;11;316;9;3,5;
2024-09-05;2000;null;919,1;1010,4;919,1;918,9;754,7;35;32,3;,1;34,1;32,3;,1;-,4;13;13;11;13;294;7,8;4;
2024-09-05;2100;null;919,4;1012,1;919,4;919,1;102;32;28,1;1;32,3;28,1;1,3;,1;12,9;18;13;17;307;6,5;,8;
2024-09-05;2200;null;919,6;1013,6;919,6;919,4;-3,4;28;24,1;3,4;28,1;24,1;3,5;,8;12,8;26;17;26;157;1,9;1,3;
2024-09-05;2300;null;919,8;1014,9;919,8;919,6;-3,5;25;20,8;4,5;24,1;20,8;4,5;3,3;12,8;34;26;34;150;2,4;1,4;
2024-09-06;0000;null;920,3;1016;920,3;919,8;-3,5;22;19,3;5;21;19,3;5,2;4,3;12,8;39;34;39;161;3;1;
2024-09-06;0100;null;920,4;1016,3;920,5;920,3;-3,5;21;18,7;5,1;19,7;18,5;5,3;4,8;12,8;42;38;41;159;2,1;1,2;
2024-09-06;0200;null;920,3;1016,6;920,4;920,3;-3,5;20;17,6;5,5;18,7;17,2;5,5;5;12,7;46;41;45;161;2,2;1,6;
2024-09-06;0300;null;920,2;1016,5;920,3;920,1;-3,5;19;17,5;5,1;17,7;16,8;5,6;5,1;12,7;47;44;44;151;2,6;1,5;
2024-09-06;0400;null;919,6;1016,3;920,2;919,6;-3,5;18;16,2;5,5;17,5;16;5,6;5;12,7;50;44;49;153;3,2;1,9;
2024-09-06;0500;null;919,4;1015,5;919,6;919,4;-3,5;17;17,9;4,7;17,9;16;5,5;4,3;12,7;49;42;42;151;3,5;1,1;
2024-09-06;0600;null;919,1;1016;919,4;919,1;-3,5;17;15,6;6,1;18,1;15,6;9,7;4,3;12,6;61;41;53;77;2,2;,5;
2024-09-06;0700;null;919,1;1015,9;919,1;919;-3,5;16;15,9;10,3;16,4;14,7;10,7;6;12,6;72;53;69;117;1,6;,7;
2024-09-06;0800;null;919,4;1016,9;919,4;919,1;-3,5;16;13,9;10;16;13,7;10,3;8,4;12,6;78;62;77;144;1,8;1,2;
2024-09-06;0900;null;919,8;1017,6;919,8;919,4;-3,5;15;13,3;10,1;14,3;13,3;10,8;10,1;12,6;81;77;81;146;2,6;1,5;
2024-09-06;1000;null;920,4;1018,2;920,4;919,8;77,3;14;13,4;10,2;13,4;12,8;10,3;9,9;12,7;83;81;81;160;2,4;1,5;
2024-09-06;1100;null;920,9;1017,1;920,9;920,4;561,7;16;18;11,7;18;13,4;11,8;10,2;13,3;81;67;67;151;3,2;2;
2024-09-06;1200;null;921,4;1015,5;921,4;920,9;1231,3;20;24,4;9,7;24,4;18;12;9,6;13,6;66;39;39;132;4;2,1;
2024-09-06;1300;null;921,5;1014,3;921,5;921,4;1912,6;25;28,3;7,8;28,7;24,4;9,9;7,8;13,7;40;27;28;124;4,4;1,9;
2024-09-06;1400;null;921,3;1013,2;921,6;921,3;2420,5;30;31,1;6,5;31,4;28,3;8,1;5,7;13,5;28;21;21;90;4,9;1,9;
2024-09-06;1500;null;920,4;1011,8;921,3;920,4;2701,3;32;32,3;4,5;32,7;30,7;6,8;4,5;13,4;22;17;17;113;4,6;2;
2024-09-06;1600;null;919,4;1010,4;920,4;919,4;2762,6;35;33,5;2,6;35,4;32,1;4,6;2,2;13,4;18;13;14;56;5,1;1,8;
2024-09-06;1700;null;918,5;1009,1;919,4;918,5;2514;36;34,5;2,8;35,3;33,5;3,3;1,8;13,5;15;13;14;42;5,4;1,7;
2024-09-06;1800;null;918;1008,6;918,5;918;2024,4;37;34,3;3;34,9;33,9;3,4;2,4;13,3;14;13;14;144;5,5;1,3;
2024-09-06;1900;null;917,8;1008,4;918;917,8;1387,1;36;34,1;2,8;34,6;33,8;3,9;2,4;13,1;15;13;14;51;3,9;1,7;
2024-09-06;2000;null;918,1;1009,6;918,1;917,8;585,7;35;31,5;5,5;34,3;31,5;6,1;2,5;13;20;14;20;114;4;,6;
2024-09-06;2100;null;918,6;1010,3;918,6;918,1;146,9;32;30,8;4,7;31,6;29,1;7,2;4,7;12,9;24;19;19;220;6,9;3,8;
2024-09-06;2200;null;919,3;1012,3;919,3;918,6;-2,5;30;27,2;6,7;32,3;27,2;6,7;2,9;12,8;27;16;27;142;6,9;1;
2024-09-06;2300;null;920,5;1014,2;920,5;919,3;-3,5;27;25,2;8;27,2;23,5;8;6,3;12,8;36;27;34;198;2,7;1,3;
2024-09-07;0000;null;921,1;1016;921,1;920,5;-3,5;25;21,9;9;25,9;21,9;9;7,4;12,8;44;32;44;148;3,5;1,4;
2024-09-07;0100;null;921,4;1016,6;921,4;921,1;-3,5;23;21,2;10,1;21,8;20,6;10,2;9,1;12,8;51;45;49;161;3,4;1,2;
2024-09-07;0200;null;921,7;1017,5;921,7;921,4;-3,5;22;19,5;10,3;21,3;19,4;10,3;9,8;12,8;55;48;55;154;2,6;1,7;
2024-09-07;0300;null;921,6;1017,7;921,7;921,6;-3,5;20;18,5;10,4;19,5;18,3;10,6;10,2;12,7;60;55;59;148;2,8;2,2;
2024-09-07;0400;null;921,3;1017,6;921,6;921,3;-3,5;20;17,9;10,3;18,8;17,8;10,5;10,2;12,7;61;58;61;148;2,9;1,2;
2024-09-07;0500;null;921;1017,1;921,3;921;-3,3;19;18,4;10,3;18,4;17,3;10,5;10,1;12,7;63;59;59;147;2,1;1,3;
2024-09-07;0600;null;920,8;1015,9;921,1;920,8;-3,5;19;21,3;9,6;21,3;17,8;10,3;9,6;12,7;61;47;47;146;3,6;1,9;
2024-09-07;0700;null;920,9;1015,7;921;920,8;-3,5;21;22,2;10;22,4;21;10;9,5;12,7;48;45;46;135;3,8;1,5;
2024-09-07;0800;null;921,3;1016,5;921,3;920,9;-3,5;21;21,1;10,2;22,3;20,8;10,2;9,9;12,6;50;46;50;153;3,8;1,6;
2024-09-07;0900;null;921,9;1017,2;921,9;921,3;-3,5;21;20,9;10,7;21,3;20,7;10,7;10,1;12,6;52;50;52;135;3,4;1,4;
2024-09-07;1000;null;922,6;1018;922,6;921,9;87;21;20,9;11,5;21;20,5;11,5;10,5;12,8;55;52;55;154;4;1,6;
2024-09-07;1100;null;923,4;1018;923,4;922,6;614,9;22;23,6;12,2;23,6;21;12,3;11,5;13,3;55;49;49;139;4,3;1,8;
2024-09-07;1200;null;923,7;1017,5;923,7;923,4;1346,7;25;25,9;11,5;26,4;23,6;12,4;11,2;13,6;49;39;41;75;4,9;2,5;
2024-09-07;1300;null;923,9;1016,6;924;923,7;2023,1;28;29,4;11,6;29,4;25,9;11,8;10,6;13,7;41;33;33;91;6,1;2,1;
2024-09-07;1400;null;923,8;1016;924;923,8;2513,2;31;31;10,5;31,1;28,7;11,2;9,5;13,5;33;28;28;52;6,6;2,7;
2024-09-07;1500;null;922,9;1014,8;923,8;922,9;2739,4;33;31,6;10;32,2;30,2;10,7;9,4;13,4;29;26;26;44;6,7;2,4;
2024-09-07;1600;null;922,1;1013,3;923;922,1;2797;35;33,6;8,5;33,9;31,6;10,4;8,5;13,4;27;21;21;67;6,2;2,5;
2024-09-07;1700;null;921,1;1012,1;922,1;921,1;2610,3;36;34;7,2;34,1;32,6;9,2;6,8;13,4;23;19;19;96;5,3;2,2;
2024-09-07;1800;null;920,4;1011,3;921,1;920,4;2203,8;37;34,1;6,5;34,6;33,1;7,3;5,5;13,5;20;17;18;99;5,6;1,9;
2024-09-07;1900;null;920,3;1011,7;920,5;920,2;1291,8;36;32,5;6,2;34,6;32,5;7;5,8;13;20;18;20;100;6,2;2;
2024-09-07;2000;null;920,5;1012,2;920,5;920,3;490,2;34;31,5;5,9;32,5;31,5;6,4;5,5;13;20;19;20;60;5,5;1,6;
2024-09-07;2100;null;921;1014,1;921;920,5;124,2;32;27,2;5,5;31,5;27,2;6,2;5,3;12,9;25;20;25;126;4,5;,5;
2024-09-07;2200;null;921,6;1015,3;921,6;921;-3,5;28;25,7;6,5;27,7;25,7;6,7;5,2;12,8;29;25;29;130;2,5;1;
2024-09-07;2300;null;922,2;1016,7;922,2;921,6;-3,5;25;23,5;7,7;25,7;23,4;7,7;6,4;12,8;36;29;36;151;2,8;1,7;
2024-09-08;0000;null;922,8;1018,2;922,8;922,2;-3,5;24;20,9;8,7;23,5;20,9;8,8;7,7;12,8;46;36;45;141;2,6;,9;
2024-09-08;0100;null;923,1;1019;923,1;922,8;-3,5;22;19,5;9,5;20,9;19,5;9,6;8,7;12,8;52;45;52;145;2,9;1,8;
2024-09-08;0200;null;923,3;1019,6;923,4;923,1;-3,5;20;18,5;10;19,4;18,2;10;9,4;12,7;58;52;58;145;2,5;1,8;
2024-09-08;0300;null;923,5;1019,9;923,5;923,3;-3,5;20;18,2;10,2;18,7;18,2;10,3;9,9;12,7;60;57;60;149;3;2,2;
2024-09-08;0400;null;923,3;1019,8;923,5;923,2;-3,5;19;17,9;10,3;18,6;17,6;10,6;10,2;12,7;62;60;61;143;3;2;
2024-09-08;0500;null;923;1019,5;923,3;923;-3,5;19;17,8;10,6;18,4;17,3;10,7;10,4;12,7;64;61;62;145;2,8;2,3;
2024-09-08;0600;null;922,7;1019,5;923;922,7;-3,5;18;17;10,7;17,9;17;10,8;10,6;12,7;66;62;66;149;2,9;2,2;
2024-09-08;0700;null;922,8;1019,3;922,8;922,7;-3,5;18;17,7;10,8;17,8;17;10,9;10,7;12,6;66;64;64;142;3,3;2,3;
2024-09-08;0800;null;923,4;1019,6;923,4;922,8;-3,5;18;18,8;11;18,8;17,5;11;10,5;12,6;65;61;61;146;3,6;2,1;
2024-09-08;0900;null;924,2;1020,4;924,2;923,4;-3,5;19;18,9;10,6;19,9;18,3;11;10,4;12,6;61;56;59;147;3,1;1,6;
2024-09-08;1000;null;924,9;1021,4;924,9;924,2;101,4;19;18,5;11;19,1;18;11,1;10,5;12,8;62;58;62;133;3;1;
2024-09-08;1100;null;925,6;1020,7;925,6;924,9;649,2;20;22,6;11,7;22,6;18,4;11,8;10,9;13,3;62;50;50;120;2,7;1,3;
2024-09-08;1200;null;926;1019,8;926;925,6;1357,2;24;26,6;11,2;26,6;22,6;11,8;10,8;13,6;50;38;38;104;5;2;
2024-09-08;1300;null;926,2;1019,3;926,2;926;2035;28;29;9,8;29,2;26,5;10,8;9,6;13,7;38;30;30;60;5;2,1;
2024-09-08;1400;null;925,9;1018,3;926,2;925,9;2497,6;31;30,9;7,9;31,3;28,8;10,3;7,6;13,5;30;24;24;109;5,9;2,5;
2024-09-08;1500;null;925,4;1017,5;925,9;925,4;2722;32;31,7;7,4;32,9;30,2;8,9;7,2;13,4;26;22;22;78;6,7;2,5;
2024-09-08;1600;null;924,3;1016;925,4;924,3;2734,1;34;32,8;7,9;33,3;31,4;8,7;7,2;13,5;23;21;21;90;7,4;2,2;
2024-09-08;1700;null;923,2;1014,5;924,3;923,2;2571;35;33,6;7,2;33,7;32,2;8,2;6,6;13,4;22;19;19;112;6,9;2,1;
2024-09-08;1800;null;922,6;1013,7;923,2;922,5;2056,1;36;34;4;34,2;33,1;7,3;3,9;13,3;20;15;15;86;8;2,5;
2024-09-08;1900;null;922,3;1013,7;922,6;922,3;1443,5;36;32,9;4,9;34;32,9;5,7;3,7;13,1;18;15;17;70;8;2,3;
2024-09-08;2000;null;922,5;1014,5;922,5;922,3;723,7;35;31,2;5,9;33,1;31,2;6,2;4,8;13;21;17;21;91;7,1;1,3;
2024-09-08;2100;null;922,9;1016,5;922,9;922,5;150,7;32;26,5;6,9;31,2;26,5;7,2;5,9;12,9;29;21;29;93;4,1;,8;
2024-09-08;2200;null;923,2;1016,9;923,2;922,9;-3,5;27;26,2;6,8;26,5;24,7;7,5;6,8;12,8;33;29;29;135;2,1;1,1;
2024-09-08;2300;null;923,6;1018,6;923,6;923,2;-3,5;25;22,3;7,2;26,2;22,2;7,2;6,3;12,8;38;29;38;166;2,4;1,4;
2024-09-09;0000;null;923,7;1019,4;923,7;923,5;-3,5;23;20,4;7,7;23,9;20,3;7,9;6,3;12,8;44;33;44;144;2,2;1,2;
2024-09-09;0100;null;923,9;1019,9;923,9;923,7;-3,5;22;19,6;8,2;21;19,6;8,2;7,5;12,8;48;43;48;163;2,5;1,4;
2024-09-09;0200;null;924;1020,3;924,1;923,9;-3,5;21;18,8;9;19,7;18,8;9;8,3;12,7;53;48;53;153;3,4;2;
2024-09-09;0300;null;923,6;1020,2;924;923,6;-3,5;20;17,7;9,3;18,8;17,5;9,5;9;12,7;58;53;58;155;3,2;1,8;
2024-09-09;0400;null;923,5;1020,4;923,6;923,5;-3,5;19;16,7;9,6;17,8;16,5;9,7;9,3;12,7;63;58;63;138;2,9;1,4;
2024-09-09;0500;null;923;1019,7;923,5;922,9;-3,5;18;17,2;9,6;17,4;16,4;9,8;9,3;12,7;63;60;61;145;3,9;2,1;
2024-09-09;0600;null;922,8;1019,4;923,1;922,8;-3,5;18;17,5;9,5;18,8;16,5;9,8;9,2;12,7;63;55;59;145;3,1;2;
2024-09-09;0700;null;922,9;1019;922,9;922,8;-3,5;18;18,9;9,3;18,9;17,1;9,7;9,2;12,6;60;54;54;156;3,3;2,2;
2024-09-09;0800;null;923,3;1019,4;923,3;922,9;-3,5;19;19,2;9,1;19,6;18,8;9,3;9,1;12,6;54;51;52;140;3,5;1,7;
2024-09-09;0900;null;923,9;1019,8;923,9;923,3;-3,5;19;19,7;9,2;19,9;19,2;9,3;9,1;12,6;52;50;51;142;3,6;2,1;
2024-09-09;1000;null;924,3;1020,2;924,3;923,9;103,9;19;20;9,7;20,1;19,2;9,7;9,2;12,8;53;51;52;144;3,7;1,7;
2024-09-09;1100;null;924,8;1019,7;924,8;924,3;652,9;21;22,9;10,4;22,9;20;10,6;9,7;13,3;52;45;45;133;3,2;1,5;
2024-09-09;1200;null;925;1018,8;925;924,8;1411;25;26,5;10,3;26,7;22,9;11;9,9;13,6;45;35;36;67;5,3;2,5;
2024-09-09;1300;null;925;1018,2;925,1;925;2143,6;28;28,4;9,4;28,9;26,4;10,5;9,1;13,7;36;29;30;71;6,3;2,8;
2024-09-09;1400;null;924,6;1017,2;925;924,6;2659,8;31;30,1;7,1;31,1;28,2;9,9;7,1;13,5;31;24;24;53;6,5;3,3;
2024-09-09;1500;null;923,7;1015,7;924,6;923,7;2927,2;32;31,7;6,3;31,9;29,7;8,1;4,7;13,4;25;19;20;97;7,7;2,6;
2024-09-09;1600;null;922,8;1014,8;923,7;922,8;2963,3;34;31,4;5,4;32,2;30,2;7,3;5,3;13,4;22;19;19;104;6,8;2,6;
2024-09-09;1700;null;921,7;1013;922,8;921,7;2790;35;33,2;3,8;33,4;31,1;6,4;2,7;13,5;20;15;16;74;6,1;2,4;
2024-09-09;1800;null;920,9;1012,2;921,7;920,9;2344,5;35;32,9;2,8;33,5;31,9;3,6;1;13,4;17;13;15;58;6,7;2,1;
2024-09-09;1900;null;920,8;1012,2;921;920,6;1685,2;35;32,6;2,4;33,4;31,9;2,9;1,7;13,2;15;14;15;70;6,3;2;
2024-09-09;2000;null;920,8;1012,8;920,8;920,7;888,2;34;30,6;2,8;32,8;30,6;3,2;1,2;13;17;14;17;72;5,6;2;
2024-09-09;2100;null;921,4;1014,5;921,4;920,8;203,3;31;27,5;3,3;30,6;27,5;3,4;2,4;12,9;21;17;21;60;5,6;1,4;
2024-09-09;2200;null;921,9;1015,8;921,9;921,4;-3,5;27;25,2;4;27,5;23,9;4,4;3,4;12,8;28;21;26;144;2,8;1,2;
2024-09-09;2300;null;922,1;1016,4;922,1;921,9;-3,5;24;23,9;4,5;25,1;21,7;4,7;4;12,8;32;26;28;134;2,6;1,1;
2024-09-10;0000;null;922,5;1018,3;922,5;922,1;-3,5;23;19,6;5,8;24,1;19,6;5,8;4;12,8;41;28;41;148;2,8;2,1;
2024-09-10;0100;null;922,6;1018,5;922,6;922,5;-3,5;21;19,3;6,1;20,7;19,2;6,2;5,5;12,8;42;37;42;144;3,6;2,5;
2024-09-10;0200;null;922,8;1019;922,8;922,6;-3,5;20;18,5;6,6;19,3;18,2;6,7;6,1;12,7;46;42;46;145;3,6;1,9;
2024-09-10;0300;null;922,5;1019,2;922,8;922,5;-3,5;19;17;6,9;18,5;17;6,9;6,6;12,7;51;46;51;149;3,1;2,4;
2024-09-10;0400;null;922;1018,9;922,5;922;-3,5;18;16,3;7,1;17,2;16,1;7,2;6,9;12,7;55;51;55;149;3,4;2,5;
2024-09-10;0500;null;921,6;1018,8;922;921,6;-3,5;17;15,3;7,3;16,3;15,3;7,3;7,1;12,7;59;55;59;149;3,5;2,7;
2024-09-10;0600;null;921,5;1018,3;921,6;921,5;-3,5;16;16,5;7,2;17,3;14,6;7,7;6,8;12,7;62;52;54;153;3,7;2,5;
2024-09-10;0700;null;921,6;1017,6;921,6;921,5;-3,5;17;18,8;7,3;18,9;16,4;7,3;6,8;12,6;54;46;47;141;4,5;1,8;
2024-09-10;0800;null;921,9;1018,1;921,9;921,6;-3,5;18;18,4;7,9;19,2;18,3;7,9;7,1;12,6;50;46;50;142;4,2;1,7;
2024-09-10;0900;null;922,3;1018,9;922,3;921,9;-3,5;18;17,3;8,5;18,5;17,1;8,6;7,9;12,6;56;50;56;134;5,3;1,5;
2024-09-10;1000;null;923,1;1019,6;923,1;922,3;130;17;17,8;8,9;17,8;16,8;8,9;8,4;12,9;58;56;56;137;3,1;1,6;
2024-09-10;1100;null;923,4;1018,5;923,4;923,1;788,9;19;21,9;9,4;21,9;17,8;9,6;8,9;13,4;56;44;45;123;4,8;2,1;
2024-09-10;1200;null;923,6;1017,5;923,6;923,4;1599,9;23;25,6;8,4;25,8;21,9;9,5;8,4;13,7;45;34;34;90;5;2,6;
2024-09-10;1300;null;923,4;1016,6;923,7;923,4;2309,3;27;27,6;7,6;28,1;25;8,9;7,2;13,7;35;28;28;53;6,1;2,9;
2024-09-10;1400;null;922,9;1015,4;923,5;922,9;2816,5;30;29,7;5,5;30,3;27,3;8,2;5,4;13,6;29;22;22;31;6,1;3,3;
2024-09-10;1500;null;922,2;1014,2;923;922,2;3074,8;32;31,1;5,5;31,5;29,1;6,5;4,3;13,5;22;19;20;75;6,4;2,8;
2024-09-10;1600;null;921;1012,4;922,2;921;3111,3;33;32,5;4;32,5;30,3;5,8;3,9;13,4;21;16;17;106;6,6;1,7;
2024-09-10;1700;null;920;1011,3;921,1;920;2899,6;35;32,6;,7;33,3;30,9;4;,6;13,5;18;13;13;107;5,1;1,9;
2024-09-10;1800;null;919,2;1010,3;920;919,2;2475,8;35;32,9;-1;33,2;31,5;,8;-1,5;13,4;13;11;11;37;5,9;2,2;
2024-09-10;1900;null;918,9;1010,3;919,2;918,9;1797,2;35;31,9;,2;33;31,8;1;-,8;13,2;14;11;13;26;5,9;2,7;
2024-09-10;2000;null;919;1010,8;919;918,8;971,8;35;30,7;3,5;32,6;30,7;3,6;0;13;18;13;18;65;5,9;1,7;
2024-09-10;2100;null;919,3;1012,4;919,3;919;219,1;32;26,7;3,7;30,7;26,7;5,1;2,6;12,9;23;17;23;220;3,8;,5;
2024-09-10;2200;null;919,7;1013,9;919,7;919,3;-3,5;27;23,7;4,5;26,7;23,7;4,5;3,6;12,8;29;23;29;124;1,8;,8;
2024-09-10;2300;null;920,2;1014,9;920,2;919,7;-3,5;24;22,2;4,6;23,7;22,1;4,8;4;12,8;32;28;32;147;3,7;1,7;
2024-09-11;0000;null;920,7;1015,5;920,7;920,2;-3,5;23;22,2;5,5;22,8;21,9;5,6;4,6;12,8;34;31;34;148;4,3;1,7;
2024-09-11;0100;null;921;1015,7;921,1;920,7;-3,5;23;22,6;6,1;23,1;22,2;6,2;5,6;12,8;34;33;34;147;3;1,7;
2024-09-11;0200;null;921;1015,6;921,1;921;-3,5;23;22,7;6,3;23;22,3;6,4;6,1;12,8;36;34;35;150;3,9;1,8;
2024-09-11;0300;null;921;1016;921,1;921;-3,5;23;21,7;6,9;22,7;21,5;6,9;6,3;12,7;39;35;38;152;3,8;1,7;
2024-09-11;0400;null;920,8;1016;921;920,8;-3,5;22;20,9;7,1;21,9;20,4;7,2;6,8;12,7;42;38;41;156;3,7;2;
2024-09-11;0500;null;920,4;1016;920,8;920,4;-3,5;21;19,6;6,9;21;19,6;7,3;6,9;12,7;44;40;44;150;3,9;1,8;
2024-09-11;0600;null;920,3;1016,7;920,4;920,3;-3,5;20;17,2;7,2;19,6;17,2;7,6;6,6;12,7;52;44;52;146;3,5;1,1;
2024-09-11;0700;null;920,5;1017,1;920,5;920,3;-3,5;17;16,7;7;17,9;15,8;7,8;6,6;12,6;56;50;53;211;2,3;,5;
2024-09-11;0800;null;920,9;1017,6;920,9;920,5;-3,5;16;16,7;7,5;16,9;15,7;7,9;6,9;12,6;57;53;55;36;1,1;,4;
2024-09-11;0900;null;921,4;1019;921,4;920,9;-3,4;15;14,2;7,7;16,7;13,6;8;6,8;12,6;67;54;65;157;3,5;2,1;
2024-09-11;1000;null;922,3;1018,9;922,3;921,4;147,8;16;17,3;7,7;17,3;14,2;8;7,4;12,9;65;53;53;145;3,8;1,8;
2024-09-11;1100;null;923;1017,9;923;922,3;884,1;19;22,5;8;22,5;17,3;8,2;7,6;13,4;53;39;39;133;3,7;1,7;
2024-09-11;1200;null;923,3;1017,1;923,3;923;1712,5;24;25,9;6,8;25,9;22,5;8,1;6,6;13,7;39;30;30;110;5,3;2,6;
2024-09-11;1300;null;923,3;1016,3;923,4;923,3;2422,4;28;28,4;5,9;29,1;25,8;7,4;5,8;13,7;30;24;24;30;8,3;4,6;
2024-09-11;1400;null;922,9;1015,6;923,3;922,9;2945,3;30;29,2;4,4;30,5;27,9;6,6;4,4;13,5;25;20;21;25;8,8;4,4;
2024-09-11;1500;null;922,1;1013,9;922,9;922,1;3182,4;32;31,7;2,5;32,1;29,2;5,8;2,5;13,4;22;16;16;39;9,5;4,1;
2024-09-11;1600;null;921,3;1013;922,1;921,2;3226,5;34;31,9;2,9;32,8;30,6;4,7;1,1;13,4;18;14;16;1;9,5;2,9;
2024-09-11;1700;null;920,3;1011,7;921,3;920,3;3021,4;35;32,3;2,3;33,1;31,3;3,2;1,4;13,4;16;14;15;69;9,7;2,2;
2024-09-11;1800;null;919,6;1010,9;920,3;919,5;2553;36;32,4;2,1;33,6;31,7;3,1;1,5;13,4;15;14;15;55;8,9;3,4;
2024-09-11;1900;null;919,2;1010,5;919,6;919,2;1880,7;36;32,3;1,4;33,3;31,9;2,3;,6;13,2;15;13;14;57;7,2;2,2;
2024-09-11;2000;null;919,5;1011,2;919,5;919,2;1072,9;35;31,2;,5;32,7;31,2;1,7;,3;13;14;13;14;35;6,4;2,5;
2024-09-11;2100;null;919,9;1013;919,9;919,5;266;32;27;2,6;31,2;27;3,3;,6;12,9;21;14;21;154;4,4;,4;
2024-09-11;2200;null;920,6;1014,8;920,6;919,9;-3,4;27;23,8;3,1;27;23,8;3,1;2,5;12,8;26;21;26;143;2;,9;
2024-09-11;2300;null;921,2;1016,2;921,2;920,6;-3,5;24;21,7;4,2;24;21,5;4,4;3,2;12,8;32;26;32;144;3,1;1,7;
2024-09-12;0000;null;921,8;1016,7;921,8;921,2;-3,5;23;22,2;3,3;22,4;21,4;4,2;3,3;12,8;32;29;29;147;3,3;2,2;
2024-09-12;0100;null;922,1;1017,1;922,1;921,7;-3,5;22;21,8;3,5;22,2;20,8;3,7;3,3;12,8;32;29;30;154;3,5;1,9;
2024-09-12;0200;null;922,2;1016,9;922,2;922;-3,5;22;22,8;3,5;22,8;21,7;3,6;3,2;12,8;30;28;28;147;3;1,7;
2024-09-12;0300;null;922,3;1017,4;922,3;922,1;-3,5;22;21,8;3,7;22,8;21,5;3,8;3,4;12,7;31;28;31;203;3,1;,7;
2024-09-12;0400;null;922,1;1017,4;922,3;922,1;-3,5;21;21,1;3,9;22,6;20,7;4,1;3,4;12,7;32;30;32;158;3,9;1,5;
2024-09-12;0500;null;921,7;1017,9;922,1;921,7;-3,5;20;18,3;5,2;21,1;17,2;5,3;3,7;12,7;45;32;42;161;3,1;1,9;
2024-09-12;0600;null;921,6;1018,3;921,7;921,6;-3,5;19;16,8;5,6;18,6;16,3;5,8;5,1;12,7;49;41;48;148;3,5;2,5;
2024-09-12;0700;null;921,8;1019,5;921,8;921,6;-3,5;17;14,2;6,1;16,8;14;6,1;5,6;12,6;58;48;58;162;3,5;2;
2024-09-12;0800;null;922,3;1019,1;922,3;921,8;-3,5;16;16,8;5,5;17,2;14,3;6,3;5,2;12,6;58;46;47;150;3,5;2,1;
2024-09-12;0900;null;922,8;1019,5;922,8;922,3;-3,5;17;17,2;5;17,6;16,2;5,5;5;12,6;49;44;45;151;3,6;1,9;
2024-09-12;1000;null;923,6;1019,8;923,6;922,8;166,8;18;18,8;5,1;18,8;17,2;5,2;4,9;12,9;45;41;41;147;4;2,1;
2024-09-12;1100;null;924,2;1019;924,2;923,6;955,2;20;23,3;5,6;23,3;18,8;5,9;5,1;13,4;41;32;32;113;4;1,6;
2024-09-12;1200;null;924,2;1017,6;924,3;924,1;1789,4;24;27,4;6,2;27,4;22,9;6,2;5,1;13,7;33;26;26;75;5,5;2,5;
2024-09-12;1300;null;923,9;1016,7;924,2;923,9;2496,9;28;29;4,7;29,9;27;6,3;4,5;13,7;26;21;21;46;7,3;3,6;
2024-09-12;1400;null;923,2;1015,5;924;923,2;3013,7;31;30,6;1,6;31,1;28,8;5,5;-,1;13,5;22;14;16;47;6,5;3;
2024-09-12;1500;null;922,4;1014,5;923,2;922,4;3251,7;33;31;1,6;32,1;29,7;2,5;-,7;13,4;16;13;15;72;7,1;3,4;
2024-09-12;1600;null;921,5;1013,1;922,4;921,5;3253,3;33;32,3;2;32,3;30;3,5;1,1;13,4;18;14;15;38;7,7;3,2;
2024-09-12;1700;null;920,2;1011,6;921,5;920,2;3057,9;35;32,4;1,1;33;30,5;2,5;,7;13,5;15;14;14;55;7,8;3,8;
2024-09-12;1800;null;919,4;1011;920,2;919,4;2606,5;35;31,6;-,1;33,2;31,6;2;-,6;13,5;14;12;13;20;8,3;2,7;
2024-09-12;1900;null;919,1;1010,5;919,4;919;1947,7;35;32,1;,2;33,2;31,6;1,9;-,2;13,2;14;12;13;63;7,6;2,9;
2024-09-12;2000;null;919,4;1011,2;919,4;919,1;1058,1;34;31;1,2;32,3;31;1,2;-,1;13;15;13;15;60;6;2;
2024-09-12;2100;null;919,7;1012,8;919,7;919,4;251,9;32;27;3,2;31;27;3,2;1,2;12,9;21;15;21;90;4,6;,7;
2024-09-12;2200;null;920,2;1014,3;920,2;919,7;-3,4;27;24,1;3,7;27;23,8;4,2;3;12,8;27;21;27;162;1,8;,9;
2024-09-12;2300;null;920,6;1014,8;920,6;920,2;-3,5;25;23,8;3,7;24,6;23,4;4;3,4;12,8;28;26;27;136;2,9;1,8;
2024-09-13;0000;null;921,1;1016;921,1;920,6;-3,5;24;22;3,7;24;21,9;3,9;3,4;12,8;30;27;30;147;3,8;1,1;
2024-09-13;0100;null;921,4;1016,2;921,4;921,1;-3,5;23;22,3;3,5;22,6;21,2;3,9;3,4;12,8;31;29;29;144;4,1;1,6;
2024-09-13;0200;null;921,5;1016,3;921,6;921,4;-3,5;22;22,3;4,1;22,4;21,7;4,1;3,6;12,8;31;29;30;153;2,9;1,4;
2024-09-13;0300;null;921,6;1016,9;921,6;921,4;-3,5;22;20,8;4,4;22,3;20,8;4,5;4,1;12,7;34;30;34;145;3,9;1,8;
2024-09-13;0400;null;921,3;1016,4;921,6;921,2;-3,5;21;21,3;4,6;21,4;20,4;4,7;4,5;12,7;35;33;34;145;4;2,4;
2024-09-13;0500;null;921,3;1017,3;921,4;921,3;-3,5;20;18,8;4,7;21,3;18;5,2;4,3;12,7;42;34;40;197;3,9;1,1;
2024-09-13;0600;null;921,2;1018,3;921,3;921,1;-3,5;18;15,5;6,2;19,2;15,4;6,2;4,7;12,7;54;40;54;145;2,9;1,7;
2024-09-13;0700;null;920,8;1018,1;921,2;920,8;-3,5;17;14,8;6,6;16,4;14,2;6,8;6;12,6;60;52;58;160;2,9;1,9;
2024-09-13;0800;null;921,2;1018,5;921,2;920,8;-3,5;16;15;6,8;15,2;14,5;6,9;6,7;12,6;60;58;58;148;3,5;2,2;
2024-09-13;0900;null;921,8;1018,4;921,8;921,2;-3,5;16;17,2;6,6;17,2;14,9;7;6,5;12,6;58;50;50;150;3,7;2;
2024-09-13;1000;null;922,3;1018,1;922,3;921,8;167;18;19,7;6,8;19,7;17,2;6,8;6,5;12,9;50;43;43;147;4;2,1;
2024-09-13;1100;null;922,9;1017,1;922,9;922,3;967,3;21;24,7;8,3;24,7;19,7;8,7;6,7;13,4;43;35;35;104;6,6;2,3;
2024-09-13;1200;null;923,5;1017,1;923,5;922,9;1808,6;25;26,7;8,3;27;24,5;9;8;13,7;35;31;31;66;8,7;3,4;
2024-09-13;1300;null;923,3;1016,1;923,6;923,3;2463,5;28;28,8;8,1;29,4;26,7;8,8;7,7;13,7;31;27;27;60;9,5;4;
2024-09-13;1400;null;922,8;1015,1;923,3;922,8;2932,4;31;30,5;8,3;31,6;28,5;8,7;7,5;13,5;28;23;25;67;10,9;3,6;
2024-09-13;1500;null;921,6;1013,4;922,7;921,6;3148,2;33;31,4;5,8;32,5;30,2;8,5;4,7;13,4;25;19;20;49;8,5;3,9;
2024-09-13;1600;null;920,5;1012;921,6;920,5;3175,8;34;32,1;4,4;32,9;30,8;5,7;3,9;13,4;20;17;18;62;7,8;2,4;
2024-09-13;1700;null;919,6;1010,8;920,5;919,6;2968;35;32,8;2,6;33,5;31,6;5;2;13,4;18;15;15;324;7,8;2,5;
2024-09-13;1800;null;918,9;1009,8;919,7;918,9;2491,1;36;33,7;2,7;34;32,2;3,2;1,6;13,4;15;14;14;86;7;2,1;
2024-09-13;1900;null;918,7;1010;918,9;918,6;1830,8;36;32,3;1,4;33,8;32,3;2,6;,4;13,2;14;13;14;66;5,4;1,9;
2024-09-13;2000;null;918,8;1010,4;918,8;918,7;1029,1;35;31,4;1,5;32,5;31,4;2,1;1;13;15;14;15;70;6,3;1,7;
2024-09-13;2100;null;919,2;1011,9;919,2;918,8;255,7;32;28,1;3,4;31,4;28,1;3,9;1,4;12,9;21;15;21;73;5;,7;
2024-09-13;2200;null;919,6;1013,4;919,6;919,2;-3,4;28;24,8;4,9;28,1;24,7;5,5;3,4;12,8;29;21;28;130;2,2;,7;
2024-09-13;2300;null;920,1;1014,3;920,1;919,6;-3,5;26;23,7;5,7;25,4;23,7;5,7;4,8;12,8;31;28;31;137;4,1;1,1;
2024-09-14;0000;null;920,6;1014,8;920,6;920,1;-3,5;25;23,8;6;24,4;23,1;6;5,6;12,8;32;30;32;120;4,1;1,7;
2024-09-14;0100;null;921;1015,4;921;920,6;-3,5;24;23,5;5,9;24,1;22,9;6;5,7;12,8;33;31;32;140;5,1;1,9;
2024-09-14;0200;null;921;1015,5;921,1;921;-3,5;24;23,2;5,9;23,9;22,9;6,1;5,7;12,8;33;31;33;142;3,5;1,8;
2024-09-14;0300;null;920,6;1015,5;921;920,6;-3,5;23;21,8;6,2;23,2;21,8;6,4;5,9;12,7;36;33;36;141;4;2,4;
2024-09-14;0400;null;920,4;1015,3;920,6;920,4;-3,5;22;21,7;6,5;22,3;21,7;6,5;6,2;12,7;37;36;37;145;4;1,6;
2024-09-14;0500;null;920,3;1015,3;920,4;920,1;-3,5;22;21,3;7,1;21,7;20,8;7,1;6,5;12,7;41;37;40;126;5,1;2,9;
2024-09-14;0600;null;920,2;1015,6;920,5;920,2;-3,5;21;20,3;7,1;21,6;20,3;7,3;6,9;12,7;43;39;43;128;5,1;1,5;
2024-09-14;0700;null;920,2;1015,9;920,3;920,2;-3,5;20;19,3;7,1;20,3;19,2;7,2;7;12,6;46;43;45;135;4;1,7;
2024-09-14;0800;null;920,2;1016,2;920,4;920,2;-3,5;19;18,5;7,1;19,5;18,2;7,3;7;12,6;48;45;48;131;4;1,1;
2024-09-14;0900;null;920,3;1016,2;920,5;920,1;-3,5;19;18,7;6,9;19,2;18;7,2;6,8;12,6;49;45;46;122;5,5;1,8;
2024-09-14;1000;null;921;1016,6;921;920,3;167,7;19;19,9;7,3;19,9;18,7;7,3;6,9;12,9;46;44;44;122;5,5;2,2;
2024-09-14;1100;null;921,8;1016,2;921,8;921;887,8;22;23,7;6,8;23,7;19,9;7,3;6,6;13,4;44;34;34;113;6,5;2,4;
2024-09-14;1200;null;922,5;1016,2;922,5;921,8;1600,3;25;25,9;6,4;26,2;23,7;7;6,2;13,6;34;28;29;67;6,5;3,1;
2024-09-14;1300;null;922,6;1015,3;922,7;922,4;2036,8;28;29;6,7;29;25,9;7;5,9;13,7;29;24;24;72;6,4;2,4;
2024-09-14;1400;null;922,2;1014,6;922,6;922,1;2536,5;31;30;5,5;31;28,5;7,1;5,5;13,6;25;21;21;41;6,7;3,2;
2024-09-14;1500;null;921,3;1012,9;922,2;921,3;2651,3;33;32,2;6,2;32,2;29,9;6,8;5,3;13,4;22;20;20;71;7,7;2,1;
2024-09-14;1600;null;920,4;1012,1;921,3;920,4;2442,7;34;31,6;4,5;32,8;31;6,2;4,2;13,5;20;17;18;350;6,2;2,3;
2024-09-14;1700;null;919,6;1011;920,4;919,6;2250,9;35;32,1;4;33,9;31,6;5,4;3,9;13,3;18;16;17;286;5,1;2,3;
2024-09-14;1800;null;919,1;1010,5;919,6;919;1823,5;35;32,1;4,2;33,4;31,9;4,9;3,5;13,1;18;15;17;128;4,7;1,6;
2024-09-14;1900;null;918,9;1010;919,1;918,9;1144,3;35;32,8;4,5;33,3;32;5,5;4;13;19;16;17;98;3,1;1,2;
2024-09-14;2000;null;919;1010,4;919;918,9;717,9;34;31,9;5,6;32,7;31,8;6,1;4,4;13;20;17;19;177;3,5;,7;
2024-09-14;2100;null;919,5;1012,2;919,5;919;152,3;32;28,2;6,3;31,9;28,2;7,2;5,2;12,9;25;19;25;252;1,6;,3;
2024-09-14;2200;null;920,1;1013,7;920,1;919,5;-3,5;28;25,6;7,5;28,2;25,6;7,5;6,3;12,8;32;25;32;161;2,8;1,1;
2024-09-14;2300;null;920,5;1014,3;920,5;920,1;-3,5;26;25,1;7,4;25,6;23,2;8,2;7,3;12,8;38;32;32;130;3;1,2;
2024-09-15;0000;null;921,1;1015,3;921,1;920,5;-3,5;25;23,9;7,3;25,1;23,5;7,5;7,1;12,8;35;32;35;141;2,7;1;
2024-09-15;0100;null;921,4;1016,2;921,4;921,1;-3,5;24;22,3;7,9;23,9;21,6;8,4;7,2;12,8;42;35;40;157;2,6;1,3;
2024-09-15;0200;null;921,4;1016,5;921,5;921,4;-3,5;22;21,3;8,3;22,5;21;8,4;7,7;12,8;44;39;43;148;2,5;1,8;
2024-09-15;0300;null;921,2;1016,2;921,4;921,2;-3,2;23;21,5;8,2;22,6;20,9;8,4;7,9;12,7;45;39;42;146;3;1,5;
2024-09-15;0400;null;921,2;1017,1;921,3;921,2;-3,5;22;19,1;8,6;22,1;19,1;8,6;7,6;12,7;50;40;50;35;2,3;,6;
2024-09-15;0500;null;920,8;1017,1;921,2;920,8;-3,5;20;17,8;9,2;20;17,8;9,3;8,5;12,7;57;48;57;138;2;1,2;
2024-09-15;0600;null;920,4;1016,9;920,8;920,4;-3,5;19;17,1;9,2;18,4;16,7;9,5;9,1;12,7;62;55;60;147;2,9;1,8;
2024-09-15;0700;null;920,4;1017,3;920,4;920,3;-3,5;18;15,9;9;17,2;15,9;9,2;8,9;12,6;63;59;63;143;2,7;1,5;
2024-09-15;0800;null;920,6;1017,4;920,6;920,3;-3,5;17;16,3;8,6;16,3;14,9;9,1;8,6;12,6;68;60;60;152;3,7;2,6;
2024-09-15;0900;null;921,1;1017,6;921,1;920,6;-3,1;17;17,3;8;18,2;16,3;8,6;7,8;12,6;60;51;54;138;3,8;2;
2024-09-15;1000;null;922;1017,8;922;921,1;169,7;18;19,6;7,8;19,6;16,5;8,1;7,6;12,9;57;47;47;160;3;1,8;
2024-09-15;1100;null;922,4;1016,8;922,4;922;782,7;21;23,8;7,9;23,8;19,6;9,1;7,7;13,4;48;36;36;107;4;1,6;
2024-09-15;1200;null;922,6;1016,1;922,6;922,3;1651,7;25;26,7;6,4;26,9;23,8;8;6,4;13,7;37;28;28;84;6,1;2,5;
2024-09-15;1300;null;922,4;1015,1;922,7;922,4;2359,9;28;29,1;5,7;29,9;26,7;7,4;5,7;13,5;28;22;23;65;7,2;3,2;
2024-09-15;1400;null;921,8;1013,6;922,5;921,8;2822,8;31;31,5;5,1;31,6;29,1;6,4;4,6;13,5;23;19;19;64;8;3,2;
2024-09-15;1500;null;921;1012,3;921,8;921;3053,9;33;32,8;5,6;32,8;30,4;5,6;3,1;13,4;20;17;18;39;8,4;3,7;
2024-09-15;1600;null;919,8;1011,2;921;919,8;3080,8;35;32,2;4;33,5;31,6;5,7;3;13,5;18;15;17;57;7,7;2,8;
2024-09-15;1700;null;918,9;1009,7;919,8;918,8;2879,5;35;33,8;3,7;34,1;32,1;4,9;3,2;13,4;17;15;15;56;8,9;3,1;
2024-09-15;1800;null;918,4;1009,2;918,9;918,3;2406,3;36;33,7;4,4;33,9;32,6;4,5;3,1;13,4;17;15;16;45;8,8;2,4;
2024-09-15;1900;null;918,2;1009,5;918,4;918,1;1738,6;36;32,2;3,1;34,1;32,2;4,7;2,8;13,1;17;15;16;40;6,5;3,5;
2024-09-15;2000;null;918,6;1010,2;918,6;918,1;774,2;34;31,2;4,3;32,5;31,2;4,7;2,8;13;18;16;18;88;6,3;1,7;
2024-09-15;2100;null;919,1;1011,8;919,1;918,6;171,3;32;28,1;4,7;31,2;28,1;5,2;4,2;12,9;23;18;23;100;5,4;1,1;
2024-09-15;2200;null;919,6;1013;919,6;919,1;-3,5;28;25,9;5,4;28,1;25,9;5,4;4,7;12,8;27;23;27;81;4,1;1,4;
2024-09-15;2300;null;919,8;1013,1;919,8;919,6;-3,5;27;26,4;5,8;26,5;25,3;6,2;5,4;12,8;29;27;27;73;4,8;2,1;
2024-09-16;0000;null;920,3;1013,8;920,4;919,8;-3,5;26;25,9;5,7;26,6;25,7;6;5,7;12,8;28;27;27;81;6,1;2,1;
2024-09-16;0100;null;920,6;1014,4;920,6;920,3;-3,5;26;25,1;6;26;24,5;6,2;5,6;12,8;30;27;29;132;6,1;1,6;
2024-09-16;0200;null;920,5;1014,6;920,7;920,5;-3,5;25;24;5,9;25,1;23,9;6;5,8;12,8;31;30;31;140;4,2;1,7;
2024-09-16;0300;null;920,6;1015,4;920,6;920,3;-3,5;24;22,1;5,7;24,1;21,8;5,9;5,4;12,7;35;31;35;181;3,8;1,2;
2024-09-16;0400;null;919,9;1015,8;920,6;919,9;-3,5;22;18,6;7,3;22,4;18,3;7,3;5,6;12,7;49;34;48;149;2,3;1,5;
2024-09-16;0500;null;919,4;1015,9;919,9;919,4;-3,5;20;16,6;7,5;18,9;16,6;7,6;7,1;12,7;55;47;55;148;2,8;1;
2024-09-16;0600;null;918,9;1014,9;919,4;918,9;-3,5;19;18,1;7,4;18,3;16,1;7,7;7,3;12,7;56;49;49;143;4,1;1,8;
2024-09-16;0700;null;919,1;1014,3;919,2;918,9;-3,5;19;20,4;6,9;20,5;18;8;6,8;12,6;50;41;42;125;3,7;1,5;
2024-09-16;0800;null;919,2;1015;919,3;919,1;-3,5;19;18,8;7,3;20,4;18,4;7,4;6,8;12,6;48;42;47;130;3,7;,9;
2024-09-16;0900;null;920,4;1016,5;920,4;919,2;-3,2;19;18,1;8;19,8;18,1;8;7;12,6;51;45;51;169;4,5;1;
2024-09-16;1000;null;922,4;1018,4;922,4;920,4;103,6;19;19,2;11,1;19,4;16,6;11,2;7,5;12,7;63;50;59;200;5,1;2,7;
2024-09-16;1100;null;923,4;1019,5;923,4;922,4;592,6;20;19,2;13,9;19,5;18,7;14;11,1;13,2;72;59;71;165;5,7;2,1;
2024-09-16;1200;null;923,7;1018,8;923,7;923,4;1059,1;22;22;13,8;22,1;19,2;14,2;13,6;13,4;71;59;60;145;5,4;1,6;
2024-09-16;1300;null;924,4;1019,3;924,5;923,7;1163,6;23;23;14,1;23;21,5;14,1;12,9;13,9;61;55;57;210;7,3;4,6;
2024-09-16;1400;null;924;1018;924,4;924;2786,7;26;25,6;11,4;25,8;22,9;13,9;11,4;13,6;57;41;41;190;7,1;3,6;
2024-09-16;1500;null;923,5;1017,4;924,1;923,5;1954,2;27;25,6;12,3;26,3;25;12,4;10;13,4;44;38;44;184;6,9;3,5;
2024-09-16;1600;null;922,8;1017;923,5;922,8;929,8;27;24,4;12,4;26;24,4;12,9;10,9;13,1;47;40;47;191;6,8;3,1;
2024-09-16;1700;null;922,5;1016,9;923;922,5;291,4;26;23,7;12,3;24,4;23,5;12,8;12,2;13,1;51;47;49;200;5;2,8;
2024-09-16;1800;null;921,4;1015,6;922,5;921,4;454,5;26;24,2;12,2;24,4;23,7;12,3;11,7;13;49;45;47;58;4,3;,8;
2024-09-16;1900;null;921,5;1015,8;921,5;921,1;229,9;25;23,7;12,7;24,2;23,6;12,7;11,9;13;50;47;50;201;3,9;2,5;
2024-09-16;2000;null;921,7;1016,3;921,8;921,4;210,7;25;23;13,7;23,7;23;13,8;12,7;13;56;50;56;205;5,7;3,7;
2024-09-16;2100;null;922,5;1017,5;922,5;921,7;86,2;24;21,9;14,1;23;21,9;14,2;13,6;12,8;61;56;61;195;5,7;2,5;
2024-09-16;2200;null;922,7;1018,2;922,7;922,4;-1,6;22;20,6;13,9;21,9;20,6;14,2;13,9;12,8;65;61;65;155;3,9;1,4;
2024-09-16;2300;null;923;1018,8;923,1;922,7;-3,5;21;19,8;13,6;20,7;19,8;13,9;13,5;12,8;67;65;67;175;3,7;1,2;
2024-09-17;0000;null;923,2;1019,2;923,3;923;-3,5;21;19,4;13,3;20;19,4;13,6;13,2;12,8;68;66;68;178;3,8;2;
2024-09-17;0100;null;924;1020,3;924;923,2;-3,5;20;18,6;15,2;19,4;18,6;15,5;13,3;12,8;81;68;81;188;4,5;1,8;
2024-09-17;0200;null;923,9;1020,4;924,2;923,9;-3,5;19;18,2;15,5;18,6;18,2;15,7;15,3;12,7;85;81;84;177;5,1;2,3;
2024-09-17;0300;null;923,8;1020,4;923,9;923,8;-3;19;17,7;15,6;18,2;17,6;16,8;15,4;12,7;95;84;88;143;5,9;1,9;
2024-09-17;0400;null;923,3;1020,4;923,8;923,3;-3,5;18;16,3;16,2;17,7;16,3;16,4;15;12,7;99;85;99;159;5,4;,9;
2024-09-17;0500;null;922,5;1019,7;923,3;922,5;-3,5;17;15,6;15,6;16,3;15,5;16,2;15,5;12,7;100;99;100;156;2,9;1,5;
2024-09-17;0600;null;922,2;1019,6;922,5;922,1;-3,5;16;15;15;15,7;15;15,7;15;12,6;100;100;100;163;4;1,5;
2024-09-17;0700;null;921,9;1019,7;922,2;921,9;-3,5;16;13,7;null;15;13,7;null;null;12,6;null;null;null;108;2,8;,7;
2024-09-17;0800;null;922;1020,1;922;921,8;-3,5;15;13;null;13,8;13;null;null;12,6;null;null;null;154;2,1;,9;
2024-09-17;0900;null;922,3;1020,3;922,3;921,9;-1,2;14;13,4;null;13,5;12,9;null;null;12,5;null;null;null;141;2,5;1;
2024-09-17;1000;null;922,6;1020,5;922,6;922,3;185;14;13,6;null;13,6;12,7;null;null;13;null;null;null;153;3;1,5;
2024-09-17;1100;null;923,1;1019,4;923,1;922,6;928,2;16;18,5;14,3;18,6;13,6;null;null;13,5;null;null;77;132;6;2,6;
2024-09-17;1200;null;923,4;1018,2;923,4;923,1;1729;20;23;13,9;23;18,4;14,5;13,4;13,8;77;56;56;106;7,2;2,1;
2024-09-17;1300;null;923,4;1017,8;923,5;923,4;2434,1;24;24;12,4;24,9;23;13,9;12,3;13,8;56;47;48;98;6,1;2,8;
2024-09-17;1400;null;922,7;1016,1;923,4;922,7;2944,6;27;26,9;12,1;27,5;24;13,2;11,8;13,8;49;38;40;125;5,9;2,4;
2024-09-17;1500;null;921,8;1014,7;922,8;921,8;3145,3;29;28,1;10,9;28,6;26,5;12,5;10,5;13,5;40;34;34;134;6,4;1,7;
2024-09-17;1600;null;920,9;1013,1;921,8;920,9;3035,1;31;30,1;10,4;30,9;27,8;11,5;9;13,4;35;27;30;60;5,7;2,3;
2024-09-17;1700;null;920;1012;920,9;920;2744,5;33;30,3;9,4;31,5;28,7;10,2;9,1;13,6;30;26;27;56;5,6;2,4;
2024-09-17;1800;null;919,3;1011;920;919,3;1862;33;31,1;9,4;31,1;29,5;9,7;8,8;13,4;29;26;26;167;5,1;1,6;
2024-09-17;1900;null;918,9;1010,7;919,3;918,9;1627,9;33;30,8;9,2;31,7;30,2;9,5;8,6;13,2;26;25;26;67;4,3;1,9;
2024-09-17;2000;null;918,9;1010,9;918,9;918,8;927,1;33;30,2;9,3;31,3;30,1;9,7;8,6;13;27;25;27;83;3,9;,9;
2024-09-17;2100;null;919,4;1012,5;919,4;918,9;156,6;31;26,8;11,1;30,2;26,8;11,1;9;12,9;38;27;38;138;5,7;1,5;
2024-09-17;2200;null;919,9;1013,5;919,9;919,4;-3;28;25,3;11,6;26,8;25,3;11,7;11,2;12,8;42;38;42;149;4,5;1,8;
2024-09-17;2300;null;920,2;1014,6;920,3;919,9;-3,5;25;23,1;12;25,4;22,9;12;11,6;12,8;50;42;50;118;3,8;,7;
2024-09-18;0000;null;920,8;1015,5;920,8;920,2;-3,5;24;22,5;11,7;23,7;22,3;12,1;11,5;12,8;51;48;51;164;4,8;1,5;
2024-09-18;0100;null;921,4;1016,5;921,4;920,8;-3,5;23;21,5;12,2;22,4;21,2;12,2;11,7;12,8;56;51;55;137;5,4;1,7;
2024-09-18;0200;null;921,8;1017;921,9;921,4;-3,5;22;21,2;12,5;21,8;21;12,6;12,1;12,8;58;55;58;119;6,5;2,9;
2024-09-18;0300;null;922,1;1017,8;922,2;921,8;-3,5;22;19,9;12,4;21,2;19,8;12,5;12,3;12,8;62;58;62;117;6,8;2,7;
2024-09-18;0400;null;921,5;1017,3;922,1;921,5;-3,5;21;19,5;12,3;20;19,4;12,4;12,3;12,7;64;62;63;113;9,8;3,4;
2024-09-18;0500;null;921,5;1017,6;921,6;921,4;-3,5;20;18,5;12,2;19,6;18,5;12,3;12,2;12,7;67;63;67;115;10,1;3,2;
2024-09-18;0600;null;921,3;1017,6;921,6;921,3;-3,5;19;17,8;12,3;18,6;17,8;12,3;12,2;12,7;70;67;70;121;10,1;3,4;
2024-09-18;0700;null;921,2;1017,6;921,3;921,1;-3,5;19;17,5;12,5;17,9;17,3;12,5;12,3;12,7;73;70;73;123;9,5;4;
2024-09-18;0800;null;921,4;1018;921,4;921,2;-3,5;18;17,1;12,6;17,5;17;12,6;12,4;12,6;75;72;75;126;9;3,3;
2024-09-18;0900;null;921,7;1018,3;921,7;921,4;-3,1;18;17;12,8;17,2;17;12,9;12,6;12,6;76;75;76;117;10;2,9;
2024-09-18;1000;null;922,1;1018,4;922,1;921,7;176,6;18;18,1;13,1;18,1;17;13,1;12,8;12,9;76;73;73;107;10,3;3,8;
2024-09-18;1100;null;922,6;1018;922,6;922,1;903,7;20;20,9;13,5;20,9;18,1;13,6;13,1;13,4;73;63;63;97;12,3;4,2;
2024-09-18;1200;null;923,4;1018,2;923,5;922,6;1702,3;22;23;13,6;23,3;20,6;13,9;13,3;13,7;63;55;56;86;10,8;3,4;
2024-09-18;1300;null;923,2;1017,2;923,5;923,2;2383,5;25;25,2;13,5;25,7;22,8;14;13,1;13,7;56;48;48;99;9;3,1;
2024-09-18;1400;null;922,6;1015,8;923,3;922,6;2886,2;28;27,4;13,3;27,8;25;14,2;13;13,7;49;42;42;92;9,8;3,2;
2024-09-18;1500;null;922;1014,6;922,6;922;3133,4;30;29,2;12,8;29,7;27,1;13,8;12,5;13,5;43;36;37;77;8,4;2,8;
2024-09-18;1600;null;921,4;1013;922;921,4;3134,4;32;32,1;13,3;32,1;28,8;13,4;11,9;13,5;37;32;32;69;8;2,4;
2024-09-18;1700;null;920,3;1011,9;921,4;920,3;2340,7;33;31,7;12,2;32,6;29,6;12,9;11,5;13,5;34;30;30;83;5,8;1,4;
2024-09-18;1800;null;919,4;1011;920,3;919,4;2426,5;34;31,6;11,2;32,4;30,3;12,4;10,8;13,4;31;28;29;144;7,7;1,4;
2024-09-18;1900;null;919;1010,5;919,4;918,8;1718,4;35;31,8;10,6;32;30,9;11,4;10,5;13,1;29;27;27;103;4,1;1,1;
2024-09-18;2000;null;918,9;1010,8;919;918,8;830,4;34;30,4;11;32,1;30,4;11,3;10,4;13;31;27;30;113;4,1;1;
2024-09-18;2100;null;919,2;1011,9;919,2;918,9;130,9;31;28,1;12;30,4;27,2;12,7;11,1;12,9;41;30;37;153;3,2;1,2;
2024-09-18;2200;null;919,7;1013,1;919,7;919,2;-2,8;29;26,1;13,4;28,1;26;13,4;12,2;12,8;46;37;45;122;5,4;1,8;
2024-09-18;2300;null;920,6;1014,5;920,6;919,7;-3,5;27;24,8;13,6;26,1;24,7;13,7;13,3;12,8;50;45;50;121;4,9;2;
2024-09-19;0000;null;920,9;1014,9;920,9;920,6;-3,5;26;24,4;13,4;24,9;24,4;13,6;13,4;12,8;51;49;50;123;7,1;2,3;
2024-09-19;0100;null;921,3;1015,6;921,4;920,9;-3,5;25;23,9;13,2;24,5;23,9;13,5;13,2;12,8;51;50;51;125;6,3;2,5;
2024-09-19;0200;null;921,2;1015,7;921,3;921,1;-3,5;24;23,1;13,1;23,9;23,1;13,3;13,1;12,8;54;51;54;109;6,1;1,8;
2024-09-19;0300;null;921,3;1016,2;921,4;921,2;-3,5;24;22,1;13,3;23,3;22,1;13,3;13,1;12,7;57;53;57;117;5;1,8;
2024-09-19;0400;null;920,7;1015,7;921,3;920,7;-3,5;23;21,4;13,5;22,4;21,2;13,6;13,2;12,7;61;57;61;100;4,9;1,2;
2024-09-19;0500;null;920,1;1015,2;920,7;920,1;-3,5;22;20,9;13,7;21,9;20,6;13,8;13,3;12,7;63;59;63;106;6,5;2,1;
2024-09-19;0600;null;919,9;1015,1;920,1;919,9;-3,5;22;20,6;13,7;21;20,5;13,8;13,6;12,7;65;63;65;109;5,7;1,7;
2024-09-19;0700;null;919,8;1015,1;919,9;919,7;-3,5;21;20,4;13,5;20,8;20,4;13,7;13,5;12,7;65;64;64;103;5;2,2;
2024-09-19;0800;null;920;1015,6;920;919,7;-3,5;21;19,6;13,5;20,4;19,5;13,6;13,4;12,6;68;64;68;118;4,8;1,8;
2024-09-19;0900;null;920,4;1016,1;920,4;920;-3,2;20;19,3;13,4;19,8;19,2;13,5;13,3;12,6;69;67;69;138;4,6;1,5;
2024-09-19;1000;null;921,2;1016,8;921,2;920,4;162,2;20;19,9;13,4;19,9;19,2;13,5;13,3;12,8;69;66;66;123;4,8;2,2;
2024-09-19;1100;null;921,9;1016,6;921,9;921,2;780,3;22;22,7;13,6;22,7;19,9;13,7;13,3;13,3;66;56;57;104;5,4;2,4;
2024-09-19;1200;null;922,1;1016,1;922,2;921,9;1542,8;25;24,9;13,3;25,4;22,7;13,7;12,6;13,6;56;46;49;69;7,5;2,8;
2024-09-19;1300;null;922;1015,2;922,2;922;2124,3;28;27,4;12,6;27,7;24,9;13,4;12,1;13,7;49;40;40;48;7,7;3,3;
2024-09-19;1400;null;921,5;1014;922;921,5;2727;30;29,2;11,3;30,3;27,4;12,7;11,1;13,6;40;32;33;43;9,3;2,8;
2024-09-19;1500;null;920,6;1012,4;921,5;920,6;2973,7;32;31,2;11,1;31,9;28,8;12,1;10,4;13,5;34;28;29;2;6,6;2,3;
2024-09-19;1600;null;919,8;1011,2;920,6;919,8;2959,1;34;32,2;10,2;32,8;31;11,7;10;13,5;29;26;26;274;6,1;2,4;
2024-09-19;1700;null;918,7;1009,4;919,8;918,6;2795;36;34,2;10;34,5;32,1;11,2;10;13,4;27;23;23;251;6,1;2,6;
2024-09-19;1800;null;917,9;1008,9;918,7;917,7;2452,1;37;32,9;10,5;35,2;32,9;10,8;9,1;13,3;25;22;25;53;9,8;2,6;
2024-09-19;1900;null;917,3;1008,6;917,9;917,3;1522,9;37;31,7;11;33,6;31,7;11,3;9,8;12,9;28;24;28;45;6,5;3,1;
2024-09-19;2000;null;918;1009,8;918;917,2;268,1;34;30,5;11,3;31,7;30,5;11,8;10,2;13;32;28;31;86;6,3;1,5;
2024-09-19;2100;null;918,4;1014,3;921,6;918;31,7;23;18,3;13,6;30,6;16,8;16,7;10,7;12,8;98;31;74;35;19,4;5,8;
2024-09-19;2200;null;920,5;1015,7;920,5;917,5;10,3;22;20,7;13,1;24,3;18,1;14,2;8,7;12,8;76;37;62;255;11,4;1,3;
2024-09-19;2300;null;920,9;1015,3;921,1;919,8;1,2;22;23,3;10,4;23,4;20;13,6;10,1;12,8;65;42;44;314;10,5;2,4;
2024-09-20;0000;null;920,3;1015;920,9;919,8;-3,5;23;22,2;10,1;24,4;21,7;11,6;9;12,8;52;38;46;5;15,2;8,4;
2024-09-20;0100;null;921,4;1016,4;921,4;920,3;-3,4;23;21,6;11,1;23,8;21,4;11,1;8,9;12,8;52;39;51;150;15,2;1,8;
2024-09-20;0200;null;921;1016,5;921,5;921;-3,4;22;20,1;13,3;22,3;19,6;13,6;10,9;12,7;66;49;65;88;6,3;1,2;
2024-09-20;0300;null;920,5;1016,3;921,1;920,5;-3,4;21;19;13,1;20,6;18,7;14;11,6;12,7;70;57;69;150;3,5;2;
2024-09-20;0400;null;920,1;1015,3;920,5;920,1;-2,9;20;20,8;12,6;20,9;18,3;13,9;12,5;12,7;75;59;60;139;3,5;1,5;
2024-09-20;0500;null;919,7;1014,9;920,1;919,7;-3,5;21;20,7;11,9;21,3;20,5;12,7;11,6;12,7;60;55;57;134;4,1;1,3;
2024-09-20;0600;null;919,3;1014,6;919,8;919,3;-3,5;21;20,1;12;20,9;19,7;12,1;11,6;12,7;62;56;59;150;4;1,2;
2024-09-20;0700;null;919,2;1014,9;919,4;919,1;-3,5;20;19;12,5;20,2;19;12,5;11,6;12,6;66;58;66;134;3,2;1,4;
2024-09-20;0800;null;919,2;1015;919,3;919,2;-3,5;20;18,6;13;19,3;18,6;13;12,3;12,6;70;65;70;139;3,6;1,4;
2024-09-20;0900;null;919,5;1015,3;919,5;919,2;-2,7;19;18,8;13,3;18,9;18,5;13,3;13;12,6;71;70;70;146;2,9;1,4;
2024-09-20;1000;null;919,8;1015,2;919,8;919,5;195,5;19;19,9;13,6;19,9;18,4;13,7;13,2;13;72;66;67;144;3;1,7;
2024-09-20;1100;null;920,5;1015;920,5;919,8;895,6;21;23;14,2;23;19,9;14,9;13,5;13,6;67;58;58;124;3,8;1,8;
2024-09-20;1200;null;921;1014,6;921;920,5;1692,9;25;25,9;14,2;25,9;23;15,1;13,7;13,8;59;48;48;68;4,7;1,9;
2024-09-20;1300;null;921;1013,9;921,1;921;2396,1;28;27,8;13,2;28;25,6;14,8;12,9;13,6;50;40;41;40;7,2;3,3;
2024-09-20;1400;null;920,6;1013;921;920,6;2923;30;29,5;12,3;30;27,6;13,8;11,8;13,5;42;34;35;64;7,2;2,4;
2024-09-20;1500;null;920,1;1011,8;920,6;920,1;3167,2;32;31,4;11,8;31,5;29,5;13,4;11,2;13,4;36;29;30;40;5,3;1,5;
2024-09-20;1600;null;919,3;1010,8;920,1;919,3;3203,9;34;31,9;11,2;32,8;30,9;12,9;10,7;13,4;31;27;28;105;5,4;1,5;
2024-09-20;1700;null;918,4;1009,5;919,3;918,4;2988,6;36;32,7;10,6;33,3;31,8;11,6;10,5;13,2;28;26;26;315;6,1;2,8;
2024-09-20;1800;null;917,3;1008,2;918,4;917,3;2205,8;36;33,2;10,8;33,4;32;11,5;10;13,4;27;25;26;236;5,6;1,8;
2024-09-20;1900;null;916,8;1007,7;917,3;916,8;1711,7;36;32,8;10,3;33,5;32,5;11;9,8;13,4;26;24;25;354;4,6;2;
2024-09-20;2000;null;916,8;1008;916,8;916,7;921,5;36;31,9;10,5;33,4;31,8;10,9;9,8;13;27;24;27;46;3,6;1,8;
2024-09-20;2100;null;917;1009,1;917;916,7;193,8;33;29,2;10,6;31,9;29,2;13,5;10,4;12,9;36;27;32;60;3,4;,3;
2024-09-20;2200;null;917,5;1011;917,5;917;-3,4;29;24,9;13,6;29,2;24,9;14,3;10,5;12,8;50;31;50;143;2,2;1,3;
2024-09-20;2300;null;918,2;1012,4;918,2;917,5;-3,5;26;23;13,5;24,9;23;14,4;13,3;12,8;56;50;55;145;3,1;2;
2024-09-21;0000;null;918,7;1012,9;918,7;918,2;-3,5;25;23,4;12,7;24;22,2;13,9;12,3;12,8;59;48;51;143;3,4;2,1;
2024-09-21;0100;null;919,7;1013,7;919,7;918,7;-3;25;24,1;13,4;25,2;22,6;13,9;11,9;12,8;57;43;51;302;4,6;2,5;
2024-09-21;0200;null;919,7;1014,1;919,9;919,6;-3,5;24;23,1;13,6;24,6;22,3;14,3;12,9;12,8;60;49;55;173;3,5;1,4;
2024-09-21;0300;null;919,7;1014,3;919,8;919,3;-3,3;24;22,5;14,5;23,6;21,5;14,5;13,2;12,8;61;53;61;159;9,1;4,4;
2024-09-21;0400;null;919,9;1015,3;919,9;919,5;-3,1;23;20;15,8;22,5;20;15,8;14,5;12,7;77;61;77;129;10;2,6;
2024-09-21;0500;null;919,5;1015;919,9;919,4;-3,5;21;19,8;15,7;20;19,6;15,9;15,6;12,7;78;77;77;186;6,3;1,7;
2024-09-21;0600;null;919,3;1015,1;919,6;919,2;-3,5;21;18,6;15,4;19,8;18,6;15,8;15,2;12,7;82;77;82;30;4,7;,7;
2024-09-21;0700;null;919,3;1015,2;919,3;919,1;-3,5;20;18,5;15,6;18,9;18,2;17,6;15,2;12,7;96;81;83;342;1,4;,6;
2024-09-21;0800;null;919,5;1015,6;919,5;919,3;-2,6;19;17,9;17,6;18,7;17,8;17,7;15,5;12,6;98;83;98;138;2,2;1;
2024-09-21;0900;null;919,8;1015,7;919,8;919,4;-2;19;18,5;15,5;18,7;17,9;17,8;15,3;12,6;99;82;83;147;2,8;1,2;
2024-09-21;1000;null;920,4;1015,8;920,4;919,8;217,2;19;20,3;16;20,3;18,1;16;15;13,2;84;77;77;130;3,3;1,7;
2024-09-21;1100;null;921,1;1015,8;921,1;920,4;551,7;22;22,6;15,6;22,6;20,3;16;15;13,2;76;63;65;112;4,8;1,5;
2024-09-21;1200;null;921,5;1014,8;921,5;921,1;1480,6;25;26,7;14;26,8;22,5;15,6;13,7;13,8;65;45;46;89;6,2;2;
2024-09-21;1300;null;921,4;1014,7;921,7;921,4;1683,2;28;26,7;13,8;28,2;26,4;14,3;12,8;13,6;46;40;45;50;6,2;2,5;
2024-09-21;1400;null;921,1;1013,3;921,4;921,1;2470,8;30;30,2;12,1;30,2;26,7;14,4;12,1;13,5;46;33;33;290;6,5;1,6;
2024-09-21;1500;null;920,5;1012,6;921,1;920,4;2716,5;32;30,3;11,2;30,9;29,3;12;10,5;13,6;33;30;31;340;9;3,3;
2024-09-21;1600;null;919,5;1011,2;920,5;919,5;2030,2;33;31,2;11,6;31,2;29,4;11,9;10,7;13,5;32;30;30;350;7,7;2,6;
2024-09-21;1700;null;918,6;1010,5;919,5;918,6;1643,9;33;30,3;11,5;31,7;30;11,7;10,7;13,2;31;28;31;288;7,8;3,9;
2024-09-21;1800;null;917,9;1009,2;918,6;917,9;1848,4;33;32;10,5;32,3;30;12,1;10;13,5;32;27;27;294;7,8;2,6;
2024-09-21;1900;null;917,6;1009,4;917,9;917,6;1095,3;33;30,2;11,3;31,9;30,2;11,4;10,4;13;31;27;31;268;7,1;2,5;
2024-09-21;2000;null;917,5;1009,3;917,6;917,5;811,8;32;30,3;11;30,7;30,1;11,5;10,6;13;31;29;30;259;5;1,7;
2024-09-21;2100;null;917,6;1010,2;917,7;917,5;249,4;31;27,7;12,4;30,3;27,7;12,4;10,9;12,9;39;30;39;273;3,2;1,9;
2024-09-21;2200;null;917,9;1011,7;917,9;917,6;-2,5;28;24,2;13,9;27,7;24,1;13,9;11,9;12,8;53;39;53;31;2,5;1,4;
2024-09-21;2300;null;918,9;1012,9;918,9;917,9;-3,5;26;23,8;14,2;24,2;23,2;15,1;13,8;12,8;59;53;55;149;3,3;,9;
2024-09-22;0000;null;920,2;1014,6;920,2;918,9;-3,5;25;23;14,3;24,3;22,7;14,6;13,5;12,8;59;51;58;150;4,1;1,1;
2024-09-22;0100;null;920,3;1015,2;920,5;920,2;-3,5;24;21,6;13,4;23,1;21,6;14,8;13,4;12,8;62;57;60;129;5,4;2,3;
2024-09-22;0200;null;919,6;1014,5;920,3;919,6;-3,5;23;21,5;12,8;21,9;21,3;13,5;12,7;12,8;61;56;58;129;5,4;1,7;
2024-09-22;0300;null;919,4;1014,9;919,7;919,4;-3,5;22;19,7;13;21,6;19,7;13,2;12,7;12,7;66;57;66;146;4,1;1,1;
2024-09-22;0400;null;919,2;1014,8;919,5;919,2;-3,5;20;19,2;13;19,7;18,3;13,4;13;12,7;72;65;67;152;3,1;1,8;
2024-09-22;0500;null;918,7;1014,4;919,2;918,7;-3,5;20;18,7;13,1;19,3;18,7;13,2;12,9;12,7;70;67;70;143;3,8;1,9;
2024-09-22;0600;null;918,5;1014,2;918,7;918,4;-3,5;20;18,7;13,3;18,7;18,2;13,3;13;12,7;73;70;71;137;3,6;1,7;
2024-09-22;0700;null;918,6;1014,2;918,6;918,4;-3,5;20;19,1;13;19,3;18,4;13,4;12,9;12,6;73;67;68;123;5,3;2,6;
2024-09-22;0800;null;918,8;1014,7;918,8;918,6;-3,5;19;18,3;13,4;19,1;18,2;13,4;13;12,6;73;68;73;135;4,7;2,1;
2024-09-22;0900;null;919,5;1015,5;919,5;918,8;-3;19;18,2;13,7;18,4;18;13,7;13,3;12,6;75;73;75;135;4;1,8;
2024-09-22;1000;null;920,3;1016,1;920,3;919,5;196,1;19;19,1;14,5;19,1;18,2;14,5;13,8;13;76;74;75;133;5,1;2,2;
2024-09-22;1100;null;920,7;1015,7;920,7;920,3;875,2;21;21,4;14,9;21,4;19,1;15;14,4;13,6;75;66;66;127;5,3;2,5;
2024-09-22;1200;null;921,2;1015,1;921,2;920,7;1683,2;24;24,9;14,4;25,3;21,4;15,3;14,4;13,9;67;52;52;78;6,1;2,5;
2024-09-22;1300;null;921,2;1014,5;921,4;921,2;2368,8;27;26,9;14,8;26,9;24,8;15;13,9;13,6;53;46;48;75;7,4;2;
2024-09-22;1400;null;920,8;1013,4;921,2;920,8;2826,4;30;28,7;14,9;28,9;26,8;15,2;13,7;13,5;48;42;43;101;6,5;2,3;
2024-09-22;1500;null;919,7;1011,6;920,8;919,7;3063,7;32;30,7;13,8;30,7;28,2;14,9;13,5;13,5;43;36;36;35;5,8;1,6;
2024-09-22;1600;null;918,6;1010;919,7;918,6;2802,8;33;32;12,7;32,8;29,6;13,8;11,8;13,5;37;29;31;304;5,6;2,5;
2024-09-22;1700;null;917,6;1008,7;918,6;917,6;2055,6;34;32,6;11,9;33,1;30,9;13;11,9;13,4;33;28;28;261;6,3;2,3;
2024-09-22;1800;null;916,8;1008;917,6;916,8;2128,7;35;31,9;11,5;33,8;31,9;12,3;10,7;13,4;29;26;29;4;5,4;1,9;
2024-09-22;1900;null;916,2;1007;916,8;916,2;1549,9;36;32,9;9,7;33,9;31,9;12,2;9,7;13,3;29;24;24;305;5,3;2,9;
2024-09-22;2000;null;916,5;1007,5;916,5;916,2;854,2;35;32,6;10,2;33,1;32,3;10,6;9,6;13;26;24;25;335;5,3;1,3;
2024-09-22;2100;null;916,9;1009;916,9;916,5;153,1;33;29;12,4;32,9;29;13;10,2;12,9;37;25;36;117;3,1;,5;
2024-09-22;2200;null;917,4;1010,2;917,4;916,9;-2,9;30;27,1;13,3;29,4;27,1;13,5;12;12,8;43;34;43;147;1,9;1;
2024-09-22;2300;null;918,1;1011,8;918,1;917,4;-3,5;28;24,6;14,3;27,1;24,6;14,5;13,2;12,8;53;42;53;162;2,5;1,6;
2024-09-23;0000;null;918,7;1013;918,7;918,1;-3,5;26;23;14;25,4;22,9;14,4;13,6;12,8;58;48;57;121;3,5;1,6;
2024-09-23;0100;null;919,1;1013,2;919,1;918,7;-3,5;25;23,8;13,8;25,1;23;14,7;13,4;12,8;58;48;54;82;3,5;,9;
2024-09-23;0200;null;919,2;1013,3;919,2;919,1;-3,5;25;23,8;13,8;24,9;23,6;13,9;13,4;12,8;54;49;54;154;2,8;1,4;
2024-09-23;0300;null;918,9;1013,2;919,2;918,9;-3,5;24;23,1;14,2;24;22,4;14,2;13,7;12,8;59;53;57;150;3,4;1,7;
2024-09-23;0400;null;918,5;1012,8;919;918,5;-3,5;24;23;14;23,6;23;14,2;14;12,7;57;55;57;147;2,9;1,3;
2024-09-23;0500;null;918,4;1012,9;918,5;918,3;-3,5;23;22,2;14;23,1;22,2;14,2;13,9;12,7;60;57;60;151;3,2;1,4;
2024-09-23;0600;null;918,6;1013,3;918,6;918,4;-3,5;23;21,7;13,9;22,5;21,5;14,2;13,9;12,7;63;59;61;144;2,9;1,2;
2024-09-23;0700;null;918,8;1013,3;918,8;918,6;-3,5;23;22,4;13,7;22,5;21,5;14;13,6;12,7;62;57;58;130;3,6;1,3;
2024-09-23;0800;null;919,1;1013,9;919,1;918,8;-3,5;22;21,6;13,7;22,3;21,4;13,7;13,5;12,6;61;58;61;119;3,7;1,5;
2024-09-23;0900;null;919,7;1014,9;919,7;919,1;-2,2;22;20,5;13,6;21,8;20,5;13,7;13,5;12,6;65;60;65;144;3,7;1;
2024-09-23;1000;null;920,4;1015,3;920,4;919,7;211,2;21;21,6;14,2;21,7;20,2;14,2;13,6;12,9;66;62;63;132;2,9;1,2;
2024-09-23;1100;null;920,9;1014,7;920,9;920,4;893,5;24;25,2;14,2;25,4;21,6;14,6;14;13,4;63;50;50;104;5,7;1,8;
2024-09-23;1200;null;920,9;1013,9;921;920,9;1720,4;27;27,7;13,6;27,7;25,2;14,7;13,3;13,6;51;42;42;59;5,3;2,8;
2024-09-23;1300;null;920,7;1013;920,9;920,6;2426,3;30;29,7;12,5;30,2;27,3;14,1;12,5;13,6;43;35;35;69;6,7;2,4;
2024-09-23;1400;null;919,9;1011,5;920,7;919,9;2936,1;32;31,6;11,8;31,7;29,6;13,3;11,1;13,5;36;29;30;49;7,1;3,4;
2024-09-23;1500;null;919,2;1010,7;919,9;919,2;3191,7;34;31,9;10,5;33,1;31,2;12,1;10,2;13,4;31;26;27;348;7,1;2,9;
2024-09-23;1600;null;918,4;1009,3;919,2;918,4;3276,2;36;33,4;8,7;34,5;31,9;10,9;8,6;13,4;27;21;22;291;6,1;2,2;
2024-09-23;1700;null;917,6;1008;918,4;917,6;2900,5;37;34,8;8,3;35,6;32,6;9,6;7;13,3;24;18;20;341;6,1;2,1;
2024-09-23;1800;null;916,9;1007,3;917,6;916,9;2607,7;38;34,6;7,6;35,6;33,9;8,8;7,2;13,4;21;19;19;288;6,8;2,4;
2024-09-23;1900;null;916,6;1007;916,9;916,6;1525,2;37;34,5;7,1;35,2;33,6;7,8;6,1;13,1;20;17;18;220;5,3;1,1;
2024-09-23;2000;null;916,7;1007,5;916,7;916,5;932,5;36;33,1;7,3;34,9;33,1;7,7;6,2;13;21;18;20;195;4,9;1,7;
2024-09-23;2100;null;917,3;1009,4;917,3;916,7;218,5;34;29,4;8,7;33,2;29,4;9;6,7;12,9;28;19;28;199;2,7;1,4;
2024-09-23;2200;null;918;1011,2;918;917,3;-2,6;30;26,1;9,9;29,5;26,1;10,8;8,3;12,8;37;27;36;140;2,2;,7;
2024-09-23;2300;null;918,4;1012,2;918,4;917,9;-3,5;27;24,5;10,3;26,7;24,5;10,3;8,6;12,8;41;32;41;151;2,4;1,2;
2024-09-24;0000;null;918,9;1013,1;918,9;918,3;-3,5;26;23,2;11,7;24,8;23,2;11,7;10,3;12,8;48;41;48;144;2,8;1,5;
2024-09-24;0100;null;919,2;1013,6;919,2;918,9;-3,5;24;22,9;12,1;23,5;22,8;12,1;11,6;12,8;50;48;50;147;2,8;1,5;
2024-09-24;0200;null;919,1;1014;919,3;919,1;-3,5;23;21,3;12,7;22,9;21,3;12,7;12,1;12,8;58;50;58;144;2,2;1,1;
2024-09-24;0300;null;918,8;1013,9;919,1;918,8;-3,5;22;20,6;12,8;21,5;20,6;12,9;12,6;12,7;61;57;61;148;2,9;1,9;
2024-09-24;0400;null;918,6;1013,9;918,8;918,6;-3,5;22;19,9;12,8;20,8;19,9;12,9;12,7;12,7;64;60;64;164;2,9;1,6;
2024-09-24;0500;null;918,7;1013,7;918,7;918,5;-3,5;21;20,9;12,1;21,7;19,8;13;12,1;12,7;64;56;57;108;3,2;1;
2024-09-24;0600;null;918,8;1013,3;918,8;918,6;-3,5;22;22,5;11,5;23,3;20,9;12,2;11,2;12,7;57;47;50;133;3,9;1,9;
2024-09-24;0700;null;919;1013,8;919;918,7;-3,5;22;21,7;11,9;22,5;21,4;12;11,4;12,6;54;50;54;146;3,9;1,2;
2024-09-24;0800;null;919,5;1014,2;919,5;919;-3,5;22;22;12,1;22,2;21,1;12,2;11,8;12,6;55;53;54;139;4,4;1,9;
2024-09-24;0900;null;920,2;1015,3;920,2;919,5;-1,8;22;21,1;12,4;22,2;20,9;12,4;12,1;12,6;58;53;57;134;4,4;1,5;
2024-09-24;1000;null;921;1015,8;921;920,2;217,3;22;22,1;12,6;22,2;21;12,8;12,3;12,9;58;54;55;127;4,4;1,7;
2024-09-24;1100;null;921,4;1015,1;921,4;921;837,8;24;25,6;12,4;25,6;22,1;13,3;12,1;13,4;56;43;44;110;5,3;1,8;
2024-09-24;1200;null;921,7;1014,8;921,8;921,4;1742,2;27;27,6;10,7;28,2;25,6;12,9;10,7;13,6;44;34;35;67;7;3,3;
2024-09-24;1300;null;921,7;1014,2;921,7;921,6;2466,3;30;29,5;10,4;30,6;27,6;11,9;10;13,6;37;30;31;43;8;3,9;
2024-09-24;1400;null;921,2;1012,9;921,7;921,2;2952,1;33;31,9;10,8;32,3;29,5;11,8;10,1;13,4;31;27;27;72;7,1;2,6;
2024-09-24;1500;null;920,4;1011,7;921,2;920,4;3201,3;34;32,9;10,5;33,5;31,5;11,2;9,9;13,4;28;25;25;136;5,7;2,2;
2024-09-24;1600;null;919,3;1010,3;920,4;919,3;3145,5;36;33,4;10,2;34,2;31,6;10,9;9,4;13,4;27;23;24;128;5,1;2;
2024-09-24;1700;null;918,5;1009,1;919,3;918,5;3209,1;37;34,5;9;35;33,2;10,5;8,6;13,3;24;21;21;116;6,2;1,7;
2024-09-24;1800;null;917,7;1008,1;918,5;917,7;2573,1;38;34,9;8,3;35,5;33,8;9,4;7,6;13,5;22;18;20;294;5,5;3,1;
2024-09-24;1900;null;917,5;1008;917,8;917,5;1903,8;38;34,3;6,2;35,2;33,9;8,3;5,9;13,1;20;17;18;124;4,8;1;
2024-09-24;2000;null;917,4;1008,2;917,5;917,4;985,4;37;33,4;8,7;34,5;33,4;8,7;5,9;13;22;17;22;136;3,2;1;
2024-09-24;2100;null;917,6;1009,4;917,6;917,3;227,6;35;30,3;8,7;33,4;30,3;9,3;8,1;12,9;27;21;26;165;3,2;,9;
2024-09-24;2200;null;918,2;1011;918,2;917,6;-2,5;31;27,5;10,1;30,4;27,5;10,1;8,7;12,8;34;26;34;128;1,7;,7;
2024-09-24;2300;null;918,7;1012,3;918,7;918,2;-3,5;28;25,1;11,3;27,5;24,6;11,7;10,2;12,8;45;34;42;149;2,7;1,1;
2024-09-25;0000;null;919,2;1012,7;919,2;918,7;-3,5;26;25,4;10,8;26;24;11,6;10,6;12,8;45;38;40;142;3,9;,9;
2024-09-25;0100;null;919,2;1013;919,2;919,1;-3,5;26;24,6;10,8;25,5;23,9;11,2;10,6;12,8;44;39;42;157;3,1;1,8;
2024-09-25;0200;null;919,3;1013,6;919,3;919,2;-3,5;25;23;10,9;24,7;22,8;11,3;10,8;12,8;48;42;47;147;3,5;1,9;
2024-09-25;0300;null;919;1013,2;919,3;919;-3,5;24;23,5;9,9;23,7;22,7;11;9,9;12,7;46;42;42;152;3,3;1,9;
2024-09-25;0400;null;918,5;1012,6;919;918,5;-3,5;24;23,4;9,6;23,6;22,1;10,4;9,6;12,7;47;41;42;155;3,3;1,8;
2024-09-25;0500;null;918,1;1012,3;918,5;918,1;-3,5;24;23;9,6;23,7;22,8;9,7;9,4;12,7;43;40;43;161;3,8;1,6;
2024-09-25;0600;null;918,1;1012,1;918,1;917,8;-3,5;23;23,8;9,6;23,8;20,6;10,3;9,3;12,7;49;41;41;142;5,2;1,8;
2024-09-25;0700;null;918,4;1012,6;918,4;918,1;-3,5;24;23,1;9,7;24,3;23,1;9,8;9,4;12,7;43;39;43;131;5,2;1,9;
2024-09-25;0800;null;919,1;1013,9;919,2;918,4;-3,5;23;21,7;10,1;23,1;21,6;10,2;9,8;12,6;48;43;48;135;5,7;1,5;
2024-09-25;0900;null;919,8;1014,7;919,8;919,1;-2,1;22;21,5;9,9;22;21,2;10,2;9,7;12,6;49;46;48;141;4,4;1,3;
2024-09-25;1000;null;920,4;1015,2;920,4;919,8;232,3;22;22,1;10;22,1;21,1;10,4;9,7;12,9;49;46;46;117;4,8;1,7;
2024-09-25;1100;null;921;1014,8;921;920,4;983,4;24;25,3;8,8;25,4;22,1;10,3;8,5;13,4;47;35;35;86;6,7;2,7;
2024-09-25;1200;null;920,8;1013,7;921,1;920,8;1818,1;27;28;8,4;28,2;25,3;9,3;7,8;13,6;36;28;29;64;6,2;2,9;
2024-09-25;1300;null;920,6;1012,7;920,9;920,6;2524,3;30;30,2;7,8;30,9;27,9;8,9;7,6;13,6;30;24;25;69;6,8;2,5;
2024-09-25;1400;null;920,3;1011,8;920,6;920,3;3027,1;33;32,2;7,6;32,6;29,8;8,3;6,8;13,4;25;21;22;70;7,1;2,9;
2024-09-25;1500;null;919,5;1010,9;920,3;919,5;3287,6;35;32,3;6,1;33,7;31,6;8,4;5,8;13,4;22;19;20;78;7,1;3;
2024-09-25;1600;null;918,7;1009,6;919,6;918,7;3309,4;36;33,6;5,8;34,3;32,2;7,1;5,5;13,4;20;17;18;43;6,1;2,4;
2024-09-25;1700;null;917,6;1008,3;918,7;917,6;3078,1;37;33,7;5,5;35,1;33,2;6,7;4,8;13,5;18;16;17;115;6,9;2,2;
2024-09-25;1800;null;916,8;1007,1;917,6;916,8;2624,7;37;34,8;4,6;35,1;33,4;6,4;4;13,3;18;15;15;17;5,1;1,9;
2024-09-25;1900;null;916,5;1007;916,8;916,4;1979,7;38;34,1;4,5;35,3;34;5,8;4;13,1;17;15;16;77;9,3;1,7;
2024-09-25;2000;null;916,6;1007,4;916,6;916,5;1025;37;33,1;5,7;34,7;33,1;6,4;4,2;13;19;15;18;110;4;1,5;
2024-09-25;2100;null;916,8;1008,6;916,8;916,6;248,4;34;29,9;7,6;33,1;29,5;8,5;5,6;12,9;26;18;25;65;3,1;,7;
2024-09-25;2200;null;917,3;1009,9;917,3;916,8;-2,7;30;27,8;7,9;29,8;27,5;8,5;7,5;12,8;29;25;29;138;2,3;1,6;
2024-09-25;2300;null;918;1011,7;918;917,3;-3,5;28;24,5;8,2;27,9;24,5;8,6;7,5;12,8;36;28;36;146;4;2;
2024-09-26;0000;null;918,7;1012,2;918,7;918;-3,5;26;25,5;7,8;26,3;24,2;8,7;7,4;12,8;37;30;33;145;4;1,3;
2024-09-26;0100;null;919,1;1013,5;919,1;918,7;-3,5;25;22,8;8,8;25,5;22,4;8,9;7,7;12,8;42;33;41;151;4;2,1;
2024-09-26;0200;null;919,2;1013,9;919,2;919,1;-3,5;24;22;9;23,7;21,5;9;8,4;12,7;45;38;43;145;3,3;1,8;
2024-09-26;0300;null;919,1;1013,3;919,2;919,1;-3,5;23;23,4;7,9;23,6;21,4;8,9;7,9;12,7;45;37;37;147;3,4;1,6;
2024-09-26;0400;null;918,6;1012,8;919,1;918,6;-3,5;23;23,1;7,8;24,4;22,8;8;7,3;12,7;38;34;38;123;2,9;1,2;
2024-09-26;0500;null;918,4;1014;918,6;918,4;-3,5;22;19,1;9,3;23,7;19,1;9,5;7,8;12,7;53;36;53;157;2,7;1,8;
2024-09-26;0600;null;918;1014;918,4;918;-3,5;20;17,7;9,7;19,5;17,7;9,7;9,3;12,7;59;52;59;146;3,2;1,3;
2024-09-26;0700;null;918,2;1013,8;918,2;917,9;-3,5;19;18,9;9,5;18,9;16,6;10;9,5;12,6;64;54;54;159;3,4;2;
2024-09-26;0800;null;918,5;1013,5;918,5;918,2;-3,5;20;20,9;8,7;21,3;18,9;9,4;8,5;12,6;54;44;46;147;3,8;1,7;
2024-09-26;0900;null;918,6;1013,7;918,6;918,4;-1,5;21;20,6;9;20,9;20,2;9,1;8,7;12,6;49;46;47;142;4,4;1,9;
2024-09-26;1000;null;919,3;1014;919,3;918,6;247,3;21;21,9;9;21,9;20,4;9,3;8,9;13;48;44;44;134;4,6;2,1;
2024-09-26;1100;null;919,5;1013;919,6;919,3;1007,2;23;25,5;8,9;25,5;21,9;9,6;8,4;13,4;44;34;35;99;8,4;2,3;
2024-09-26;1200;null;919,9;1012,6;919,9;919,5;1844;27;28,2;8,1;28,9;25,5;9,1;7,9;13,6;35;28;28;73;8,4;2,2;
2024-09-26;1300;null;920,1;1012;920,1;919,9;2548,6;30;30,7;7,9;31,1;27,9;8,7;6,9;13,5;30;23;24;44;6,7;3,2;
2024-09-26;1400;null;919,8;1011,2;920,1;919,8;3033,1;33;32,4;7,6;32,9;30,7;8,3;7;13,4;24;21;22;68;8,6;2,7;
2024-09-26;1500;null;919,1;1010;919,8;919,1;3274,4;35;33,5;6,8;34;32;8,2;6,1;13,4;22;19;19;46;6,5;2,5;
2024-09-26;1600;null;918;1008,5;919,1;918;3280,7;36;34,7;6,9;35,3;32,4;7,5;5,9;13,4;20;17;18;133;6;1,9;
2024-09-26;1700;null;917,3;1007,7;918;917,2;3044,3;37;34,7;6;35,5;33,4;7;5,7;13,3;19;17;17;42;5,8;2,1;
2024-09-26;1800;null;916,5;1006,7;917,3;916,5;2574,2;38;35,2;5;35,7;34,3;6,5;4,6;13,4;18;15;15;359;6,7;1,4;
2024-09-26;1900;null;916;1006,4;916,5;916;1515;38;34,4;6;36,3;34;6,7;4,5;13,1;18;15;17;82;5,1;1;
2024-09-26;2000;null;916;1006,4;916,1;916;974,8;37;34,2;5,9;35,6;34,2;6,5;4,4;13;18;15;17;103;3,6;,7;
2024-09-26;2100;null;916,1;1007,7;916,1;915,9;229,7;35;30,6;7,5;34,2;30,4;8,6;5,7;12,9;25;17;24;55;3,5;1,1;
2024-09-26;2200;null;916,5;1009,1;916,5;916,1;-3,2;31;27,5;8,1;30,6;27,5;8,6;7,5;12,8;30;24;30;133;3,1;1,6;
2024-09-26;2300;null;917;1010,3;917;916,5;-3,5;28;25,5;8,6;28,5;25,4;8,8;7,8;12,8;34;27;34;143;3,1;1,7;
2024-09-27;0000;null;917,6;1010,9;917,6;916,9;-3,5;27;25,7;8,6;26,2;25,3;8,8;8,5;12,8;35;33;34;142;4,4;1,7;
2024-09-27;0100;null;917,9;1011,4;917,9;917,6;-3,5;26;25,2;8,7;26;25,2;8,7;8,5;12,8;35;33;35;129;4,1;1,3;
2024-09-27;0200;null;918,4;1011,9;918,5;917,9;-3,5;26;25,3;8,4;25,6;24,9;8,7;8,4;12,8;36;34;34;150;3,4;1,8;
2024-09-27;0300;null;918,2;1012,1;918,5;918,2;-3,5;25;24;8,9;25,4;23,9;8,9;8,3;12,7;39;34;38;145;3,5;1,7;
2024-09-27;0400;null;918;1012,8;918,2;918;-3,5;24;21,4;10,1;24,2;21;10,1;8,8;12,7;49;38;49;169;3;,3;
2024-09-27;0500;null;917,6;1013,1;918;917,6;-3,5;22;19,1;10,6;21,3;18,8;10,6;9,9;12,7;59;49;58;155;2,4;1;
2024-09-27;0600;null;917,8;1012,5;917,8;917,1;-3,5;20;21,4;11;21,4;18,2;11;10,5;12,7;61;51;51;195;10,3;3,4;
2024-09-27;0700;null;918,2;1013,5;918,2;917,5;-3,3;21;19,8;10,1;24;19,7;10,8;9,3;12,6;54;41;54;316;10,3;1,3;
2024-09-27;0800;null;918,6;1014,5;918,6;918,1;-3,5;20;18,3;10,8;20,4;18,1;11,3;10;12,6;62;52;62;155;2,4;1,5;
2024-09-27;0900;null;919,2;1014,7;919,2;918,6;1,5;19;19,6;10,5;19,6;17,9;11;10,5;12,6;63;56;56;30;2,4;,7;
2024-09-27;1000;null;920,1;1015,5;920,1;919,2;145,5;20;20,1;12,1;20,1;18,8;12,3;10,4;12,8;65;54;60;218;1,9;1,1;
2024-09-27;1100;null;920,5;1014,7;920,5;920,1;693;22;23,8;13,4;23,8;19,1;13,6;11;13,4;64;52;52;152;2,7;,8;
2024-09-27;1200;null;920,3;1013,4;920,6;920,3;1496;26;27,2;12,5;27,3;23,8;13,7;12,5;13,6;52;40;40;156;2,9;1,3;
2024-09-27;1300;null;919,6;1011,5;920,3;919,6;2295;30;30,5;8;31;27;12,9;7,8;13,5;41;24;25;11;7;4,3;
2024-09-27;1400;null;918,9;1010,4;919,6;918,9;2323,6;32;31,8;7;32,7;30;8,8;6,5;13,5;25;21;21;346;8,9;4,2;
2024-09-27;1500;null;918;1009;919;918;3002,6;34;33,1;7,2;33,4;31,7;7,8;6,5;13,4;21;19;20;343;9,1;3,3;
2024-09-27;1600;null;916,7;1007,3;918;916,7;3057,4;36;33,7;6,7;35,2;32,7;7,8;6,4;13,3;20;18;19;313;10,8;3,9;
2024-09-27;1700;null;916;1006,1;916,7;916;2187,2;36;35,4;7;35,4;33;7,4;6,2;13,5;20;17;18;284;8,5;4,2;
2024-09-27;1800;null;915,4;1005,5;916;915,4;2237,6;37;34,9;7,2;35,9;34,2;7,5;6,1;13,5;18;17;18;296;9;4,6;
2024-09-27;1900;null;915,2;1005,6;915,4;915,2;1455,5;36;34,1;8,4;35,3;34;8,5;6,9;13;21;18;21;269;8,8;4,7;
2024-09-27;2000;null;915,4;1006,3;915,4;915,2;504,4;35;32,5;9,3;34;32,5;9,3;8,3;12,9;24;21;24;286;7,6;4,6;
2024-09-27;2100;null;915,9;1007,2;915,9;915,4;73,8;33;31,2;10,5;32,5;31,2;10,5;9,3;12,9;28;24;28;260;7,3;3,3;
2024-09-27;2200;null;916,4;1008;916,5;915,9;-2,7;32;30,4;12;31,2;30,4;12;10,5;12,8;32;28;32;235;9,5;4,8;
2024-09-27;2300;null;917,5;1010,5;917,5;916,4;-3,5;30;26,6;14,9;30,4;26,6;14,9;12;12,8;49;32;49;185;11,4;4,7;
2024-09-28;0000;null;918,1;1011,5;918,1;917,5;-3,5;28;25,6;14,9;26,6;25,6;14,9;14,8;12,8;52;49;52;191;10;4,6;
2024-09-28;0100;null;918,5;1012,1;918,5;918,1;-3,5;27;25;14,7;25,6;24,9;14,9;14,7;12,8;53;52;53;175;9,7;3,7;
2024-09-28;0200;null;918,8;1012,6;918,8;918,5;-3,5;26;24,6;14,9;25;24,5;14,9;14,6;12,8;55;53;55;178;7,7;2,9;
2024-09-28;0300;null;918,8;1012,9;918,9;918,7;-3,5;26;23,7;15;24,6;23,7;15;14,8;12,7;58;55;58;176;5,9;2,4;
2024-09-28;0400;null;918,6;1012,8;918,8;918,6;-3,5;25;23,1;15,3;23,8;23;15,4;15;12,7;62;58;61;180;5,2;2,2;
2024-09-28;0500;null;918,3;1012,9;918,6;918,3;-3,5;24;21,9;15,2;23,1;21,9;15,6;15,2;12,7;65;61;65;118;3,9;1,3;
2024-09-28;0600;null;917,9;1012,5;918,3;917,9;-3,5;23;21,7;15,6;22,1;21,7;15,7;15,2;12,7;69;65;68;143;3,4;,8;
2024-09-28;0700;null;917,8;1012,5;917,9;917,8;-3,4;23;21,4;15,6;21,7;20,9;15,8;15,6;12,6;72;68;69;172;4,8;2,3;
2024-09-28;0800;null;918,5;1013,6;918,5;917,8;-3,3;22;20,4;15,4;21,5;20,3;15,6;15,3;12,6;73;69;73;166;4,8;1,3;
2024-09-28;0900;null;919;1014,6;919;918,5;-1,6;21;19,1;15,2;20,4;19,1;15,4;15,2;12,6;78;73;78;138;2,3;1,2;
2024-09-28;1000;null;919,7;1014,9;919,7;919;190,8;21;20,6;15,7;20,6;18,8;15,8;15,2;12,9;80;74;74;113;3,5;1,5;
2024-09-28;1100;null;920,6;1015;920,6;919,7;776,3;22;23,2;15,6;23,3;20,6;16;15,5;13,3;74;62;62;97;4,2;2;
2024-09-28;1200;null;921;1014,7;921;920,6;1490;25;25,5;15,1;25,6;23,2;15,9;14,9;13,6;63;52;53;104;5,2;2,3;
2024-09-28;1300;null;921;1014,2;921,2;921;1783,7;28;27;15,4;27;25,4;15,5;14,8;13,4;53;48;49;106;6,1;2;
2024-09-28;1400;null;920,6;1012,8;921;920,5;2262,9;30;30;14,2;30,6;26,9;15,6;13,4;13,5;49;36;38;85;6;2,1;
2024-09-28;1500;null;920;1011,8;920,6;920;2493;33;31,1;13,4;31,4;29,8;14,7;12,6;13,5;39;33;34;25;5,3;2,1;
2024-09-28;1600;null;918,9;1010,3;920;918,9;2322,4;34;32;12,6;32,7;30,8;13,5;12,3;13,5;34;30;31;185;5,8;1,2;
2024-09-28;1700;null;918,1;1009,3;918,9;918;1909,9;35;32,2;13,3;33;31,5;13,7;12;13,1;33;29;32;191;4,9;1,8;
2024-09-28;1800;null;918;1010,5;918,2;917,9;1004,6;33;28,3;14,9;32,8;28,2;14,9;12,2;13;44;30;44;17;9,4;4,4;
2024-09-28;1900;null;917,1;1008,9;918,1;917,1;1467,3;32;30;14,5;30,5;27,7;16,4;14,5;13,1;49;39;39;140;8,3;1,3;
2024-09-28;2000;null;917,3;1009,1;917,4;917;863,3;33;30,1;14,4;30,5;30;15;13,4;13;39;35;38;118;2,9;,9;
2024-09-28;2100;null;918,1;1010,7;918,1;917,3;184,9;31;27,8;15;30,1;27,8;15,1;14,3;12,9;46;39;46;160;2,1;,5;
2024-09-28;2200;null;919;1012,3;919;918,1;-2,7;29;26,2;15,3;27,8;26,2;15,3;14,9;12,8;51;46;51;117;3,4;,9;
2024-09-28;2300;null;919,9;1013,6;919,9;919;-3,5;27;25,1;17,1;26,1;25;17,2;15,1;12,8;62;51;61;142;2,9;1,2;
2024-09-29;0000;null;920,7;1014,9;920,7;919,9;-3,5;25;23,8;16,5;25,1;23,1;17;15,8;12,8;66;61;64;173;2,6;1,4;
2024-09-29;0100;null;921,2;1015,9;921,2;920,7;-3,5;24;22,6;13,6;23,9;22,2;16,4;13,2;12,8;68;55;57;161;2,8;,7;
2024-09-29;0200;null;921,3;1016,5;921,3;921,2;-3,5;23;21;13,1;22,6;21;13,4;12,9;12,8;60;56;60;131;3,1;1;
2024-09-29;0300;null;921,2;1017,3;921,4;921,2;-3,5;22;18,5;14,7;21,5;18,2;14,7;13;12,7;79;58;79;134;2;,6;
2024-09-29;0400;null;921;1017,2;921,4;921;-3,5;20;18,1;13,1;19,6;18,1;14,8;13,1;12,7;79;68;73;137;1,9;,8;
2024-09-29;0500;null;920,6;1016,9;921;920,6;-3,5;19;17,6;13,1;18,4;17,2;13,6;13;12,7;77;73;75;154;2,9;1,5;
2024-09-29;0600;null;920,7;1016,7;920,7;920,5;-3,5;19;18,6;14,2;18,6;17,3;14,3;13;12,7;77;74;76;132;4;1,8;
2024-09-29;0700;null;920,9;1017;920,9;920,7;-3,5;19;18,3;14,3;18,9;18,3;14,5;14,1;12,6;77;75;77;143;5;1,9;
2024-09-29;0800;null;921,1;1017,5;921,1;920,8;-3,5;19;17,6;14,5;18,3;17,4;14,6;14,1;12,6;82;77;82;132;3,6;1,4;
2024-09-29;0900;null;921,6;1018,2;921,6;921;-,8;18;17;14,2;17,7;16,9;14,5;14,1;12,6;84;81;84;127;4;1,6;
2024-09-29;1000;null;922,2;1018;922,2;921,6;297,2;19;19,5;14,9;19,6;17;15;14,3;13;84;74;75;109;6,3;2,8;
2024-09-29;1100;null;922,9;1017,9;922,9;922,2;1117,4;21;22,1;15,2;22,1;19,5;15,4;14,9;13,4;75;65;65;109;6,9;3,1;
2024-09-29;1200;null;923,3;1017,3;923,4;922,9;1935,7;24;25,4;15,5;25,4;22,1;15,7;15,1;13,7;65;55;55;94;7;2,6;
2024-09-29;1300;null;923,4;1016,9;923,6;923,3;2634,6;27;26,9;14,9;27,9;25,2;16,1;14,8;13,7;55;46;48;84;8,5;2,3;
2024-09-29;1400;null;922,9;1015,3;923,4;922,9;3104,4;30;30,1;15,2;30,1;26,9;15,7;14,3;13,5;48;40;40;94;7;2,7;
2024-09-29;1500;null;922;1014,3;922,9;922;3368,9;32;30;13,3;30,8;28,8;15,2;13;13,5;41;36;36;101;7,5;2,4;
2024-09-29;1600;null;920,7;1012,5;922;920,7;3397,9;33;31,2;12;32,9;29,6;13,8;11,6;13,4;37;29;31;328;5,9;2,6;
2024-09-29;1700;null;919,7;1011;920,7;919,7;3272,4;35;32,4;11,4;32,7;30,9;12,8;11,4;13,4;31;27;28;35;6,1;1,8;
2024-09-29;1800;null;918,9;1010,2;919,7;918,9;2056,7;35;32,4;10,2;33,2;30,8;12;10,2;13,5;30;25;26;71;5,2;2;
2024-09-29;1900;null;918,7;1010,1;918,9;918,6;1886;35;32;9,7;33,7;31,8;11,2;9,5;13,1;27;24;25;119;4,5;2,1;
2024-09-29;2000;null;918,7;1010,2;918,8;918,5;1006,8;35;31,7;10;32,8;31,6;10,4;9,5;13;27;25;26;106;4,3;1,3;
2024-09-29;2100;null;919,4;1011,6;919,4;918,7;200,8;33;29,7;11,3;31,7;29,7;11,3;10;12,9;32;26;32;101;4,8;1,5;
2024-09-29;2200;null;919,9;1012,7;919,9;919,4;-,6;30;28;12;29,7;27,9;12,1;11,3;12,8;37;32;37;125;4,8;1,1;
2024-09-29;2300;null;920,3;1014;920,4;919,9;-3,5;28;25,2;12,9;28,1;25,2;12,9;12;12,8;46;37;46;138;3,3;,7;
2024-09-30;0000;null;920,8;1014,7;920,8;920,3;-3,5;26;24,7;13;25,8;24,6;13;12,6;12,8;48;44;48;123;3,5;1,2;
2024-09-30;0100;null;921,2;1015,2;921,2;920,8;-3,5;26;24,6;13,1;25,2;23,9;13,2;12,7;12,8;50;46;49;157;3,4;1,6;
2024-09-30;0200;null;921;1015,5;921,2;921;-3,5;25;23;13,3;24,6;23;13,3;13;12,8;54;49;54;153;2,9;1,1;
2024-09-30;0300;null;920,5;1015;921;920,5;-3,5;24;23;13,6;23,4;22,9;13,6;13,3;12,7;56;53;55;116;4,8;1,5;
2024-09-30;0400;null;920,4;1014,8;920,5;920,3;-3,5;24;23,2;13,8;23,5;22,6;13,9;13,5;12,7;57;55;55;113;5,9;2,3;
2024-09-30;0500;null;920,1;1014,6;920,5;920;-3,5;24;22,8;14,1;23,7;22,8;14,1;13,8;12,7;58;54;58;117;9,6;3,2;
2024-09-30;0600;null;919,9;1014,6;920,1;919,8;-3,5;23;22;14,4;22,8;21,9;14,5;14;12,7;62;58;62;121;7,3;2,6;
2024-09-30;0700;null;920,1;1015;920,1;919,8;-3,5;23;21,6;14,7;22;21,4;14,8;14,4;12,7;66;62;65;126;7,1;3;
2024-09-30;0800;null;920,8;1016;920,8;920,1;-3,5;22;21;14,8;21,6;20,9;14,8;14,6;12,6;68;65;68;131;7,1;2,5;
2024-09-30;0900;null;921,7;1017;921,7;920,8;1,1;22;20,9;14,6;21,2;20,8;14,8;14,6;12,6;68;67;67;117;7,7;3;
2024-09-30;1000;null;922,4;1017,4;922,4;921,6;307,7;22;21,9;14,8;21,9;20,6;14,9;14,6;13;69;64;64;113;7,7;2,5;
2024-09-30;1100;null;923,1;1017,4;923,1;922,4;1107;24;24,2;14,3;24,3;21,9;15;14;13,4;64;53;54;90;7,3;3,3;
2024-09-30;1200;null;923,2;1016,9;923,2;923;1940,1;26;26,2;14;26,6;24,3;14,7;13,6;13,7;54;46;47;70;9,2;3,6;
2024-09-30;1300;null;923,2;1016,1;923,3;923,2;2647;29;28,5;13,8;28,5;25,9;14,6;13,6;13,7;48;40;41;66;8,5;3,4;
2024-09-30;1400;null;922,6;1015,1;923,3;922,6;3133,3;30;29,7;12,8;29,8;27,7;14,1;12,4;13,5;42;35;36;96;10;3,2;
2024-09-30;1500;null;921,7;1013,9;922,7;921,7;3414,1;32;30,2;11,7;31,7;29,5;13;11,7;13,5;36;31;32;59;11;3,6;
2024-09-30;1600;null;920,6;1012,3;921,7;920,6;3435,7;33;31,7;10,9;31,9;29,8;12,6;10,8;13,4;34;28;28;63;9,2;2,9;
2024-09-30;1700;null;919,7;1011,1;920,6;919,7;3144,9;35;32,2;9,6;33,1;30,6;11,7;9,4;13,5;30;24;25;73;8,8;1,8;
2024-09-30;1800;null;918,8;1010,4;919,7;918,8;2291,4;35;31,2;9;33,5;30,8;10,5;8,5;13,1;27;23;25;119;6,5;1,2;
2024-09-30;1900;null;918,6;1010;918,8;918,6;2080,4;35;32;9;33,2;31,2;10,5;8,6;13,1;26;23;24;62;5,6;2,5;
2024-09-30;2000;null;918,5;1010,1;918,7;918,4;1097,8;35;31,3;8,9;32,7;31,2;9,1;8,1;13;25;23;25;55;4,9;2;
2024-09-30;2100;null;918,9;1011,3;918,9;918,5;291,1;33;28,7;9,8;31,3;28,7;10;8,8;12,9;31;25;31;66;4,1;1,1;
2024-09-30;2200;null;919,5;1013;919,5;919;-2,3;29;25,6;10,6;28,7;25,6;10,9;9,7;12,8;39;31;39;142;2,4;,7;
2024-09-30;2300;null;919,9;1013,8;919,9;919,5;-3,5;26;24,5;11,4;26,1;24,4;11,4;10,6;12,8;44;38;44;136;2,4;1,2;
2024-10-01;0000;0;920,3;1014,5;920,3;919,9;-3,5;25;23,8;11,3;24,7;23,8;11,5;11,2;12,8;46;43;46;141;2,9;1,1;
2024-10-01;0100;0;920,2;1014,6;920,4;920,2;-3,5;24;23,1;11,2;23,9;23,1;11,5;11,2;12,8;47;45;47;125;3;1,1;
2024-10-01;0200;0;920,1;1014,5;920,3;920,1;-3,5;24;23,2;11,2;23,4;22,9;11,3;11,1;12,8;47;46;47;145;3,9;1,3;
2024-10-01;0300;0;919,5;1014;920,1;919,5;-3,5;23;22,6;11,1;23,3;22,5;11,2;11;12,7;49;46;48;148;3;1,5;
2024-10-01;0400;0;919;1013,3;919,5;919;-3,5;23;23,2;11;23,2;22,4;11,1;10,9;12,7;48;46;46;156;2,9;1,3;
2024-10-01;0500;0;918,5;1013,1;919;918,5;-3,5;23;22;11;23,2;21,7;11;10,7;12,7;50;46;50;128;3,3;1,3;
2024-10-01;0600;0;918,5;1012,9;918,5;918,3;-3,5;22;22,5;10,1;22,7;21,4;10,9;10;12,7;51;45;46;109;7;2,8;
2024-10-01;0700;0;918,9;1013,4;918,9;918,5;-3,5;23;22,4;11;22,7;22,2;11;10;12,7;49;45;48;113;9,3;3,1;
2024-10-01;0800;0;919,3;1014,1;919,3;918,9;-3,5;23;21,6;11,2;22,4;21,6;11,3;10,9;12,6;52;48;52;119;7,5;2,7;
2024-10-01;0900;0;920,4;1015,5;920,4;919,3;1,8;22;21;11,5;21,7;20,9;11,5;11,2;12,6;55;51;55;89;6,1;1,5;
2024-10-01;1000;0;920,9;1015,6;921;920,4;331,1;22;22,4;11,8;22,4;21;12,1;11,4;13;55;51;51;109;5,3;2;
2024-10-01;1100;0;921,4;1015,2;921,5;920,9;1112,7;24;25,2;11,7;25,2;22,1;12,4;11,6;13,4;53;43;43;83;6,8;2;
2024-10-01;1200;0;921,6;1014,8;921,7;921,4;1989,8;27;27,2;11,6;27,4;25;12,4;11;13,7;44;37;38;59;6,8;3,1;
2024-10-01;1300;0;921,3;1013,9;921,7;921,3;2674,5;30;29,1;10,4;29,9;27,2;11,7;10,4;13,6;38;31;31;64;6,8;3,1;
2024-10-01;1400;0;920,4;1012;921,3;920,4;3145,5;32;31,7;10,5;31,8;28,8;11,4;9,6;13,6;33;27;27;66;6,7;2,7;
2024-10-01;1500;0;919,3;1010,4;920,4;919,3;3415,1;34;33;9;33,1;30,8;10,3;7,8;13,5;27;22;23;75;8,9;2,4;
2024-10-01;1600;0;918,1;1009,2;919,3;918,1;3363,4;35;32,7;7,9;33,8;31,9;9,5;7,5;13,5;24;20;22;10;5,9;3;
2024-10-01;1700;0;917;1007,7;918,1;917;2967;36;33,7;7,5;34,5;32,4;8,4;7,2;13,5;22;19;20;335;4,7;2,2;
2024-10-01;1800;0;916;1006,7;917;916;2786,9;37;33,3;6,5;35,1;32,9;8,2;6,5;13,3;21;18;19;65;5,5;2;
2024-10-01;1900;0;915,6;1006,1;916;915,6;2010,3;37;33,7;6,7;35,2;33,3;7,5;5,9;13,1;20;17;19;132;4,9;1,7;
2024-10-01;2000;0;915,8;1006,8;915,8;915,5;942,2;36;32,4;7,4;34,5;32,4;7,7;6,1;12,9;21;18;21;225;4,9;1,4;
2024-10-01;2100;0;916,1;1008,2;916,1;915,8;192,2;33;29;8,2;33;29;8,7;5,4;12,9;27;18;27;39;2,4;,5;
2024-10-01;2200;0;916,7;1009,8;916,7;916,1;-2,4;29;26,1;9,2;29;25,8;9,4;8,2;12,8;35;27;35;182;2,2;,8;
2024-10-01;2300;0;917,7;1011,6;917,7;916,7;-3,5;27;23,9;9,9;26,4;23,8;10,1;9,2;12,8;41;34;41;146;2,8;1;
2024-10-02;0000;0;918,2;1012,1;918,2;917,7;-3,5;25;24,1;10;24,6;23,3;10,2;9,6;12,8;43;39;41;128;2;,9;
2024-10-02;0100;0;918,6;1012,2;918,6;918,2;-3,5;25;24,9;10,1;24,9;23,2;10,4;10;12,8;43;39;39;151;3,5;1,3;
2024-10-02;0200;0;918,7;1012,4;918,7;918,6;-3,5;25;24,8;9,9;25,1;24,1;10,3;9,8;12,8;41;38;39;141;3,1;1,6;
2024-10-02;0300;0;918,3;1012,4;918,7;918,3;-3,5;25;23,3;10,3;24,8;23,3;10,3;9,9;12,7;44;39;44;143;3,8;1,7;
2024-10-02;0400;0;918;1012,2;918,3;918;-3,5;24;22,9;10,6;24;22,8;10,6;10,2;12,7;46;42;46;144;3,8;1,2;
2024-10-02;0500;0;917,3;1011,9;918;917,3;-3,5;24;21,5;11;23,5;21,1;11;10,3;12,7;52;44;51;155;3,2;2,2;
2024-10-02;0600;0;916,7;1011,5;917,3;916,7;-3,5;23;20,8;11,1;22,6;20,2;11,2;10,5;12,7;56;47;54;151;3,2;1,7;
2024-10-02;0700;0;916,7;1012;916,7;916,6;-3,5;21;19,4;11;20,8;19,4;11,2;10,9;12,6;59;54;59;145;3;1,7;
2024-10-02;0800;0;917,1;1013;917,2;916,7;-3,5;20;17,8;11,4;20,2;17,8;11,4;10,9;12,6;66;56;66;137;2,3;1,3;
2024-10-02;0900;0;917,9;1013,8;917,9;917,1;2,3;19;17,9;11,3;18,2;16,5;11,7;11,2;12,6;71;65;65;154;3,1;1,9;
2024-10-02;1000;0;918,5;1013,2;918,5;917,9;304,5;19;21,6;11,5;21,6;16,9;11,5;11,1;13;69;52;52;153;3,3;1,8;
2024-10-02;1100;0;918,9;1012,3;918,9;918,5;1086,1;23;25,7;11,1;25,7;21,7;11,6;11;13,4;53;40;40;124;3,9;2;
2024-10-02;1200;0;918,7;1011;918,9;918,7;1861,9;27;29;9,5;29,3;25,6;11,5;9,3;13,6;40;30;30;77;4,9;2,4;
2024-10-02;1300;0;918,3;1009,9;918,7;918,3;2543,7;31;31,3;9,1;32;28,9;10,4;8,9;13,5;30;25;25;70;5,2;2;
2024-10-02;1400;0;917,8;1008,6;918,3;917,8;3015,1;34;33,7;7,4;34;31,3;10,1;7,4;13,4;26;20;20;63;6,2;2,4;
2024-10-02;1500;0;916,9;1007,3;917,8;916,8;3224,9;36;34,6;5;35,2;32,8;8,2;5;13,3;20;16;16;321;4,8;1,6;
2024-10-02;1600;0;915,9;1006,2;916,9;915,8;3264,9;37;34,6;5,4;36;33,7;6,3;3,8;13,5;17;15;16;148;5,9;3,6;
2024-10-02;1700;0;915,1;1005,1;915,9;915,1;2717,1;38;35,2;4,6;37,2;34,4;6,3;4,2;13,3;17;14;15;46;9,5;2,4;
2024-10-02;1800;0;914,3;1004,1;915,1;914,3;2132,7;38;35,7;4,1;36,1;34,7;5,4;4,1;13,1;16;14;14;198;6,6;1,9;
2024-10-02;1900;0;913,9;1003,5;914,3;913,8;1584,6;38;36,2;3,9;37;35,1;4,9;3,8;13,1;15;13;13;253;8,2;2,3;
2024-10-02;2000;0;913,8;1003,7;913,9;913,8;797,3;37;35,1;4,2;36,3;34,3;4,6;3,7;12,9;15;13;15;294;4,9;,5;
2024-10-02;2100;0;914,7;1006,1;914,7;913,8;148,4;34;30,8;6,4;35,1;30,2;8,3;4,2;12,9;23;15;22;197;3,3;2,4;
2024-10-02;2200;0;915,3;1007,4;915,3;914,7;-2,8;31;28,6;8;30,8;28,3;8,6;6,1;12,8;29;22;27;186;2,8;,7;
2024-10-02;2300;0;915,9;1009,1;915,9;915,3;-3,5;29;25,4;9,2;29,3;25,2;9,4;7;12,8;37;25;36;32;3,3;2,3;
2024-10-03;0000;0;916,6;1010;916,6;915,9;-3,3;27;25,1;9,2;27,1;25,1;9,2;8;12,8;36;31;36;146;3,6;1,7;
2024-10-03;0100;0;916,9;1010,6;916,9;916,6;-3,5;26;24,1;9;25,8;24;9,3;8;12,8;38;32;38;141;2,8;1;
2024-10-03;0200;0;916,9;1010,8;917;916,9;-3,5;25;23,6;9,1;24,2;22,7;9,5;8,9;12,8;43;38;40;147;2,3;1,2;
2024-10-03;0300;0;916,9;1011,1;917,1;916,9;-2,5;24;22,7;9,8;23,8;22,6;10,2;9;12,7;45;39;44;144;2,4;,7;
2024-10-03;0400;0;916,7;1010,9;917,1;916,7;-1,2;24;22,5;10,1;23;22,3;10,6;9,8;12,7;47;44;45;147;2;,5;
2024-10-03;0500;0;916,5;1010,2;916,9;916,5;-3,5;24;24,2;9,1;25,3;22,5;10,4;8,3;12,7;45;34;38;174;6,3;1,7;
2024-10-03;0600;0;916,7;1010,6;916,7;916,2;-3,3;24;23,4;11,3;24,2;21,8;11,3;9,4;12,7;47;38;46;213;6,1;3,2;
2024-10-03;0700;0;917,1;1011,5;917,2;916,6;-2,7;24;22,1;13,7;23,4;22,1;14;11,3;12,6;60;47;59;106;6,1;1,2;
2024-10-03;0800;0;917,4;1012,1;917,4;917;-3,5;23;21,5;14,2;22,1;21,3;14,2;13,6;12,6;63;59;63;189;3;1;
2024-10-03;0900;0;917,9;1012,9;917,9;917,3;-,4;22;20,7;14,1;22;20,4;14,2;13,6;12,6;67;60;66;142;2,3;,9;
2024-10-03;1000;0;918,6;1013,3;918,6;917,9;80;22;21,7;14,5;21,8;20,6;14,5;14;12,7;67;63;63;155;3,7;1,8;
2024-10-03;1100;0;919,3;1013,3;919,3;918,6;331;23;23,9;14,9;23,9;21,7;14,9;14,1;13,1;63;57;57;135;3,7;1,6;
2024-10-03;1200;0;919,5;1012,5;919,5;919,3;648,4;25;27;13,4;27;23,9;14,8;12,8;13,2;57;42;43;100;4,7;1,6;
2024-10-03;1300;0;919,7;1012,1;919,8;919,5;936,7;28;29,2;11,6;29,2;27;12,9;10,5;13,7;43;34;34;90;6,2;1,6;
2024-10-03;1400;0;919,2;1010,7;919,7;919,2;2795,9;31;31,7;10;31,7;29,2;11,9;9,4;13,5;34;26;26;96;5,3;2,4;
2024-10-03;1500;0;918,4;1009,3;919,3;918,4;3084,8;34;33,5;8,8;34,1;31,3;10,2;8,2;13,4;26;21;22;63;6,1;2,5;
2024-10-03;1600;0;917,3;1007,8;918,4;917,3;2911,7;36;34,2;7,6;35;33,4;9,2;6,6;13,3;22;18;19;49;6,1;1,5;
2024-10-03;1700;0;916,4;1006,7;917,3;916,3;2472,8;37;34,7;7;36,3;33,6;8,1;6,6;13,2;20;17;18;83;5;1,8;
2024-10-03;1800;0;916;1006,3;916,4;916;1669,3;38;34,6;7,3;36;34,1;8,4;7;13,1;19;18;19;359;4,6;1,6;
2024-10-03;1900;0;915,8;1006,1;916;915,7;1087,7;37;34,6;7,4;35,2;34;8,3;7;13;20;18;19;279;3,9;1,1;
2024-10-03;2000;0;915,9;1006,3;915,9;915,7;706,1;36;34,2;7,9;34,7;33,9;9,3;7,2;13;22;18;20;119;2,4;1;
2024-10-03;2100;0;916,2;1007,5;916,2;915,8;194;34;31,3;9,1;34,2;31,3;9,7;7,8;12,9;25;20;25;177;4,8;2,2;
2024-10-03;2200;0;916,9;1008,7;916,9;916,2;-2,4;32;30,1;11,4;31,3;30;11,4;9,1;12,8;32;25;32;172;6,6;2,9;
2024-10-03;2300;0;918,2;1011,5;918,2;916,9;-3,5;30;25,9;15,7;30,1;25,9;15,7;11,5;12,8;54;32;54;151;8,7;2,2;
2024-10-04;0000;0;918,7;1012,7;918,7;918,1;-3,5;27;24;15,7;25,9;24;15,8;15,7;12,8;60;54;60;185;6,2;1,4;
2024-10-04;0100;0;919,3;1013,8;919,3;918,7;-3,5;25;22,4;15,7;24;22,4;16;15,5;12,8;66;60;66;195;3,6;,5;
2024-10-04;0200;0;919,2;1014,1;919,3;919,1;-3,5;24;21,3;15,2;22,6;21,3;15,8;15,2;12,7;69;65;68;164;5;,8;
2024-10-04;0300;0;919,2;1014,4;919,3;919,1;-3,5;22;20,5;14,9;21,3;19,7;15,3;14,7;12,7;73;68;70;91;2;,9;
2024-10-04;0400;0;918,7;1014,4;919,2;918,7;-3,5;21;18,9;14,7;20,5;18,9;14,9;14,5;12,7;77;70;77;74;2,3;,9;
2024-10-04;0500;0;918,7;1013,8;918,9;918,5;-3,5;21;20,5;14,4;20,8;18,6;14,9;14,4;12,7;77;67;68;122;3,8;1,1;
2024-10-04;0600;0;918,3;1013,5;918,8;918,3;-3,5;21;20,2;14,8;20,9;19,9;14,8;14,1;12,7;71;67;71;137;4,8;1,7;
2024-10-04;0700;0;918,6;1013,4;918,7;918,3;-3,5;21;21,3;15,2;21,4;20,1;15,2;14,7;12,6;72;68;68;120;7,2;3;
2024-10-04;0800;0;919,1;1014,2;919,1;918,6;-3,5;22;20,6;15,1;21,3;20,6;15,2;15,1;12,6;71;68;71;109;7,8;1,6;
2024-10-04;0900;0;919,7;1015,1;919,7;919;2,3;21;20;15,3;20,7;19,9;15,3;15,1;12,6;75;71;75;100;3,8;1,2;
2024-10-04;1000;0;920,6;1015,7;920,6;919,7;270,1;21;21,1;15,5;21,1;20;15,6;15,3;13;75;71;71;108;5;2;
2024-10-04;1100;0;921,1;1015,6;921,3;920,6;882,2;23;23,2;15,3;23,3;21,1;15,8;15,1;13,3;71;61;61;112;6,1;2,8;
2024-10-04;1200;0;921,2;1014,6;921,3;921,1;1571;26;26,3;15,4;26,3;23,2;15,7;14,6;13,6;62;49;51;71;6,1;2;
2024-10-04;1300;0;921,1;1014;921,2;921,1;2288;28;27,9;13,9;28,3;26,3;15,4;13,5;13,6;51;41;42;81;7;2,7;
2024-10-04;1400;0;920,7;1012,9;921,2;920,7;2404,2;31;30,1;13,6;30,1;27,8;14,2;12,7;13,7;43;36;37;54;7,1;2,8;
2024-10-04;1500;0;919,9;1011,7;920,8;919,9;2842,2;33;30,9;11,7;32,5;29,1;13,2;11,2;13,5;36;29;31;32;6,6;3,5;
2024-10-04;1600;0;919,1;1010,4;920;919,1;2896,4;34;32,3;11,3;32,8;30,9;12,4;10,8;13,4;31;27;28;340;7,3;1,9;
2024-10-04;1700;0;918,1;1009,1;919,1;918,1;2650,4;36;32,9;11,2;33,8;31,9;11,7;10,6;13,5;28;25;27;94;6,2;1,4;
2024-10-04;1800;0;917,3;1008;918,1;917,3;2087,1;36;33,8;11;35;32,9;11,7;10,8;13,4;27;24;25;298;6,1;2,6;
2024-10-04;1900;0;917;1007,8;917,3;917;1453,7;36;33,4;11,9;34,4;32,9;12;10,8;13,1;28;25;27;192;5,8;2,7;
2024-10-04;2000;0;917,4;1009;917,4;917;812,2;34;30,8;13,7;33,8;30,8;13,7;11,3;13;35;26;35;186;9;5,2;
2024-10-04;2100;0;918,1;1010,7;918,1;917,4;236,4;31;27,9;14,2;30,8;27,9;14,2;13,8;12,9;43;35;43;178;9,9;4,2;
2024-10-04;2200;0;918,9;1012,3;918,9;918,1;,2;29;25,6;15;27,9;25,6;15;14,2;12,8;52;43;52;112;9,6;2;
2024-10-04;2300;0;919,9;1014,1;919,9;918,9;-3,5;27;23,7;14,7;25,6;23,7;15;14,7;12,8;57;52;57;164;7,8;3,4;
2024-10-05;0000;0;920,7;1015,5;920,7;919,9;-3,5;25;22,2;14,5;23,7;22,2;14,7;14,5;12,8;62;57;62;163;7,4;,9;
2024-10-05;0100;0;921,1;1016,2;921,2;920,7;-3,5;24;21,4;14,6;22,2;21,4;14,8;14,5;12,8;65;62;65;171;4,6;2,2;
2024-10-05;0200;0;921,5;1017;921,5;921,1;-3,5;22;20,2;14,6;21,4;20,1;14,6;14,5;12,8;70;65;70;133;3,9;1;
2024-10-05;0300;0;921;1016,7;921,5;920,9;-3,5;21;19,5;14,7;20,2;19,2;14,8;14,4;12,7;75;70;73;137;3,5;1,3;
2024-10-05;0400;0;920,6;1015,8;921;920,5;-3,5;21;20,9;14,7;21,1;19,5;15;14,7;12,7;74;67;67;121;7,3;2,7;
2024-10-05;0500;0;920;1015,3;920,6;920;-3,5;22;20,5;13,9;21;20,5;14,7;13,9;12,7;67;66;66;116;7,6;2,7;
2024-10-05;0600;0;919,7;1015,1;920;919,6;-3,5;21;19,9;13,5;20,6;19,8;13,9;13,5;12,7;67;66;67;110;6,1;2,5;
2024-10-05;0700;0;919,5;1015,1;919,7;919,5;-3,5;21;19,3;13,3;19,9;19,3;13,5;13,3;12,6;68;66;68;111;6,4;2,1;
2024-10-05;0800;0;919,9;1015,6;919,9;919,5;-3,5;20;19,1;13,2;19,6;19,1;13,5;13,2;12,6;69;68;69;115;7,6;2,5;
2024-10-05;0900;0;920,6;1016,7;920,6;919,9;3,6;20;18,2;13,1;19,1;18,2;13,2;13;12,6;72;69;72;114;5;1,9;
2024-10-05;1000;0;921,4;1017,1;921,4;920,6;299,5;20;19,7;13,2;19,8;18,2;13,3;13;13;72;66;66;111;7,6;3,3;
2024-10-05;1100;0;921,9;1016,7;921,9;921,4;1062,2;21;22,4;13,8;22,4;19,7;13,9;13;13,4;66;58;58;110;8,6;3,1;
2024-10-05;1200;0;921,8;1015,9;922;921,8;1890,2;24;24,6;13,5;25,5;22,2;14,3;13,3;13,6;58;49;50;105;8,6;2,8;
2024-10-05;1300;0;921,7;1015,3;921,9;921,6;2593,5;27;26,1;13,8;27,3;24,6;14,8;13,5;13,8;51;45;46;102;9,2;3,4;
2024-10-05;1400;0;921,2;1013,9;921,7;921,1;3091,8;30;28,6;13,3;29,5;26,1;14,7;13,3;13,5;47;38;39;48;8,4;3,5;
2024-10-05;1500;0;920,5;1012,8;921,2;920,5;3401,2;31;29,6;13;30,4;28,4;14,1;12,8;13,5;40;36;36;60;8,4;2,6;
2024-10-05;1600;0;919,5;1011,6;920,5;919,4;3237,7;33;30;12,6;31,8;29,2;13,8;12;13,1;37;32;35;7;5,9;2,3;
2024-10-05;1700;0;918,4;1010;919,5;918,4;2927,4;34;31,2;9,3;33,6;30;13,2;9,3;13,4;34;25;26;173;5,5;1,3;
2024-10-05;1800;0;917,4;1008,4;918,4;917,4;2656,1;35;32,8;8,9;33,6;31,2;10,5;8,6;13,4;26;22;23;20;6;2,3;
2024-10-05;1900;0;917,1;1008,1;917,4;917,1;1885,5;36;32,7;8,6;33,4;32,1;10;8,3;13,1;24;22;23;345;4,9;1,6;
2024-10-05;2000;0;917,1;1008,3;917,2;917,1;894,2;35;32,1;8,2;33,7;31,9;9,2;8,1;13;24;22;23;333;4,2;1,4;
2024-10-05;2100;0;917,6;1009,6;917,6;917,2;313;33;29,6;8,6;32,3;29,6;9,7;8;12,9;27;23;27;220;3,8;2,2;
2024-10-05;2200;0;918,1;1010,5;918,1;917,6;,2;31;28,7;5,7;30;28,6;9,9;5,6;12,8;29;23;23;175;6,3;2,3;
2024-10-05;2300;0;918,9;1012,6;918,9;918,1;-3,5;28;24,9;6,9;28,7;24,9;7,4;5,4;12,8;32;23;32;140;4,4;1,3;
2024-10-06;0000;0;919,7;1013,3;919,7;918,9;-3,5;26;25,3;7,5;25,7;24,1;7,7;6,5;12,8;33;30;32;126;6,1;2;
2024-10-06;0100;0;920;1013,8;920,1;919,7;-3,5;25;24,8;10,8;25,7;24,3;10,9;7,5;12,8;42;32;41;141;6,2;1,5;
2024-10-06;0200;0;919,9;1014,1;920;919,9;-3,5;25;23,6;12;24,8;23,6;12;10,5;12,8;48;41;48;164;5,9;1,2;
2024-10-06;0300;0;919,6;1014,2;920;919,5;-3,5;24;22,2;12,2;23,8;22,1;12,3;11,8;12,7;53;48;53;110;3,1;,7;
2024-10-06;0400;0;919,6;1014,6;919,7;919,5;-3,5;22;21,3;12,8;22,3;20,3;12,8;11,8;12,7;59;53;58;145;5,8;1,7;
2024-10-06;0500;0;919,3;1014,4;919,6;919,2;-3,5;22;20,8;13,7;21,9;20,6;13,7;12,6;12,7;64;56;64;121;6,2;2,3;
2024-10-06;0600;0;919,1;1014,6;919,3;919;-3,5;21;19,6;14;20,8;19,5;14;13,7;12,7;70;64;70;113;5,6;1,9;
2024-10-06;0700;0;919,3;1015,2;919,3;919,1;-3,5;20;18,5;13,8;19,6;18,5;14;13,7;12,6;74;70;74;121;5,4;1,7;
2024-10-06;0800;0;919,9;1016;919,9;919,3;-3,5;19;17,9;13,8;18,6;17,7;14;13,7;12,6;78;74;77;131;4,5;1,1;
2024-10-06;0900;0;920,3;1016,7;920,3;919,9;4,8;18;17,2;13,7;17,8;17;13,9;13,6;12,6;81;77;80;145;2,9;1,4;
2024-10-06;1000;0;920,8;1016,5;920,8;920,3;384,2;19;19,5;14;19,6;17,1;14,3;13,6;13;80;70;71;118;5,9;2,6;
2024-10-06;1100;0;921;1015,7;921;920,7;1236,7;21;22,4;14,4;22,5;19,4;14,8;14;13,4;72;61;61;110;6,9;2,5;
2024-10-06;1200;0;920,9;1014,5;921;920,9;2087,8;25;25,6;15,3;25,6;22,3;15,3;14,3;13,7;61;53;53;117;5,8;2,2;
2024-10-06;1300;0;920,5;1013,1;920,9;920,5;2766,1;28;28,6;14,3;29;25,3;15,2;13,8;13,7;53;41;42;62;5,1;2,2;
2024-10-06;1400;0;920,1;1012,5;920,5;920,1;3208,6;31;29,3;11,9;31,2;28,3;14,6;11,9;13,5;42;34;34;82;5,1;2,5;
2024-10-06;1500;0;919,1;1010,4;920,1;919,1;3457,9;33;32,4;11,6;32,7;29,3;13,7;11,5;13,4;35;28;28;34;5,4;2,3;
2024-10-06;1600;0;917,8;1008,6;919,1;917,8;3468,8;35;33,4;7,6;34,6;31,3;11,8;7,6;13,4;30;20;20;162;5,5;2,1;
2024-10-06;1700;0;916,6;1006,6;917,8;916,6;3173,6;36;35,6;6,4;35,6;33,2;8,7;4,3;13,3;22;14;17;261;5,5;2,4;
2024-10-06;1800;0;915,9;1006;916,7;915,9;2691,3;37;35,3;1,7;36,2;34,5;6,7;,9;13,3;18;11;12;175;7,1;2,7;
2024-10-06;1900;0;915,5;1005,5;915,9;915,4;1920,3;37;35,3;1;35,9;34,8;3;,3;13,1;13;11;12;190;7;2,8;
2024-10-06;2000;0;915,5;1005,7;915,6;915,4;1194,1;36;34,9;-,7;35,7;34,7;1,4;-3,8;13;12;8;10;219;5,7;2,8;
2024-10-06;2100;0;915,9;1007,2;915,9;915,5;371,9;35;31,2;-,7;34,9;31,1;-,3;-1,7;12,9;13;10;13;191;5,8;2,2;
2024-10-06;2200;0;916,5;1009,6;916,5;915,9;1;31;25,9;2,8;31,3;25,9;2,9;-,8;12,8;23;13;22;88;3,8;,6;
2024-10-06;2300;0;917,1;1010,7;917,1;916,5;-3,5;28;24,6;5;28,2;24,2;5,6;2,8;12,8;28;22;28;105;5,4;,7;
2024-10-07;0000;0;917,7;1010,9;917,7;917,1;-3,5;27;26,1;4,9;27,6;23,9;5,7;4,6;12,8;29;23;26;48;5,5;1,1;
2024-10-07;0100;0;918;1011,3;918;917,7;-3,5;26;25,8;4,1;27,3;25,8;5,2;4,1;12,8;26;24;25;68;4,4;,7;
2024-10-07;0200;0;918,2;1011,9;918,2;918;-3,5;25;24,6;5,1;26;23,6;5,2;4;12,8;30;24;28;167;3,1;1,4;
2024-10-07;0300;0;917,8;1012,4;918,2;917,8;-3,5;23;21,7;5,9;24,6;20,3;6,4;4,9;12,7;40;28;36;157;3,2;,9;
2024-10-07;0400;0;917,2;1012,9;917,8;917,2;-3,5;21;18,4;7;21,7;18,4;7,1;5,5;12,7;48;35;47;132;1,7;1;
2024-10-07;0500;0;916,7;1012,8;917,2;916,7;-3,5;20;17;7,4;18,8;17;7,4;7;12,7;53;46;53;156;2,3;1;
2024-10-07;0600;0;916,7;1013;916,8;916,6;-3,5;18;16,6;7,4;17,2;16,5;7,7;7,3;12,7;55;52;54;156;2,8;1,5;
2024-10-07;0700;0;916,5;1012,3;916,7;916,5;-3,5;18;18;7,1;18,6;16,4;7,6;7;12,6;56;48;49;150;2,8;1,7;
2024-10-07;0800;0;916,8;1012,2;916,8;916,4;-3,5;18;19,1;8;19,1;17,6;8;6,9;12,6;50;47;49;154;2,7;1,9;
2024-10-07;0900;0;917,6;1013,1;917,6;916,8;4,1;19;19;10,3;19,9;18,4;10,3;8,2;12,6;57;48;57;159;3,4;1,2;
2024-10-07;1000;0;918,2;1013,1;918,2;917,6;321,7;20;21,1;11,8;21,1;18,9;11,9;10,2;13;59;55;55;117;3,5;1,7;
2024-10-07;1100;0;918,6;1012,3;918,7;918,2;1083,3;23;24,8;12,1;24,8;21,1;12,7;11,7;13,4;55;45;45;113;4,9;2,1;
2024-10-07;1200;0;918,9;1011,7;918,9;918,6;1877,8;26;27,7;11;28;24,7;12,6;10,9;13,6;45;35;35;85;5,1;2,1;
2024-10-07;1300;0;918,6;1010,3;918,9;918,6;2560,7;30;31;11,5;31;27,7;12,1;10,6;13,5;37;30;30;78;5,4;2,2;
2024-10-07;1400;0;918,1;1009,2;918,6;918,1;3009,9;33;32,6;11,3;32,6;30,4;11,8;10,5;13,4;30;27;27;90;5,8;2,3;
2024-10-07;1500;0;917;1007,4;918,1;917;3289,2;35;34,7;8,4;35,2;31,9;11,2;8,1;13,4;27;20;20;299;6,4;3;
2024-10-07;1600;0;915,8;1005,7;917;915,8;3273;36;35,7;5,5;36,2;33,2;8,4;5,5;13,3;21;16;16;8;6,4;2,1;
2024-10-07;1700;0;914,7;1004,7;915,8;914,7;2155,1;37;35,1;5,7;36,7;34,3;6,4;4,5;13,4;18;14;16;318;7,4;1,3;
2024-10-07;1800;0;914;1004,1;914,7;914;1450,2;37;34,7;6,4;35,8;34,6;6,8;4,7;13;18;15;17;310;6,7;3,7;
2024-10-07;1900;0;913,6;1003,6;914;913,6;1179,4;37;34,8;6;35,4;34,4;6,8;5,5;13;18;16;17;353;6,7;1,8;
2024-10-07;2000;0;914;1004,6;914;913,6;397,4;36;33,1;7,5;35,2;33,1;7,9;6;12,9;21;17;20;200;3,9;2,3;
2024-10-07;2100;0;914,5;1005,5;914,5;914;113,7;34;32;8,5;33,1;31,9;8,6;7,5;12,9;24;20;23;190;3,7;2,2;
2024-10-07;2200;0;915,1;1007,1;915,1;914,5;-1,4;32;28,9;9,8;32,1;28,7;9,8;8,4;12,8;31;23;31;139;3,7;,7;
2024-10-07;2300;0;915,8;1008,2;915,8;915,1;-3,5;29;27,8;10,4;28,9;27,4;10,6;9,8;12,8;34;31;34;163;2,6;1,6;
2024-10-08;0000;0;916,6;1009,9;916,6;915,8;-3,5;28;25,4;10,6;28,5;25,3;11,1;9,4;12,8;41;31;40;172;3,1;1;
2024-10-08;0100;0;917;1010,8;917;916,6;-3,5;26;23,8;10,6;26,2;23,6;11,4;10,1;12,8;45;36;44;143;2,3;1,5;
2024-10-08;0200;0;917;1011,2;917,2;917;-3,5;25;22,8;10,3;23,8;22,5;10,7;10,3;12,7;47;43;45;151;2,7;1,1;
2024-10-08;0300;0;917;1011,6;917;916,9;-3,5;24;21,6;10,9;23,1;21,6;10,9;10,2;12,7;51;44;51;150;2,7;2,2;
2024-10-08;0400;0;916,3;1011;917;916,3;-3,5;23;21;11,5;21,6;20,9;11,5;10,9;12,7;55;51;55;156;2,8;1,8;
2024-10-08;0500;0;915,8;1009,9;916,3;915,8;-3,5;22;22,8;11,5;23;20,3;12;11,4;12,7;57;48;49;152;4,1;1,5;
2024-10-08;0600;0;915,5;1009,3;915,8;915,5;-3,5;23;23,5;11,6;23,8;22,3;11,7;11,3;12,7;50;47;47;124;4,6;2,1;
2024-10-08;0700;0;915,7;1009,8;915,7;915,5;-3,5;23;22,7;12;23,6;22,7;12;11,6;12,6;51;47;51;124;5;2,2;
2024-10-08;0800;0;916;1010,4;916,1;915,7;-3,5;23;21,9;12,8;22,7;21,3;12,8;11,9;12,6;57;51;56;127;5;1,7;
2024-10-08;0900;0;916,8;1011,1;916,8;916;5,7;23;22,4;13,2;22,6;21,8;13,2;12,8;12,6;57;55;56;117;7;2,5;
2024-10-08;1000;0;917,9;1012;917,9;916,8;305,5;23;23,2;13,9;23,2;22,4;13,9;13,2;13;57;55;56;127;7;1,9;
2024-10-08;1100;0;918,2;1011,6;918,2;917,9;983,1;25;25,5;14,1;25,6;23,2;14,4;13,8;13,3;56;49;49;109;4,6;2,4;
2024-10-08;1200;0;918,5;1011,1;918,5;918,2;1781,1;28;28,1;14;29,1;25,5;14,7;13,5;13,5;50;40;42;83;6,9;2,8;
2024-10-08;1300;0;918,1;1009,6;918,5;918,1;2257,6;31;31,4;13,4;31,8;28;14,8;13,1;13,5;42;33;33;41;6;2,4;
2024-10-08;1400;0;917,5;1008,2;918,1;917,5;2804,9;34;33,7;11,4;34,1;31,3;13,5;11,4;13,4;34;26;26;334;7,3;2,9;
2024-10-08;1500;0;917,1;1007,1;917,5;917,1;3167,3;36;35,9;9,7;36,8;33,8;11,4;8,4;13,3;26;19;20;319;7,9;3,1;
2024-10-08;1600;0;916,1;1005,9;917,1;916,1;2659,9;38;36,2;7,9;37,4;35,4;10,2;6,9;13,1;21;16;18;286;8,9;3,9;
2024-10-08;1700;0;915,1;1004,3;916,1;915,1;2451,1;38;37,9;4;38,1;35,9;7,9;4;13,3;18;12;12;297;9,4;4,4;
2024-10-08;1800;0;914,5;1003,8;915,1;914,5;2239,3;39;37,4;4,1;38,3;37;4,5;2,8;13,2;13;12;13;303;9,4;3,3;
2024-10-08;1900;0;914,1;1003,4;914,5;914,1;1354,7;39;37,3;3,9;37,7;36,2;5,7;3,8;13;14;13;13;291;6,9;2;
2024-10-08;2000;0;914,2;1003,8;914,2;914;808,2;38;36,3;3,4;37,6;36,3;3,9;3,2;12,9;13;12;13;259;8,5;3,5;
2024-10-08;2100;0;914,6;1005,6;914,6;914,2;181,5;36;31,9;5,4;36,3;31,9;5,4;3,3;12,9;19;13;19;211;5,6;1,7;
2024-10-08;2200;0;915,2;1007,4;915,3;914,6;-2,5;32;28,4;7,1;31,9;28,4;7,1;5;12,8;26;19;26;331;2,3;,9;
2024-10-08;2300;0;916;1008,8;916;915,2;-3,5;29;26,8;7,4;28,4;25,8;7,8;6,6;12,8;31;26;29;69;1,7;,6;
2024-10-09;0000;0;916,6;1010,1;916,7;916;-3,5;27;24,8;8;27,2;23,8;8,7;7,3;12,8;38;29;34;121;4,4;,5;
2024-10-09;0100;0;917;1010,6;917;916,6;-3,5;26;24,6;8,7;26,8;23,6;8,7;7,4;12,8;38;29;36;37;4;3;
2024-10-09;0200;0;917;1010,5;917;916,9;-3,5;25;24,9;9,6;26,6;24,1;10,2;8,5;12,7;40;35;38;20;4;1;
2024-10-09;0300;0;917,1;1010,5;917,1;917;-3,5;25;25,2;10,1;26,4;23,8;10,7;9,7;12,7;43;36;39;312;2,7;1,6;
2024-10-09;0400;0;916,8;1011;917,1;916,7;-3,5;24;22,6;10,3;25,6;22,6;10,9;10,2;12,7;46;38;46;51;2,7;,3;
2024-10-09;0500;0;916,8;1011,3;916,9;916,7;-3,5;23;21,9;11,3;22,6;20,5;11,6;10,4;12,7;56;46;51;160;2,5;1,6;
2024-10-09;0600;0;917,1;1012;917,1;916,8;-3,4;22;20,7;11,7;22,2;20,3;11,7;11,1;12,7;57;50;56;321;3,5;2,2;
2024-10-09;0700;0;917,5;1011,7;917,5;917;-2,7;23;22,9;11,4;23;20,8;12,3;11,3;12,6;56;48;48;308;3,5;1,8;
2024-10-09;0800;0;918,5;1013,5;918,5;917,4;-3,5;22;20,9;11,7;23,2;20,6;11,9;11;12,6;57;48;56;223;3;1;
2024-10-09;0900;0;919,1;1014;919,1;918,5;5,6;21;21,4;13,6;22,2;19,6;13,9;11,8;12,6;63;55;61;295;3,5;1,8;
2024-10-09;1000;0;919,6;1013,7;919,6;919,1;297,8;22;23,8;14,6;23,8;21;14,7;12,9;13;63;55;56;325;2,5;1,3;
2024-10-09;1100;0;919,7;1012,9;919,7;919,6;931,8;25;26,7;15;26,9;23,8;15,5;14,5;13,3;57;48;49;345;2,7;1,4;
2024-10-09;1200;0;919,7;1012;919,8;919,6;1741,7;29;29,4;13,7;29,7;26,6;15,2;13,7;13,5;49;38;38;291;5,8;3,2;
2024-10-09;1300;0;919,4;1011;919,7;919,4;2391,4;31;31,6;12,9;32;29,2;14,1;12,7;13,6;39;32;32;269;7,3;5,1;
2024-10-09;1400;0;919;1010;919,4;918,9;2790,9;33;33,4;13,4;33,4;31,2;13,6;12,3;13,4;33;29;30;252;7,7;2,6;
2024-10-09;1500;0;918,1;1008,9;919;918,1;2397,8;35;33,6;11,2;34,1;32,5;13,4;10,7;13,4;30;25;26;285;6,4;3,2;
2024-10-09;1600;0;917,2;1007,4;918;917,2;3141;36;35,3;11,1;35,9;33,7;11,4;9,6;13,3;26;21;23;229;7,5;3,7;
2024-10-09;1700;0;916,3;1006,2;917,2;916,2;2917,2;38;36;10;36,5;34,5;11,5;9,6;13,3;24;20;21;243;8,3;3,1;
2024-10-09;1800;0;915,7;1005,7;916,3;915,7;2278,7;38;35,5;9,6;36,8;34,9;10,5;8,3;13;21;18;21;268;8,4;2,8;
2024-10-09;1900;0;915,3;1005,7;915,7;915,2;1120,6;37;34,1;10;35,5;34,1;10,8;9,6;13;24;21;23;219;6,7;2,9;
2024-10-09;2000;0;915,3;1005,7;915,3;915,1;814,5;36;33,9;9,2;34,9;33,9;10,3;8,8;12,9;23;21;22;208;6,6;3,5;
2024-10-09;2100;0;916,1;1007,7;916,1;915,3;149,2;34;30,3;13,1;33,9;30,3;13,1;8,7;12,8;35;22;35;186;9,6;5,5;
2024-10-09;2200;0;917;1009,3;917;916;-1,7;31;28,4;13,8;30,3;28,4;13,9;13,1;12,8;41;35;41;182;10,4;5;
2024-10-09;2300;0;917,7;1011;917,7;916,9;-3,2;29;25,6;14,5;28,4;25,6;14,5;13,8;12,8;50;41;50;170;9,6;3,1;
2024-10-10;0000;0;918,6;1012,4;918,6;917,7;-3,5;27;24,5;14,3;25,6;24,5;14,5;14,3;12,8;53;50;53;144;9,7;1,8;
2024-10-10;0100;0;919,4;1013,5;919,5;918,6;-3,4;26;23,7;14,5;24,5;23,7;14,5;14,3;12,8;56;53;56;119;8;1;
2024-10-10;0200;0;919,6;1014,1;919,9;919,4;-3,4;25;22,7;14,5;23,7;22,7;14,6;14,5;12,7;60;56;60;144;5,6;1,7;
2024-10-10;0300;0;919,8;1014,6;919,8;919,4;-3,2;24;21,8;14,8;22,7;21,7;14,8;14,5;12,7;65;60;65;15;5,4;,5;
2024-10-10;0400;0;920,1;1014,9;920,2;919,8;-2,8;24;21,8;14,9;22,2;21,7;15;14,8;12,7;65;63;65;238;3,5;2,5;
2024-10-10;0500;0;920,1;1015;920,1;919,4;-2;23;21,5;14,9;22,2;21,3;15,2;14,8;12,7;67;64;66;311;4,8;2,9;
2024-10-10;0600;0;919,9;1015;920,2;919,9;-2,7;23;20,9;15,5;21,6;20,8;15,5;15;12,7;72;66;71;107;4,8;,7;
2024-10-10;0700;0;920;1015,3;920,2;919,9;-1,9;22;20,4;16,4;21;20,4;16,4;15,5;12,6;78;71;78;135;4,7;1,8;
2024-10-10;0800;0;919,6;1014,7;920,1;919,6;-3,4;22;20,9;15;20,9;20,3;16,8;15;12,6;80;69;69;120;6,5;2,8;
2024-10-10;0900;0;919,9;1015,2;919,9;919,4;3,6;22;20,4;14,8;20,9;20,4;15;14,7;12,6;71;69;70;112;9,9;3,4;
2024-10-10;1000;0;920,5;1015,6;920,5;919,9;203,9;22;21,1;14,9;21,1;20,4;14,9;14,7;12,8;70;68;68;113;7,5;2,6;
2024-10-10;1100;0;920,8;1015,6;920,9;920,5;549,7;23;22,1;15;22,3;21,1;15,2;14,8;13,1;68;63;64;105;9,3;3,3;
2024-10-10;1200;0;920,9;1015,4;920,9;920,7;535,3;24;22,9;15,2;23,2;22,1;15,4;15;13,1;65;61;62;79;9,3;2,3;
2024-10-10;1300;0;920,7;1014,9;921,1;920,7;430,4;24;23,8;15,8;23,8;22,9;15,9;15,3;13,2;63;61;61;96;7,6;2,3;
2024-10-10;1400;0;920,6;1014,3;920,7;920,4;1407,8;26;25,5;16,1;25,9;23,8;16,4;15,4;13,3;61;54;56;55;7,6;2,6;
2024-10-10;1500;0;919,8;1013,4;920,6;919,8;700,2;27;25,5;16,2;25,6;24,8;16,5;15,7;13,4;59;56;57;55;6,1;2,4;
2024-10-10;1600;0;918,6;1011,9;919,8;918,6;1445,2;28;25,9;15,8;27,1;25,4;16,7;15,8;13,3;57;52;54;82;6,6;2,1;
2024-10-10;1700;0;917,5;1010,6;918,6;917,5;942,8;28;26,3;16,6;26,3;25,7;16,6;15,9;13,2;56;54;55;90;5;1,8;
2024-10-10;1800;0;917,4;1010,3;917,5;917,4;911,3;28;26,7;16,9;26,8;26;17;16,3;13,1;56;54;55;85;5,3;2;
2024-10-10;1900;0;917,4;1010,4;917,5;917,4;807,7;29;26,6;16,9;26,7;25,9;17,2;16,5;13,1;57;55;55;80;5,3;1,4;
2024-10-10;2000;0;917,1;1010,4;917,5;917,1;802,5;29;25,6;16,9;27,2;25,6;17,3;16,4;13;59;54;59;101;5;1,2;
2024-10-10;2100;0;917,6;1011,3;917,7;917;86,8;27;24,3;17;25,6;24,3;17;16,8;12,8;64;59;64;67;3,7;1,2;
2024-10-10;2200;,6;919,4;1014,3;919,4;917,5;-3,3;25;21,4;20,6;24,3;21,4;20,6;17;12,8;95;64;95;222;7,2;2,7;
2024-10-10;2300;2,2;920;1015,4;920,3;919,4;-1,9;23;20,1;null;21,4;20,1;20,8;20;12,8;100;95;null;143;4,4;1,1;
2024-10-11;0000;0;920,7;1016,3;920,7;919,9;-1,8;22;19,8;null;20,1;19,8;null;null;12,8;null;null;null;99;3,9;,7;
2024-10-11;0100;0;921,1;1016,6;921,1;920,7;-2,2;21;20;null;20;19,7;null;null;12,7;null;null;null;173;3,2;,7;
2024-10-11;0200;0;920,7;1016,2;921,1;920,7;-2,2;21;20;null;20,1;19,8;null;null;12,7;null;null;null;142;1,7;,9;
2024-10-11;0300;0;920,1;1015,5;920,7;920,1;-2,5;21;20;null;20,1;19,6;null;null;12,7;null;null;null;134;2,8;1,1;
2024-10-11;0400;0;919,1;1014,4;920;919;-2;21;20;null;20,1;19,9;null;null;12,7;null;null;null;116;5,2;1,2;
2024-10-11;0500;0;919,1;1014,4;919,3;919,1;-1,8;21;20,1;null;20,2;20;null;null;12,7;null;null;null;117;3,3;,9;
2024-10-11;0600;,4;918,7;1014,1;919,1;918,7;-2,1;21;19,8;null;20,1;19,8;null;null;12,6;null;null;null;125;3,3;1;
2024-10-11;0700;0;918;1013,3;918,7;918;-2,2;21;19,9;null;19,9;19,8;null;null;12,6;null;null;null;115;3,3;1,6;
2024-10-11;0800;0;918,4;1013,6;918,4;917,9;-2;21;20,1;null;20,2;19,9;null;null;12,6;null;null;null;118;3,9;1,3;
2024-10-11;0900;0;918;1013,2;918,4;918;3,8;21;20;null;20,2;20;null;null;12,6;null;null;null;124;4,7;1,5;
2024-10-11;1000;0;918,6;1013,7;918,6;918;134,4;21;20,5;20,5;20,5;20;null;null;12,8;null;null;100;119;4,4;2;
2024-10-11;1100;0;919;1013,8;919;918,5;545,3;22;21,5;21,3;21,5;20,4;null;null;13,3;100;96;99;104;4,5;1,4;
2024-10-11;1200;0;919,3;1013,6;919,5;919;1186,8;23;23;19,1;23,1;21,5;21,5;18,5;13,5;99;77;79;55;5,4;1,9;
2024-10-11;1300;0;918,9;1012,4;919,4;918,9;2298,2;25;25,3;18,6;25,5;22,6;20;18,4;13,7;80;66;67;82;5,6;1,9;
2024-10-11;1400;0;918,4;1011;918,9;918,4;3151,8;28;27,9;18,3;28,3;25,2;19,7;17,7;13,7;69;56;56;40;7,1;3,5;
2024-10-11;1500;0;917,8;1010,1;918,5;917,7;3194,7;30;28,8;17,4;30,8;27,4;18,7;16,9;13,3;57;46;50;8;8,4;3,7;
2024-10-11;1600;0;916,7;1008,4;917,8;916,7;2295,2;32;30,3;15,6;31,5;28,6;18;15,3;13,5;51;40;41;11;7,8;3,8;
2024-10-11;1700;0;915,4;1006,9;916,7;915,3;1168,5;32;30,6;14,2;31,6;29,8;16;13,3;13;43;34;37;321;7,8;2,4;
2024-10-11;1800;9,6;915,4;1009,5;916,2;915,1;539;28;22,6;19,3;30,6;21,1;21,3;14,2;13;98;37;82;207;8,7;5;
2024-10-11;1900;,2;915,8;1009,4;915,9;915,2;1288,8;26;24,2;18,4;24,2;21,7;23,7;18,2;13,1;100;68;70;33;8,3;2,9;
2024-10-11;2000;0;915,3;1009,2;915,8;915,2;674;26;23;19,2;24,2;23;19,3;17,6;13;79;67;79;144;6,2;1,3;
2024-10-11;2100;0;915,9;1010,2;915,9;914,8;138,9;25;22,2;18,8;23;22,2;19,2;18,6;12,9;82;77;81;146;3,4;1,5;
2024-10-11;2200;0;917,5;1012,1;917,5;915,9;-,3;24;21,7;19,3;22,8;21,7;19,3;18,5;12,8;86;77;86;104;10,1;1,5;
2024-10-11;2300;0;917;1011,6;917,5;917;-2,2;23;21,5;20,8;22;21,4;21;18,9;12,8;97;83;96;130;3,5;1,5;
2024-10-12;0000;19,6;920,8;1017;921,1;916,9;2,5;21;18,1;null;22,1;17,4;null;null;12,8;null;null;null;284;21,7;1,1;
2024-10-12;0100;,8;919,9;1016;920,8;919,5;-1,4;20;18,1;null;18,1;18;null;null;12,8;null;null;null;93;2,5;,9;
2024-10-12;0200;0;919,6;1015,5;919,9;919,6;-1,1;20;18,4;null;18,4;18,1;null;null;12,7;null;null;null;110;2,8;,8;
2024-10-12;0300;0;919;1014,8;919,6;919;-1,4;20;18,6;null;18,6;18,3;null;null;12,7;null;null;null;139;2,5;1,1;
2024-10-12;0400;1,2;919,3;1015,1;919,9;919;-2,1;20;18,7;null;19;18,5;null;null;12,7;null;null;null;43;3,7;1,1;
2024-10-12;0500;0;918,2;1013,9;919,3;918,2;-2;20;18,8;null;19,2;18,6;null;null;12,7;null;null;null;124;2,4;1,1;
2024-10-12;0600;0;918;1013,6;918,3;917,7;-2,2;20;18,9;null;18,9;18,8;null;null;12,7;null;null;null;143;2;,8;
2024-10-12;0700;0;918,3;1014;918,3;917,9;-1,8;20;18,6;null;18,9;18,6;null;null;12,6;null;null;null;159;1,7;1,3;
2024-10-12;0800;0;918,7;1014,3;918,7;918,2;-1,4;20;19;null;19;18,6;null;null;12,6;null;null;null;132;2,1;,6;
2024-10-12;0900;0;919,7;1015,4;919,7;918,7;4,1;20;19,2;null;19,3;18,9;null;null;12,6;null;null;null;189;1,3;,7;
2024-10-12;1000;0;920,7;1016,3;920,7;919,7;101,3;20;19,8;null;20;19,2;null;null;12,8;null;null;null;13;1,2;,6;
2024-10-12;1100;0;921,9;1017,3;921,9;920,7;178,2;21;20,6;20,6;20,6;19,8;null;null;13;null;null;100;330;2;1,1;
2024-10-12;1200;,2;922,3;1017,6;922,3;921,9;781,7;22;21;20,8;21,5;20,5;21,4;19,4;13,2;100;90;99;320;3,6;2,1;
2024-10-12;1300;0;922,7;1017,7;922,7;922,3;816,4;23;22,1;20;22,1;21;21,3;18,6;13,5;100;82;88;360;3,5;2;
2024-10-12;1400;0;922,3;1016,7;922,7;922,3;1744,9;24;23,9;19;24,1;21,9;20;18,6;13,7;88;74;74;22;4,3;2,1;
2024-10-12;1500;0;921,6;1015,1;922,3;921,6;3275,8;27;26,3;19,2;26,7;23,7;19,7;17,6;13,8;76;60;65;328;6,9;2,1;
2024-10-12;1600;0;921;1014,1;921,6;921;2688,4;29;27,2;17,3;27,4;26,2;19,5;17,2;13,6;65;55;55;329;5,3;2,4;
2024-10-12;1700;0;920,3;1012,7;921;920,3;3074;30;29,4;15,2;29,6;27,2;18,4;13,8;13,5;56;39;42;279;9,8;3,8;
2024-10-12;1800;0;919,7;1012,1;920,3;919,7;2193,2;30;29,2;14,9;29,7;28,3;16,1;12,9;13,5;45;38;42;273;8,4;4,7;
2024-10-12;1900;0;919,1;1011,7;919,7;919,1;1526,2;30;28,2;13,5;29,6;28,2;15,1;13,4;13,2;43;38;40;260;8,5;3;
2024-10-12;2000;0;919,6;1012,3;919,6;919,1;880,3;30;28,1;14,1;29,2;27,8;14,7;13,3;13,1;44;38;42;302;5,8;2,1;
2024-10-12;2100;0;920;1013,2;920;919,6;362,6;29;26,7;16,5;28,3;26,7;16,7;13,9;12,9;54;41;54;287;3,2;1,2;
2024-10-12;2200;0;920,7;1015;920,7;920;9,3;27;23,6;16,7;26,7;23,6;17,6;15,6;12,8;66;54;65;141;2,5;,2;
2024-10-12;2300;0;921,5;1016,4;921,5;920,7;-3,5;24;22,1;16,5;23,7;22,1;17,2;16,4;12,8;73;63;70;141;1,5;,7;
2024-10-13;0000;0;922,3;1017,6;922,3;921,5;-3,5;23;21,2;15,4;22,2;21,2;16,9;15,4;12,8;74;68;70;127;1,6;,9;
2024-10-13;0100;0;922,4;1018,4;922,5;922,3;-3,5;22;19,2;15,5;21,2;19,2;15,8;15,3;12,8;80;70;79;148;1,8;1;
2024-10-13;0200;0;922,3;1018,2;922,5;922,3;-3,5;21;19,4;15,2;19,7;19,2;15,6;15;12,8;80;75;77;133;1,9;1,3;
2024-10-13;0300;0;922,1;1018,1;922,3;922;-3,5;20;19;15,1;19,4;18,4;15,4;14,9;12,7;81;77;78;193;2,1;1,1;
2024-10-13;0400;0;921,9;1018;922,2;921,8;-3,5;20;18,7;15,1;19;17,7;17,4;14,9;12,7;97;77;79;175;2,1;,9;
2024-10-13;0500;0;921,9;1018,4;921,9;921,8;-3,3;19;17,6;16,9;18,9;17,6;17,3;14,9;12,7;98;79;96;137;2,3;1,2;
2024-10-13;0600;0;921,8;1018,3;921,9;921,8;-3,5;19;17,5;17,1;18,2;17,5;17,2;14,9;12,7;98;82;98;113;2,4;,7;
2024-10-13;0700;0;922,2;1018,6;922,2;921,8;-3,4;19;17,9;16,3;18;17,4;17,5;15,4;12,6;100;85;90;156;1,9;1,1;
2024-10-13;0800;0;922,6;1019,1;922,6;922,2;-3,4;18;17,6;15,4;18,2;17,3;17,5;15,1;12,6;99;82;87;155;2,1;1;
2024-10-13;0900;0;923,4;1019,8;923,4;922,6;13,1;18;18,3;17,8;18,3;17,3;17,8;15,4;12,6;97;86;97;146;2,9;1,6;
2024-10-13;1000;0;924,3;1019,5;924,3;923,4;542,9;20;22;16,5;22;18,4;17,7;15,9;13,3;97;70;71;117;3,6;1,6;
2024-10-13;1100;0;925;1019,7;925;924,3;1000;22;23,7;16,8;23,9;21,7;17,8;16,3;13,7;74;65;65;118;3,7;1,7;
2024-10-13;1200;0;925,3;1018,8;925,4;925;2122,1;26;27,4;18,5;27,5;23,6;19;17;13,7;69;58;58;81;6,8;1,8;
2024-10-13;1300;0;925,1;1018,5;925,3;925,1;2675,7;28;27,7;18,3;28,3;26,2;18,9;17,5;13,7;61;54;57;98;6,6;2,6;
2024-10-13;1400;0;924,8;1017,3;925,1;924,8;3145,1;30;30,5;18;30,6;27,6;18,8;17,4;13,5;57;47;47;52;6,6;3,2;
2024-10-13;1500;0;924,2;1016,5;924,8;924,2;3282,7;32;30,7;14,7;31,7;28,7;18,2;14,3;13,5;51;38;38;37;8,4;3,6;
2024-10-13;1600;0;923,5;1016;924,3;923,5;3064,2;33;30,1;13,9;31,4;29,8;15,7;13,1;13,2;40;34;37;77;8,4;2,2;
2024-10-13;1700;0;922,5;1014,1;923,5;922,5;2666,3;34;32,5;14;32,5;29,7;15,5;12,6;13,5;41;31;33;324;4,9;2,1;
2024-10-13;1800;0;922;1013,8;922,6;922;2188,6;35;31,8;12,3;32,8;30,6;14;12,3;13,5;35;30;31;333;5,6;2,1;
2024-10-13;1900;0;921,5;1013;922;921,5;1963,2;35;32,6;12,9;32,9;31,4;13,7;12,3;13,1;33;30;30;112;5,3;1,4;
2024-10-13;2000;0;921,7;1013,7;921,7;921,4;1054,4;35;31;13,5;32,7;31;13,7;11,9;13;35;29;35;43;4,3;2,2;
2024-10-13;2100;0;922,2;1015;922,2;921,7;165;33;28,7;14,6;31;28,7;14,6;13,5;12,9;42;34;42;60;4,3;1,5;
2024-10-13;2200;0;922,7;1015,9;922,7;922,2;-1,8;30;27,5;15,3;28,7;27,2;15,9;14,6;12,8;50;42;47;157;3,2;1,1;
2024-10-13;2300;0;923,6;1017,2;923,6;922,7;-3,3;29;26,5;15,3;27,8;26,4;15,6;14,9;12,8;51;46;50;140;3,9;1,3;
2024-10-14;0000;0;924,2;1018,7;924,2;923,6;-3,5;27;24;15,9;26,7;24;16;15,1;12,8;61;49;60;145;3,9;1,1;
2024-10-14;0100;0;925,1;1019,8;925,1;924,2;-3,5;25;23,6;15,6;24,7;23,5;16;15,5;12,8;61;57;61;135;4;1,1;
2024-10-14;0200;0;925;1020,3;925,1;924,9;-3,5;24;22;15,9;23,6;22;15,9;15,6;12,8;68;61;68;157;3,7;1,2;
2024-10-14;0300;0;924,9;1020,1;925,1;924,9;-3,5;23;22,1;16,1;22,7;22;16,3;15,7;12,7;69;65;69;114;3,9;1,5;
2024-10-14;0400;0;924,7;1019,9;924,9;924,7;-3,5;23;22;15,8;22,2;21,6;16,1;15,8;12,7;71;68;68;115;4,5;2;
2024-10-14;0500;0;924,7;1020,2;924,7;924,6;-3,5;23;21,2;15,4;22,1;21,2;15,9;15,4;12,7;71;68;70;116;6,4;2,4;
2024-10-14;0600;0;924,2;1019,9;924,7;924,2;-3,5;22;20,5;15,2;21,3;20,5;15,4;15,1;12,7;71;68;71;108;6,5;2,7;
2024-10-14;0700;0;924,3;1020,1;924,3;924,1;-3,5;21;20,3;15,4;20,6;20,2;15,4;15,2;12,6;74;71;74;112;8,1;3,4;
2024-10-14;0800;0;924,7;1020,7;924,7;924,3;-3,5;21;19,7;15,5;20,3;19,7;15,6;15,4;12,6;77;74;77;105;7,7;2,6;
2024-10-14;0900;0;925;1021,1;925;924,7;17,2;21;19,6;15,6;19,8;19,5;15,6;15,5;12,6;78;76;78;110;7;2,6;
2024-10-14;1000;0;925,5;1021,1;925,5;925;477,6;21;21,1;15,7;21,1;19,6;15,8;15,6;13,2;78;71;71;114;9,2;3,3;
2024-10-14;1100;0;925,9;1020,7;925,9;925,4;1281,1;23;23,8;16,1;23,8;21,1;16,2;15,5;13,6;72;62;62;102;8,7;2,9;
2024-10-14;1200;0;926,1;1020,5;926,2;925,9;2158,9;26;24,9;15,7;25,4;23,6;16,5;15,4;13,7;62;56;56;96;9,1;3;
2024-10-14;1300;0;925,8;1019,4;926,2;925,8;2830,5;28;27,2;16;28,1;24,8;16,7;15,5;13,7;58;48;50;59;9,1;3,6;
2024-10-14;1400;0;925,4;1018,6;925,8;925,4;3283,8;29;28,4;15,5;29,3;26,7;16,6;15,2;13,5;52;45;45;86;10,3;2,9;
2024-10-14;1500;0;924,3;1016,8;925,4;924,3;3580;31;30,1;14,9;30,5;28,2;16,4;14,6;13,5;46;38;40;70;9,2;3,6;
2024-10-14;1600;0;923,2;1015,4;924,3;923,2;3628,9;33;30,9;13,8;32,1;29,3;15,3;13,3;13,4;41;34;35;69;9,2;2,9;
2024-10-14;1700;0;922,4;1014,5;923,3;922,4;2433,4;33;30,8;13,4;32;29,2;14,8;12,9;13,4;39;33;35;63;7;2,5;
2024-10-14;1800;0;921,7;1013,7;922,4;921,7;2598,5;34;30,9;12,9;32,4;30,3;14,2;12,6;13;35;31;33;101;8,6;2,4;
2024-10-14;1900;0;921,1;1013,2;921,7;921;1737,9;34;30,5;12,7;31,9;29,7;13,6;12;13,5;36;31;34;112;5,3;1,9;
2024-10-14;2000;0;920,8;1013,2;921,1;920,8;967,1;33;29,3;13,1;31,7;29,2;13,2;11,9;13;37;31;37;97;6,1;1,1;
2024-10-14;2100;0;921,3;1014,1;921,3;920,8;345,9;32;28,4;12,8;30;28,4;13,8;11,8;12,9;38;33;38;115;4,7;1,2;
2024-10-14;2200;0;921,6;1015,2;921,6;921,3;,2;29;26;13,6;28,4;26;13,8;12,9;12,8;46;38;46;154;3,2;1,2;
2024-10-14;2300;0;922,1;1016,1;922,1;921,6;-3,5;27;24,8;14;26;24,8;14,1;13,5;12,8;51;46;51;132;3,5;1,4;
2024-10-15;0000;0;922,6;1016,6;922,6;922,1;-3,5;26;25;13,3;25,1;24,4;14,1;13,1;12,8;52;47;48;145;3,4;1,4;
2024-10-15;0100;0;923,1;1017,6;923,1;922,6;-3,5;25;23,6;13,1;25,1;23,3;14,1;12,9;12,8;56;47;52;141;3,3;,8;
2024-10-15;0200;0;922,9;1017,7;923,1;922,9;-3,5;24;22,9;13;23,9;22,8;13,9;13;12,8;57;51;54;130;2,9;1,2;
2024-10-15;0300;0;922,7;1017,8;922,9;922,7;-3,5;23;21,9;13;22,9;21,9;13,1;12,8;12,7;57;54;57;128;4,3;1,3;
2024-10-15;0400;0;922,5;1017,5;922,8;922,5;-3,5;23;22,1;13,3;22,5;21,9;13,4;12,9;12,7;58;55;58;131;4,7;2,2;
2024-10-15;0500;0;921,9;1017,1;922,5;921,9;-3,5;23;21,2;13,6;22,1;21,1;13,8;13,3;12,7;63;58;62;107;4,7;,6;
2024-10-15;0600;0;921,4;1016,5;921,9;921,4;-3,2;22;21,3;13,1;21,3;20,9;13,8;13;12,7;63;59;60;116;4,7;1,8;
2024-10-15;0700;0;921,2;1016,4;921,4;921,1;-3,5;22;21;12,8;21,4;20,9;13,3;12,7;12,7;61;58;60;101;5,9;2,2;
2024-10-15;0800;0;921,7;1017,2;921,7;921,2;-3,5;22;20,4;13,2;21;20,4;13,2;12,8;12,6;63;59;63;117;5,1;2,2;
2024-10-15;0900;0;922,2;1017,8;922,2;921,7;9;21;20,2;13,3;20,4;19,8;13,4;13,1;12,6;66;63;65;112;6,2;2,3;
2024-10-15;1000;0;922,9;1018,4;922,9;922,2;317,5;21;20,8;13,7;20,8;20,1;13,7;13,3;13,1;66;63;64;127;7,5;1,4;
2024-10-15;1100;0;923;1017,5;923,2;922,9;1146,9;23;23,6;14,3;23,6;20,8;14,3;13,6;13,5;64;56;56;88;5,8;2,1;
2024-10-15;1200;0;923,3;1017,8;923,3;922,9;1122;25;23,8;14,3;24,4;23,3;14,6;13,8;13,6;57;53;55;90;6,6;2;
2024-10-15;1300;0;923;1016,7;923,3;923;1736,6;27;26;13,8;26,7;23,8;15,1;13,8;13,8;55;47;47;67;5,8;2,2;
2024-10-15;1400;0;922,3;1015,4;923;922,3;2798,4;29;27,7;14;27,8;25,8;14,8;13,6;13,5;49;43;43;110;7,4;2,4;
2024-10-15;1500;0;921,4;1014,3;922,3;921,4;2423,6;30;28;14;28,7;27;14,9;13,3;13,6;44;41;42;73;6,4;2;
2024-10-15;1600;0;920,5;1013,1;921,4;920,5;2384,7;32;28,8;13,8;29,7;28;14,8;13,2;13,6;42;38;40;116;6,5;1,8;
2024-10-15;1700;0;919,7;1012;920,5;919,7;2039,3;32;29,5;13,4;30;28,7;14,4;12,6;13,5;40;36;37;16;4,6;2,2;
2024-10-15;1800;0;918,9;1010,8;919,7;918,9;2198,5;33;30,3;11,6;31;29,2;13,7;11,6;13,5;38;32;32;63;5,8;1,9;
2024-10-15;1900;0;918,6;1010,8;918,9;918,6;1199,3;33;29,5;11,6;30,6;29,5;12,7;11,5;13,1;35;32;33;41;4,1;1,3;
2024-10-15;2000;0;918,8;1011,2;918,8;918,5;624,4;32;28,7;13;29,7;28,7;13,4;11,8;12,9;39;33;38;159;3,5;,8;
2024-10-15;2100;0;919,3;1012,3;919,3;918,8;140,1;30;27,2;13,2;28,7;27,2;14,1;12,1;12,9;44;36;42;127;2,3;,8;
2024-10-15;2200;0;920;1013,6;920;919,3;-1,7;28;25,5;15,4;27,4;25,5;15,5;12,8;12,8;54;41;54;329;4,1;2;
2024-10-15;2300;0;920,3;1014,8;920,3;920;-3,5;26;22,9;15,5;25,6;22,9;15,5;14,8;12,8;63;53;63;311;8,2;1,4;
2024-10-16;0000;0;920,7;1015,5;920,7;920,2;-3,5;24;22,1;15,2;22,9;21,8;15,9;15,2;12,8;69;63;65;259;3,7;1,7;
2024-10-16;0100;0;921,1;1016,2;921,1;920,7;-3,5;23;21,2;15,9;22,3;20,9;16,1;14,7;12,8;73;62;72;191;2,3;1,1;
2024-10-16;0200;0;921,1;1016,5;921,2;921;-3,5;22;20,4;16,2;21,4;20,3;16,2;15,6;12,8;77;70;77;184;1,5;,4;
2024-10-16;0300;0;920,7;1016,2;921,1;920,7;-3,3;22;20,1;16,3;20,6;20,1;16,3;16;12,7;79;76;79;127;1,1;,5;
2024-10-16;0400;0;920;1015,4;920,7;920;-3,2;21;20;16,4;20,1;19,5;16,4;15,8;12,7;81;78;80;151;1,2;,4;
2024-10-16;0500;0;918,7;1014,3;920;918,7;-3;21;19,1;16,3;20;18,9;16,4;16,1;12,7;85;79;84;177;2,2;1,2;
2024-10-16;0600;0;918,7;1014,4;918,7;918,6;-3,5;20;18,7;16,2;19,1;18,4;17,8;16;12,7;95;83;85;129;1,8;1;
2024-10-16;0700;0;918,9;1014,6;918,9;918,7;-2;20;18,8;16;19;18,2;17,1;15,7;12,6;92;82;84;24;1,7;,9;
2024-10-16;0800;0;918,7;1014,7;919;918,7;-2,7;20;18;17,9;18,8;18;18;16,1;12,6;99;84;99;183;2,3;,5;
2024-10-16;0900;0;919,2;1015,4;919,2;918,6;20,4;19;17,6;17,6;18,2;17,4;18;17,4;12,6;100;98;100;149;2;1,3;
2024-10-16;1000;0;920;1015,2;920;919,3;452,6;20;20,6;16,2;20,6;17,6;18,1;16,2;13,1;100;76;76;149;2,4;,7;
2024-10-16;1100;0;920,7;1014,8;920,7;920;1278,6;23;24,1;16;24,5;20,6;16,7;16;13,4;77;60;61;129;2,7;1,1;
2024-10-16;1200;0;920,8;1013,8;920,8;920,7;2043,3;27;27,5;15,5;27,7;24;16,6;14,9;13,7;61;48;48;10;4;1,9;
2024-10-16;1300;0;920,6;1013,5;920,8;920,6;2324,8;29;27,9;15,1;29,4;26,9;15,7;14,2;13,2;49;43;45;302;5,8;2;
2024-10-16;1400;0;920,1;1012,5;920,6;920;2186,8;30;29,1;13,4;31,3;27,2;15,5;13,1;13,6;47;35;38;336;6,5;3,8;
2024-10-16;1500;0;919,3;1011,1;920,1;919,3;3509,5;33;30,8;13,1;31,5;28,9;14,6;12,4;13,4;39;34;34;343;7,3;2,1;
2024-10-16;1600;0;918,1;1009,5;919,3;918,1;3396,6;34;31,6;12,8;32,5;30,6;13,7;12,1;13,1;35;30;32;287;7,9;3,3;
2024-10-16;1700;0;916,9;1007,9;918,1;916,9;2843,2;34;32,6;11,7;33,7;30,5;13;11,6;13,5;33;27;28;274;8,4;4,3;
2024-10-16;1800;0;915,9;1007;916,9;915,9;2515,8;35;31,9;10,8;33,4;31,6;11,9;10,5;13;29;26;27;277;8,4;3,7;
2024-10-16;1900;0;915,4;1006,3;915,9;915,4;1221,5;34;32,5;11,4;33,3;31,1;11,6;10,4;13,1;30;26;27;261;6,2;2,6;
2024-10-16;2000;0;915,3;1006,6;915,4;915;1008,8;33;31,1;10,8;32,6;31,1;11,5;9,8;12,9;30;26;29;217;6;2,5;
2024-10-16;2100;0;916,2;1008,6;916,2;915,3;254;32;28,1;13,5;31,3;28,1;13,5;10,9;12,9;41;29;41;147;8,9;3;
2024-10-16;2200;0;917,3;1010,7;917,3;916,2;1,3;28;25,1;15,1;28,1;25,1;15,1;13,5;12,8;54;41;54;142;7,1;1,7;
2024-10-16;2300;0;917,9;1011,8;917,9;917,3;-3,5;26;23,8;15,3;25,1;23,8;15,5;15;12,8;59;53;59;158;4,1;1,4;
2024-10-17;0000;0;919,1;1013,2;919,1;917,9;-3,5;25;23,7;15,5;24,1;23,7;15,5;14,9;12,8;60;57;60;66;5,7;1,5;
2024-10-17;0100;0;919,5;1014,1;919,5;919,1;-3,5;24;22,4;16,2;23,7;22,4;16,2;15,3;12,8;68;60;68;100;5;1,2;
2024-10-17;0200;0;919,6;1014,6;919,8;919,5;-3,5;23;21,3;16,4;22,4;21,2;16,4;16,1;12,8;73;68;73;137;3,4;1;
2024-10-17;0300;0;919,2;1013,9;919,7;919,2;-2,8;23;22;16,5;22,2;21,3;16,5;16,3;12,7;74;69;71;135;5,2;1,4;
2024-10-17;0400;0;918,3;1013,1;919,2;918,3;-3,4;23;21,3;16,4;22,1;21,3;16,6;16,4;12,7;74;70;74;120;3,7;1,9;
2024-10-17;0500;0;917,8;1012,7;918,3;917,8;-3,5;22;20,9;16,4;21,4;20,6;16,5;16,3;12,7;77;73;76;142;3,4;1,7;
2024-10-17;0600;0;917,6;1012,8;917,8;917,5;-3,3;22;19,9;16,2;20,9;19,8;16,4;16,1;12,7;79;75;79;222;3;,6;
2024-10-17;0700;0;917,6;1013,3;917,7;917,6;-3,5;21;18,6;18,1;20,1;18,5;18,1;16;12,6;97;79;97;152;2;1,2;
2024-10-17;0800;0;918,1;1013,6;918,1;917,6;-3,4;20;19,2;16,2;19,4;18,4;18,2;16;12,6;98;82;82;144;3,2;1,6;
2024-10-17;0900;0;918,4;1013,9;918,4;918,1;24,1;20;19,3;16,2;19,8;19,2;16,5;16,2;12,6;83;81;82;151;3,2;1,4;
2024-10-17;1000;0;919,2;1014;919,2;918,4;454,3;21;21,7;16,8;21,7;19,2;17;16,2;13,1;83;74;74;131;3;1,5;
2024-10-17;1100;0;920;1013,8;920;919,2;1307,4;24;24,9;17;24,9;21,8;17,3;16,5;13,4;74;61;61;126;4,1;1,4;
2024-10-17;1200;0;920,1;1013,1;920,2;920;2075,3;27;27,4;15,9;27,4;25;17,4;15,9;13,7;62;49;49;114;4;1,7;
2024-10-17;1300;0;919,8;1012,1;920,1;919,8;2769,7;30;29,3;15,2;30,4;27;17,1;14,9;13,4;51;42;42;175;4,1;1,9;
2024-10-17;1400;0;919,5;1011,1;919,8;919,5;2736,9;32;31,6;14,2;31,7;28,6;16,5;14,2;13,5;46;35;35;86;5;2,2;
2024-10-17;1500;0;918,9;1010,3;919,5;918,9;3290,1;34;32,1;13;32,3;30,3;14,4;12,5;13,2;37;31;31;34;5,7;2,6;
2024-10-17;1600;0;918,1;1009,1;919;918,1;3087,8;35;33;11,6;33,9;30,8;13,1;11,3;13,4;33;26;27;279;6;3;
2024-10-17;1700;0;916,8;1007,6;918,1;916,8;3026,7;36;33,2;11,2;34,6;32,4;12;10,6;13,5;28;24;26;218;6,5;3,7;
2024-10-17;1800;0;916;1006,7;916,8;916;2522;36;33,2;12,1;34,6;32,5;12,9;11;13,5;28;25;28;210;7,9;4,5;
2024-10-17;1900;0;915,3;1005,7;916;915,3;2181,8;36;33,9;12,6;34,1;33,1;12,6;11,5;13,1;29;26;28;228;8;2,4;
2024-10-17;2000;0;915,3;1006,1;915,3;915,2;1159,4;35;32,9;11,3;33,9;32,7;12;10,9;13;28;26;27;212;7,1;2,8;
2024-10-17;2100;0;915,8;1007,3;915,8;915,3;382,1;34;30,6;11,2;32,9;30,5;11,3;10;12,9;30;25;30;180;6,5;2;
2024-10-17;2200;0;916,5;1008,9;916,5;915,8;1,9;31;28;14,1;30,6;28;14,2;11,1;12,8;43;30;43;126;4,6;1,1;
2024-10-17;2300;0;917,4;1010,5;917,4;916,5;-3,5;28;26,3;14,4;28;26,3;14,7;14;12,8;48;43;48;131;2,7;,8;
2024-10-18;0000;0;918;1011,8;918;917,4;-3,5;26;24,1;15,2;26,4;23,7;15,5;14,4;12,8;59;48;58;153;2,4;1,5;
2024-10-18;0100;0;918,4;1012,5;918,4;918;-3,5;25;23,6;15,3;24,2;23,3;15,5;15,1;12,8;61;57;59;158;2,7;1,5;
2024-10-18;0200;0;918,4;1013,1;918,5;918,3;-3,5;24;21,7;15,7;24;21,6;15,7;15,2;12,8;69;59;69;111;2,4;,7;
2024-10-18;0300;0;918,4;1013,1;918,4;918,2;-3,5;23;21,8;15,6;22,6;21,4;15,8;15,3;12,7;69;64;68;191;2,3;,6;
2024-10-18;0400;0;918,3;1012,6;918,4;918,2;-3,5;23;22,7;15,2;22,7;20,4;15,7;14,9;12,7;72;62;63;238;2,5;1,6;
2024-10-18;0500;0;917,8;1012,9;918,3;917,8;-3,5;22;20,3;15,3;22,7;20,1;15,4;14,5;12,7;74;61;73;167;2,6;,5;
2024-10-18;0600;0;917,3;1012,7;917,8;917,1;-3,5;21;19,3;15,4;20,6;19,2;15,6;14,9;12,7;78;72;78;194;1,1;,8;
2024-10-18;0700;0;917,8;1013,1;917,9;917,3;-3,2;20;19,6;15,3;20;18,1;15,7;14,8;12,6;83;76;76;268;3,1;1,5;
2024-10-18;0800;0;918,4;1014;918,4;917,8;-3,1;20;18,9;15,4;19,6;18,4;15,8;14,7;12,6;81;76;80;75;2,8;,8;
2024-10-18;0900;0;918,5;1014,2;918,7;918,2;9,9;20;18,9;15,8;19,4;18,2;15,8;15,2;12,6;84;78;82;198;2,7;1;
2024-10-18;1000;0;918,6;1013,5;918,6;918,3;346,5;21;21,2;16,6;21,6;18,9;16,7;15,6;13;82;72;75;57;2;,6;
2024-10-18;1100;0;919;1012,9;919,1;918,6;900,3;23;24,4;15,7;24,4;20,9;16,7;15,6;13,4;76;58;58;234;2,8;1,4;
2024-10-18;1200;0;919,6;1012,9;919,6;919;1866,5;27;26,2;15,5;26,5;24,4;16,4;15,1;13,5;59;51;52;49;3,4;1,4;
2024-10-18;1300;0;919,4;1012,3;919,6;919,4;1686,3;29;27,5;15;27,9;26,1;15,9;14,8;13,6;52;46;46;13;3,2;1,4;
2024-10-18;1400;0;919,1;1011,2;919,5;919,1;1989,2;30;29,7;15,2;29,7;26,9;15,3;14,2;13,5;48;40;41;207;4;,8;
2024-10-18;1500;0;918,8;1011;919,2;918,8;1547,8;32;29,3;14;29,9;28,4;14,7;13,3;13,2;42;37;39;null;4;null;
2024-10-18;1600;0;917,8;1009,9;918,8;917,8;1106,8;31;29,4;13,7;29,5;28,3;14,4;13,5;13,8;41;38;38;261;4,9;2,8;
2024-10-18;1700;0;916,4;1008;917,8;916,3;2216,7;32;30,5;13;30,8;28,8;14,2;12,9;13,5;40;34;34;260;5,5;2,9;
2024-10-18;1800;0;915,7;1006,8;916,4;915,7;3099,3;33;31,9;13,3;32,2;30,3;13,5;12,4;13,4;34;31;32;271;7;3,8;
2024-10-18;1900;0;915;1006,5;915,7;915;1932,2;33;30,5;12,8;32,1;30,3;13,4;12,2;13;34;32;34;245;7,4;2,8;
2024-10-18;2000;0;915,9;1008,9;915,9;914,9;1061,2;32;26,1;15,5;31,7;26,1;15,8;12,5;12,9;52;32;52;167;8,3;1,8;
2024-10-18;2100;0;917,1;1011,8;917,2;915,9;66,6;28;21,2;14,4;26,1;21,2;15,7;12;12,8;65;46;65;285;8,9;4,3;
2024-10-18;2200;1,2;917,3;1012,8;917,4;917,1;-3,5;23;19;18,8;21,2;18,9;18,8;14,2;12,8;99;65;99;107;6,4;1,6;
2024-10-18;2300;0;918,4;1013,8;918,4;917,3;-,5;22;19,6;18,1;20,5;19;19;16,2;12,8;99;77;91;62;4,7;,9;
2024-10-19;0000;0;919,1;1014,4;919,1;918,4;-2,8;21;20,1;17,3;20,3;19,6;19,5;16,6;12,8;98;80;84;168;2,5;1,1;
2024-10-19;0100;0;918,5;1013,9;919,1;918,5;-1,1;21;19,6;19,5;20,1;19,5;19,5;16,8;12,7;99;81;99;131;3,5;1,8;
2024-10-19;0200;0;918;1013,2;918,5;918;-,3;21;20,2;16,8;20,2;19,5;19,5;16,8;12,7;99;81;81;145;3,5;1,2;
2024-10-19;0300;0;918,1;1013,4;918,1;917,9;,2;21;19,7;19,7;20,6;19,6;19,7;16,8;12,7;100;80;100;62;2,1;,4;
2024-10-19;0400;0;918;1013,3;918,1;917,8;-1,5;21;19,8;17,6;20;19,7;19,7;16,9;12,7;100;82;87;184;3,3;,6;
2024-10-19;0500;0;916,9;1012,1;918;916,9;-1,8;21;19,7;18,3;19,8;19,5;19,4;17,5;12,7;98;87;92;180;2,4;,9;
2024-10-19;0600;0;916,3;1011,6;916,9;916,3;-2;21;19,2;19,1;19,8;19,2;19,1;16,9;12,6;99;84;99;181;1,8;,9;
2024-10-19;0700;0;916,4;1011,7;916,4;916;-2,5;20;19,4;18,5;19,4;19;19,1;18;12,6;100;92;95;132;5,2;,9;
2024-10-19;0800;0;916,5;1011,7;916,6;916,4;-2,6;20;19,6;16,3;19,8;19,3;18,3;16,3;12,6;95;81;81;172;3,6;1,1;
2024-10-19;0900;0;916,6;1011,8;916,6;916,5;20,1;20;19,7;16,2;19,7;19,3;16,8;16,1;12,6;85;80;80;115;4,8;2,1;
2024-10-19;1000;0;917,4;1012,4;917,4;916,6;315,9;21;20,6;16,9;20,6;19,5;16,9;16,1;13;83;78;79;100;4,8;1,1;
2024-10-19;1100;0;917,7;1012,4;917,7;917,3;657,1;22;21,4;17;21,4;20,7;17,3;16,5;13,2;79;76;76;98;5,9;1,8;
2024-10-19;1200;0;917,7;1011,9;917,8;917,6;1000,9;23;23;17,2;23;21,3;17,6;16,6;13,5;78;69;70;62;5,8;2,1;
2024-10-19;1300;0;917,8;1011,6;917,8;917,7;1707,4;25;24,3;16,4;24,6;23;17,7;15,9;13,6;70;60;61;86;6;2,1;
2024-10-19;1400;0;917,4;1010;917,9;917,4;2444,7;27;27,6;16,6;27,6;24;17,1;15,8;13,6;63;51;51;56;6,3;2,1;
2024-10-19;1500;0;916,7;1009,2;917,4;916,6;3252,6;30;27,9;15,5;29;26,5;17,2;15,3;13,5;53;46;47;19;7,8;4;
2024-10-19;1600;0;915,8;1008,6;916,7;915,8;1464,6;30;26,7;15,5;28,3;26,4;16,1;15;13,1;52;46;50;19;8,6;3,8;
2024-10-19;1700;0;914,4;1006,7;915,8;914,4;1287,1;29;27,8;15,1;27,8;26,3;15,6;14,6;13,3;51;45;46;23;8,8;3,5;
2024-10-19;1800;0;913,8;1006,2;914,4;913,7;1535;30;27,3;16,1;28,3;27,1;16,1;14,7;13;50;45;50;39;null;1,9;
2024-10-19;1900;0;913,3;1006;913,8;913,2;691,5;29;26,2;16,3;27,4;26,2;16,4;15,5;13;54;49;54;53;6,9;3,1;
2024-10-19;2000;0;914,1;1007,8;914,1;913,2;149,4;27;23,2;17,9;26,3;23,2;17,9;16,3;12,9;72;54;72;75;8,2;2,1;
2024-10-19;2100;2,8;914,7;1009,6;914,8;914,1;13;24;19,9;19,9;23,2;19,9;21,2;17,9;12,8;100;72;100;130;7,3;1,1;
2024-10-19;2200;0;915,1;1010,3;915,1;914,7;,6;22;19,2;19,2;20;19;20;19;12,8;100;99;100;142;3,8;1,5;
2024-10-19;2300;0;915,6;1010,7;915,6;915;0;21;19,5;19,5;19,5;19,1;19,5;19,1;12,8;100;100;100;136;3,5;1,4;
2024-10-20;0000;3;916,4;1011,8;916,4;915,6;-2,1;21;19,1;null;19,6;19,1;null;null;12,8;null;null;null;182;5,2;1,1;
2024-10-20;0100;2,6;916,7;1012,1;916,7;916,4;-1,4;21;19,1;null;19,2;19;null;null;12,7;null;null;null;168;1,7;,5;
2024-10-20;0200;,6;916,3;1011,7;916,8;916,3;-,5;20;19;null;19,1;19;null;null;12,7;null;null;null;125;2,5;1,4;
2024-10-20;0300;1,8;915,9;1011,1;916,3;915,9;-,7;20;19,5;null;19,5;19;null;null;12,7;null;null;null;285;2,9;1,1;
2024-10-20;0400;1,4;915,4;1010,6;915,9;915,4;-1,3;20;19,3;null;19,7;19,3;null;null;12,7;null;null;null;35;6;,7;
2024-10-20;0500;,8;915;1010,1;915,5;915;-1,6;20;19,4;null;19,5;19,3;null;null;12,7;null;null;null;170;3,7;1,4;
2024-10-20;0600;,2;915;1010,1;915,1;915;-1,8;20;19,4;null;19,4;19,3;null;null;12,6;null;null;null;132;2,4;1;
2024-10-20;0700;0;915;1010,1;915;914,8;-1,9;20;19,4;null;19,5;19,4;null;null;12,6;null;null;null;148;2,8;,9;
2024-10-20;0800;1,4;915,5;1010,6;915,5;915;-1,5;20;19,6;null;19,6;19,4;null;null;12,6;null;null;null;147;1,6;,9;
2024-10-20;0900;4,8;915,9;1011,1;915,9;915,5;3,8;20;19,5;null;19,6;19,5;null;null;12,6;null;null;null;144;1,9;1;
2024-10-20;1000;3,6;916,7;1011,9;916,7;915,9;61,4;21;19,8;null;19,8;19,5;null;null;12,7;null;null;null;118;1,8;,7;
2024-10-20;1100;,6;917,4;1012,4;917,4;916,7;419;21;20,5;null;20,5;19,7;null;null;13,2;null;null;null;114;2,5;1,1;
2024-10-20;1200;0;917,5;1012;917,5;917,4;1016,3;22;21,9;21,9;22;20,5;null;null;13,5;null;null;100;104;4,2;1,7;
2024-10-20;1300;0;917,6;1011,9;917,7;917,5;973,7;23;22,5;21;22,8;21,7;22,2;19,5;13,6;100;82;91;105;4,9;1,5;
2024-10-20;1400;0;917,8;1012,1;917,8;917,6;1198,2;24;22,7;19,3;23,3;22,3;22,2;18,8;13,4;97;79;82;79;6,1;1,9;
2024-10-20;1500;0;917,2;1010,9;917,8;917,2;1483,3;25;24,2;19,6;24,7;22,3;20,6;18,9;13,9;88;74;75;73;5,3;1,9;
2024-10-20;1600;0;916,2;1009,3;917,2;916,2;2468,7;27;25,8;20,1;25,8;24,2;20,4;18,8;13,6;78;68;71;89;6,5;2;
2024-10-20;1700;0;916,2;1010,3;916,3;915,9;1038,1;27;22,7;18,7;26;22,7;19,8;18,4;13,1;79;67;78;68;7,1;2,5;
2024-10-20;1800;0;915,7;1009,9;916,2;915,7;545,8;25;22,4;18,8;22,8;22,4;19,3;18,4;13;82;77;80;118;7,1;1,9;
2024-10-20;1900;0;915,8;1010;915,9;915,7;551;25;22,5;18,5;22,9;22,4;19,6;18,2;13;83;76;78;113;7,1;1,8;
2024-10-20;2000;,2;916,4;1010,9;916,4;915,8;218,1;24;21,6;20,4;22,5;21,6;21,2;18,2;13;98;78;93;118;5;1,5;
2024-10-20;2100;,2;917;1011,7;917;916,4;63,3;23;21,1;20,9;21,7;21,1;21,1;19;12,8;99;85;99;104;4,2;1,3;
2024-10-20;2200;,2;917,6;1012,3;917,6;917;-1,8;22;21,3;18,8;21,3;20,9;21;18,5;12,8;100;84;85;100;4,9;1,5;
2024-10-20;2300;0;918,1;1013;918,1;917,6;-3,2;22;20,9;20,6;21,4;20,9;20,6;18,1;12,8;98;82;98;117;5,8;1,3;
2024-10-21;0000;0;918,5;1013,5;918,5;918,1;-2,4;22;20,9;20,9;21,1;20,8;20,9;20,3;12,8;100;96;100;120;5,3;1,5;
2024-10-21;0100;0;918,6;1013,6;918,8;918,5;,1;22;20,8;18,9;21,1;20,8;20,9;18,5;12,8;100;86;89;110;6,7;2,4;
2024-10-21;0200;0;918,5;1013,6;918,8;918,5;-1,5;22;20,5;20;20,8;20,5;20,4;18,5;12,8;99;86;97;107;7;1,9;
2024-10-21;0300;0;918,7;1014;918,8;918,5;-2,1;21;20,1;19,3;20,5;20,1;20,1;19,1;12,7;98;92;95;102;7;1,7;
2024-10-21;0400;0;918,6;1013,9;918,9;918,6;-1,4;21;20,1;18,4;20,4;20,1;19,1;17,4;12,7;95;83;90;104;5,8;1,5;
2024-10-21;0500;,2;918,3;1013,8;918,6;918,3;-2,3;21;19,3;null;20,1;19,3;19,5;17,7;12,7;100;86;null;103;5,8;1,9;
2024-10-21;0600;,4;918,2;1013,7;918,3;918,1;-3,1;20;19,4;19,4;19,5;19,2;null;null;12,7;null;null;100;67;5,8;1,7;
2024-10-21;0700;0;918,1;1013,6;918,3;918,1;-1,6;20;19,3;null;19,4;19,1;null;null;12,7;null;null;null;105;6;2,8;
2024-10-21;0800;0;918,7;1014,2;918,7;918,1;-1,9;20;19,4;null;19,5;19,1;null;null;12,6;null;null;null;106;6,2;2,8;
2024-10-21;0900;0;919,1;1014,6;919,1;918,7;26,7;20;19,4;null;19,6;19,3;null;null;12,6;null;null;null;103;6,8;2,3;
2024-10-21;1000;0;919,9;1015,3;920;919,1;239,9;21;20,2;20,2;20,2;19,3;null;null;13;null;null;100;112;7,1;2,1;
2024-10-21;1100;0;920,6;1015,6;920,7;919,9;748,6;22;21,4;18,3;21,5;20,2;20,7;18,3;13,4;100;82;83;118;7,1;2,3;
2024-10-21;1200;0;921,1;1015,7;921,2;920,6;1303,3;23;22,8;19,1;22,8;21,4;19,3;18,1;13,7;86;77;80;89;6,8;2,2;
2024-10-21;1300;0;921,5;1015,7;921,5;921;2057,2;25;24,2;19;25;22,8;19,8;18,3;13,5;80;69;73;63;6,5;2;
2024-10-21;1400;0;921,7;1015,6;921,7;921,5;1390,5;26;25;18,6;25,2;23,4;19,6;18,2;13,8;75;68;68;57;7;2,3;
2024-10-21;1500;0;921,3;1014,8;921,9;921,3;1503,2;27;26,1;18,9;26,3;24,8;19,6;18,3;13,8;70;64;65;80;5,9;1,8;
2024-10-21;1600;0;920,1;1013,3;921,3;920,1;2505,2;29;26,6;18,3;28,1;25,9;20,1;17,9;13,7;66;58;60;111;5,8;2,7;
2024-10-21;1700;0;919,4;1012,6;920,1;919,4;1534,2;29;26,6;18,7;27,5;26,5;19,5;17,7;13,1;63;56;62;74;6,9;1,5;
2024-10-21;1800;0;919,2;1012,6;919,5;919,2;477,9;28;25,7;18,7;26,7;25,6;19;17,8;13;66;58;65;58;4,4;1,4;
2024-10-21;1900;0;919,6;1013,7;919,7;919,2;393,5;27;23,9;18,9;25,8;23,8;19,2;18,2;13;75;63;74;288;7;3,2;
2024-10-21;2000;0;919,5;1013,7;919,7;919,4;321,5;26;23,5;19,3;23,9;23,5;19,4;18,9;13;77;74;77;289;4,7;2,6;
2024-10-21;2100;0;920,2;1014,6;920,3;919,5;160,5;25;23;19;23,5;22,8;19,9;19;12,9;84;77;78;61;6,8;2,8;
2024-10-21;2200;0;920,5;1015,4;920,5;920,2;2,6;24;21,6;21;23;21,6;21,1;18,5;12,8;97;77;97;102;6,8;1,1;
2024-10-21;2300;0;921,4;1016,6;921,4;920,5;-3,5;23;21,1;null;21,6;21,1;null;null;12,8;null;null;null;124;2,4;,5;
2024-10-22;0000;0;921,9;1016,9;921,9;921,4;-3,5;23;21,8;21,7;22,1;21,1;null;null;12,8;null;null;99;97;4,3;,9;
2024-10-22;0100;0;922,2;1017,1;922,3;921,9;-3,4;22;22,1;19,5;22,1;21,5;21,7;19,5;12,8;100;85;85;117;4,8;1,9;
2024-10-22;0200;0;922,4;1017,5;922,4;922,2;-3,5;23;21,7;18,4;22,1;21,7;19,3;18,3;12,8;85;80;82;72;7,3;1,9;
2024-10-22;0300;0;921,9;1017,1;922,4;921,9;-3,5;22;21,4;18,4;21,9;21,4;18,5;18,3;12,7;84;81;83;92;6;1,6;
2024-10-22;0400;0;921,3;1016,4;921,9;921,3;-3,5;22;21,4;18,4;21,6;21,3;18,6;18,3;12,7;84;82;83;88;6,2;1,8;
2024-10-22;0500;0;921;1016,1;921,3;920,9;-3,3;22;21,3;18,4;21,5;21,2;19,1;18,4;12,7;88;83;84;80;6,6;1,6;
2024-10-22;0600;0;920,7;1015,9;921;920,7;-3,5;22;21;20,4;21,3;20,7;20,6;18,5;12,7;99;84;97;94;5,1;1,2;
2024-10-22;0700;0;921,1;1016,2;921,1;920,6;-3,5;22;21,2;18,8;21,3;20,8;20,5;18,7;12,7;98;85;86;64;5,3;1,4;
2024-10-22;0800;0;921,4;1016,8;921,4;921,1;-3,4;21;20,6;20,6;21,2;20,5;20,6;18,8;12,6;100;86;100;92;3,3;1;
2024-10-22;0900;0;922;1017,5;922;921,4;20,6;21;20,4;20,4;20,7;20,3;20,7;20,3;12,6;100;100;100;90;3,5;1;
2024-10-22;1000;0;922,7;1017,8;922,7;922;306,1;22;21,9;18,9;21,9;20,4;20,9;18,8;13,1;100;83;83;79;4,9;1,6;
2024-10-22;1100;0;923,3;1018;923,3;922,7;736,6;23;23,2;19;23,2;21,9;19,2;18,5;13,4;85;75;77;64;6,2;1,9;
2024-10-22;1200;0;923,5;1017,6;923,7;923,3;1579,4;25;25;18,4;25,1;23,1;19,3;18,2;13,8;78;67;67;70;7,1;2,5;
2024-10-22;1300;0;923,4;1016,8;923,6;923,3;2592,4;28;27,2;18,8;27,2;25;18,9;17,9;13,8;68;59;60;55;7,2;2,3;
2024-10-22;1400;0;923,1;1016,3;923,4;923,1;2832,9;29;27,6;17,6;28,3;25,6;19,1;16,9;13,5;64;54;55;62;7,4;2,6;
2024-10-22;1500;0;922,5;1015,7;923,1;922,5;1666,3;30;27,6;18,2;27,8;26,4;18,7;17,3;13,7;60;54;57;44;6,6;2,8;
2024-10-22;1600;0;921,6;1014,6;922,5;921,6;2807,3;31;27,9;17,1;29,3;27,4;18,7;16,8;13,5;57;49;52;63;6,6;2,3;
2024-10-22;1700;0;920,7;1013,6;921,6;920,7;1573,6;31;27,9;16,9;29,6;27,6;18,3;16,8;13,1;54;47;51;57;5,6;1,9;
2024-10-22;1800;0;919,9;1012,5;920,7;919,9;790,7;31;28,5;16,7;28,6;27,9;17,9;16,7;13,1;54;48;49;59;4,5;1,2;
2024-10-22;1900;0;919,3;1011,5;919,9;919,2;1217,1;31;29,5;17,1;29,6;28,4;17,7;16,4;13,4;50;47;47;null;2,8;null;
2024-10-22;2000;0;919,6;1013,4;919,6;919,2;340,7;31;24,7;19,1;29,6;24,7;19,2;16,5;12,9;71;47;71;300;null;3,6;
2024-10-22;2100;0;920,6;1015,4;920,6;919,6;22,7;27;22;21,8;24,7;22;21,8;18,8;12,8;99;71;98;251;6,1;2;
2024-10-22;2200;0;920,8;1015,7;920,9;920,4;-1,4;24;21,9;21,9;22,2;21,8;22;20,5;12,8;100;90;100;241;4,2;,9;
2024-10-22;2300;0;921;1016,1;921;920,8;-3,5;23;21,2;null;21,9;21,2;null;null;12,8;null;null;null;149;1,9;,9;
2024-10-23;0000;0;921,5;1016,9;921,5;920,9;-3,4;22;20,7;null;21,2;20,7;null;null;12,8;null;null;null;73;1,4;,5;
2024-10-23;0100;0;921,6;1017;921,7;921,5;-2,9;22;20,6;null;21,2;20,6;null;null;12,8;null;null;null;143;2,2;1,3;
2024-10-23;0200;0;921,3;1016,7;921,6;921,3;-2,8;22;20,6;null;20,7;20,5;null;null;12,7;null;null;null;145;2;,7;
2024-10-23;0300;0;920,7;1016;921,3;920,7;-2,9;22;20,7;null;20,7;20,4;null;null;12,7;null;null;null;141;1,9;1,2;
2024-10-23;0400;0;920,1;1015,4;920,7;920,1;-3,2;22;20,3;null;20,7;20,3;null;null;12,7;null;null;null;139;2;1,1;
2024-10-23;0500;0;919,4;1014,7;920,1;919,4;-2,9;21;20,3;null;20,3;20;null;null;12,7;null;null;null;148;2,4;1,2;
2024-10-23;0600;0;919,5;1014,7;919,5;919,3;-3;21;20,5;null;20,9;20,2;null;null;12,7;null;null;null;145;2,4;,8;
2024-10-23;0700;0;919,5;1014,8;919,6;919,5;-3,4;21;20,3;null;20,6;20,2;null;null;12,6;null;null;null;136;1,9;1,1;
2024-10-23;0800;0;919,6;1015,1;919,6;919,5;-2,9;21;19,8;null;20,3;19,8;null;null;12,6;null;null;null;152;2,4;1,1;
2024-10-23;0900;0;919,9;1015,1;919,9;919,6;29,1;21;20,6;null;20,6;19,8;null;null;12,6;null;null;null;141;2,4;,7;
2024-10-23;1000;0;920,4;1015,3;920,4;919,9;309,1;21;21,7;21,6;21,7;20,6;21,7;20,8;13,1;100;99;99;146;2;,9;
2024-10-23;1100;0;920,8;1014,4;920,8;920,4;1222,8;24;25,8;19,2;25,8;21,7;22;19;13,7;100;67;67;91;3,9;2;
2024-10-23;1200;0;920,7;1013,7;920,8;920,7;1979,8;27;27,5;19;27,5;25,5;19,4;17,9;13,7;67;58;60;64;4,8;1,7;
2024-10-23;1300;0;920,3;1013;920,8;920,3;1890,5;29;28,3;18,4;28,3;26,1;18,8;17,5;13,7;62;53;55;46;4,8;1,4;
2024-10-23;1400;0;919,7;1012,2;920,3;919,7;2008,9;30;28,8;16,9;29,1;27,4;18,5;16,9;13,5;56;49;49;12;4,8;1,5;
2024-10-23;1500;0;919;1011,3;919,7;919;1543,6;31;29,1;17,5;29,1;28,1;17,7;16,5;13,3;52;47;50;null;3,9;null;
2024-10-23;1600;0;918;1010,7;919;918;1281,9;31;27,5;17,8;29,2;27,3;19;16,6;13,1;57;47;56;null;5,5;null;
2024-10-23;1700;0;917,2;1010,5;918;917,2;666,9;29;25,4;18;27,5;25,2;18,6;17,5;13;66;55;64;5;6;3,7;
2024-10-23;1800;0;916,4;1010,2;917,2;916,4;128,3;27;23,7;18,4;25,4;23,7;19,1;17,7;12,9;74;62;72;301;7,2;2,7;
2024-10-23;1900;0;916,2;1010,4;916,5;916,2;72,4;25;22,5;19,4;23,7;22,5;19,4;17,6;12,9;83;71;83;233;5,6;1;
2024-10-23;2000;0;916,3;1010,4;916,6;916,2;255,4;24;22,9;19,5;22,9;22,4;21;19,2;13,2;92;80;81;107;2,1;,7;
2024-10-23;2100;0;916,5;1010,6;916,7;916,3;285,3;25;23;19,4;23,3;22,8;19,8;19,1;12,9;82;77;80;142;2,2;,8;
2024-10-23;2200;0;916,7;1011;916,7;916,4;3;24;22,3;20,8;23,3;22,3;20,8;19;12,8;91;77;91;170;2,2;,6;
2024-10-23;2300;0;917,5;1012;917,5;916,7;-3,2;24;22,1;19,3;22,6;21,9;21,4;19,2;12,8;94;82;84;119;1,9;1;
2024-10-24;0000;0;918,4;1013;918,4;917,5;-3,5;23;22;21,9;22;21,5;22;19,3;12,8;100;84;100;210;1,9;,6;
2024-10-24;0100;0;918,1;1013;918,5;918,1;-3,5;23;21;null;22;21;null;null;12,7;null;null;null;89;2,8;,8;
2024-10-24;0200;0;917,4;1012,3;918,1;917,4;-3,2;22;20,8;null;21;20,7;null;null;12,7;null;null;null;166;1,9;1,1;
2024-10-24;0300;0;917,6;1012,5;917,7;917,4;-2,4;22;20,9;null;21,1;20,7;null;null;12,7;null;null;null;164;3,2;1;
2024-10-24;0400;0;917,2;1012,1;917,8;917,2;-1,6;22;20,7;null;21,4;20,6;null;null;12,7;null;null;null;86;2,4;,8;
2024-10-24;0500;0;917,1;1012,1;917,4;917;-2,9;22;20,4;null;20,9;20,3;null;null;12,7;null;null;null;70;1,5;,3;
2024-10-24;0600;0;917;1011,7;917,1;916,9;-3;22;21,1;null;21,3;20,4;null;null;12,7;null;null;null;216;4;1,5;
2024-10-24;0700;0;917;1011,9;917;916,7;-3,5;22;20,6;null;21,2;20,6;null;null;12,7;null;null;null;185;3,3;1,2;
2024-10-24;0800;0;916,7;1011,9;917;916,6;-3,5;21;19,7;null;20,7;19,6;null;null;12,6;null;null;null;139;3,3;,7;
2024-10-24;0900;0;916,8;1012,1;916,9;916,6;25,3;20;19,5;null;19,8;19,1;null;null;12,7;null;null;null;134;2,1;1,2;
2024-10-24;1000;0;917,5;1012;917,5;916,8;564,1;21;22;21,5;22;19,5;null;null;13,2;null;null;97;149;2,4;1,2;
2024-10-24;1100;0;918,2;1012,1;918,3;917,5;856,3;23;24;19,4;24,1;22;22,2;19,4;13,5;99;76;76;84;null;,8;
2024-10-24;1200;0;918,3;1011,7;918,4;918,2;1264,5;25;25,5;18,6;26;23,9;19,9;18,1;13,7;77;63;66;18;null;3;
2024-10-24;1300;0;917,7;1010;918,3;917,7;2735,2;28;28,7;18,3;29,1;25,5;19,4;17,9;13,8;66;52;53;329;7,1;3,4;
2024-10-24;1400;0;917,1;1009,2;917,7;917;2607,8;30;29,2;18,1;29,9;27,9;19,2;16,3;13,5;56;48;51;340;8,5;3,7;
2024-10-24;1500;0;916,9;1009,4;917,1;916,8;2200;31;27,8;18,3;30,3;27,4;18,7;16,4;13,6;58;46;56;297;8,9;4,1;
2024-10-24;1600;0;915;1006,4;916,9;915;2764;31;30,7;16;31,5;27,8;18,8;15,7;13,5;57;40;41;292;12,8;6,3;
2024-10-24;1700;0;914;1005,2;915;914;3402,7;32;31,2;15,3;32,2;29,8;17,4;13,9;13,2;46;36;38;293;11,5;4,4;
2024-10-24;1800;0;912,9;1004,6;914;912,7;2471;33;29,2;17,4;32,1;29,2;17,4;15,3;13;49;38;49;287;10,7;6,7;
2024-10-24;1900;0;912,6;1003,9;912,9;912,6;1000,6;32;30,4;17;30,5;28,7;17,6;16,2;13,3;51;45;45;277;10,7;2,9;
2024-10-24;2000;0;913,1;1004,8;913,1;912,5;894,1;32;29,2;17,1;31,2;29,2;17,4;16,3;12,9;48;43;48;280;5,7;2,3;
2024-10-24;2100;,2;913,8;1008;914;913,1;35,4;27;21,8;17,2;29,2;21,7;17,9;14,8;12,8;76;48;75;148;17,8;1,1;
2024-10-24;2200;0;914,8;1009,4;914,8;913,7;-,6;24;20,9;18,8;21,8;20,8;19,1;17;12,8;90;75;88;149;4,6;1,5;
2024-10-24;2300;0;915,6;1010,3;915,6;914,8;-2,1;23;20,7;20,7;21,1;20,7;20,9;18,3;12,8;100;85;100;143;3,2;1,8;
2024-10-25;0000;2,2;917;1011,9;917;915,3;-2,9;22;20,7;null;21,7;20,5;21,5;20,5;12,8;100;96;null;172;5,6;1,1;
2024-10-25;0100;1,6;919,7;1015,3;919,7;917;-,4;22;19,5;null;21,1;19,3;null;null;12,8;null;null;null;242;8,2;3;
2024-10-25;0200;17,4;919,1;1014,8;920;919,1;-1;21;19;null;19,5;18,6;null;null;12,7;null;null;null;269;9,1;2,2;
2024-10-25;0300;4,2;917,1;1012,7;919;917,1;-1,6;20;18,7;null;19;18,7;null;null;12,7;null;null;null;132;4,1;1,3;
2024-10-25;0400;1;916,2;1011,7;917,1;916,2;-1,8;20;18,8;null;18,8;18,6;null;null;12,7;null;null;null;136;3,9;1,3;
2024-10-25;0500;,4;916;1011,4;916,2;915,8;-1,3;20;18,9;null;18,9;18,7;null;null;12,7;null;null;null;150;3,2;1,4;
2024-10-25;0600;2,8;915,5;1010,9;916;915,5;-1,3;20;18,8;null;18,9;18,7;null;null;12,6;null;null;null;115;2,4;1,2;
2024-10-25;0700;3,8;916,8;1012,2;916,9;915,5;-1,9;20;19,1;null;19,2;18,8;null;null;12,6;null;null;null;252;3,1;1,3;
2024-10-25;0800;4;916,7;1012,2;916,8;916,3;-1,4;20;18,9;null;19,1;18,8;null;null;12,6;null;null;null;152;2,8;1,8;
2024-10-25;0900;1,6;917;1012,4;917,2;916,6;0;20;19,1;null;19,1;18,9;null;null;12,6;null;null;null;54;2,9;1,2;
2024-10-25;1000;,6;917,2;1012,5;917,5;916,5;53,3;20;19,5;null;19,9;19,1;null;null;12,7;null;null;null;57;4,6;1,2;
2024-10-25;1100;0;917,9;1013,2;918,5;917,2;240,6;20;19,9;null;19,9;19,4;null;null;13,1;null;null;null;118;5,6;2,2;
2024-10-25;1200;0;918,2;1013,2;918,2;917,7;704,7;21;20,8;20,8;21,1;19,9;null;null;13,2;null;null;100;114;5,6;1,6;
2024-10-25;1300;0;919,4;1014,5;919,4;918,2;438,1;22;20,7;null;20,9;20,6;null;null;13,1;null;null;null;138;4,8;1,4;
2024-10-25;1400;,2;920;1015,2;920,1;919,4;233,1;22;20,8;null;21;20,7;null;null;13;null;null;null;193;4,7;2,7;
2024-10-25;1500;2;919,1;1014,3;920,2;919,1;306,3;21;20,5;null;20,8;20,3;null;null;13,2;null;null;null;51;6;1,3;
2024-10-25;1600;1;917,8;1012,8;919,1;917,8;574,6;22;20,5;null;21,1;20,1;null;null;13,5;null;null;null;123;3,1;1,2;
2024-10-25;1700;0;917;1011,2;917,8;917;1672,8;23;22,8;19,2;22,9;20,5;22,6;19;13,9;100;80;80;65;3,4;1,6;
2024-10-25;1800;0;916,5;1010,6;917;916,4;1225,4;25;22,9;19,6;23,1;22,5;21,2;18,8;13,5;92;79;82;95;4,1;1,3;
2024-10-25;1900;0;915,8;1009,5;916,5;915,8;1627,4;26;23,8;19,6;24,6;22,9;21,2;19,1;13,2;89;75;77;61;3,8;1,8;
2024-10-25;2000;0;916,4;1010,3;916,4;915,8;657,5;26;23,6;20,4;23,9;23,4;20,6;19,5;13,1;84;77;82;67;4;1,5;
2024-10-25;2100;0;916,7;1011,1;916,7;916,3;246,3;25;22,1;22,1;23,6;22,1;22,5;19,8;12,9;100;79;100;120;3,6;1,2;
2024-10-25;2200;0;917,6;1012,2;917,6;916,7;4,9;23;21,6;null;22,2;21,5;null;null;12,8;null;null;null;140;3,6;1,3;
2024-10-25;2300;0;918,2;1013;918,2;917,6;-3;23;21,3;null;21,6;21,3;null;null;12,8;null;null;null;139;3,5;1,3;
2024-10-26;0000;0;918,7;1013,5;918,7;918,2;-2,4;22;21,4;null;21,4;21,3;null;null;12,8;null;null;null;139;3,3;1,3;
2024-10-26;0100;0;919,4;1014,3;919,4;918,7;-2,7;22;21,3;null;21,5;21,3;null;null;12,8;null;null;null;147;3,4;1,6;
2024-10-26;0200;0;919,1;1014,1;919,4;919;-3,5;22;21,1;null;21,5;21;null;null;12,8;null;null;null;145;3,6;1,4;
2024-10-26;0300;0;918,3;1013,3;919,1;918,2;-3,5;22;20,9;null;21,1;20,8;null;null;12,7;null;null;null;147;2,9;1,5;
2024-10-26;0400;0;917,8;1012,8;918,3;917,8;-3,3;22;20,7;null;21;20,6;null;null;12,7;null;null;null;153;3,5;1,6;
2024-10-26;0500;0;917,8;1012,8;918;917,8;-3,4;21;20,5;null;20,7;20,5;null;null;12,7;null;null;null;149;2,8;1,4;
2024-10-26;0600;0;917,9;1013;917,9;917,7;-3,5;21;20,2;null;20,6;20,1;null;null;12,7;null;null;null;151;2,6;1,2;
2024-10-26;0700;0;917,7;1012,8;917,9;917,7;-2,9;21;20,3;null;20,3;19,8;null;null;12,7;null;null;null;147;2,6;1,4;
2024-10-26;0800;0;917,8;1012,9;917,9;917,6;-3,5;21;20,2;null;20,3;20,2;null;null;12,6;null;null;null;155;2,8;1,6;
2024-10-26;0900;0;918,2;1013,4;918,2;917,8;26,4;21;20,1;null;20,3;20;null;null;12,7;null;null;null;135;2,7;1,3;
2024-10-26;1000;0;918,9;1013,4;918,9;918,2;556,1;22;22,4;21,6;22,4;19,9;null;null;13,3;null;null;95;153;3,5;1,7;
2024-10-26;1100;0;919,4;1013,1;919,4;918,9;1326,9;24;25,1;19,9;25,3;22,4;22,5;19,5;13,6;99;72;73;136;3,3;1,3;
2024-10-26;1200;0;920;1013,2;920;919,4;2150,2;27;26,6;19,7;27,6;25,1;20,5;18,9;13,7;73;61;66;306;4,8;2,5;
2024-10-26;1300;0;919,9;1012,8;920,2;919,9;2393,9;29;27,5;19,3;28,6;26,7;20,9;19,3;13,8;68;60;61;293;5,8;2,9;
2024-10-26;1400;0;919,6;1012,3;919,9;919,6;2442,4;30;28,2;20,4;28,6;27,3;21,3;19,7;13,5;66;60;63;294;6,7;3,6;
2024-10-26;1500;0;918,7;1011,1;919,6;918,7;3183,4;31;28,9;19,4;30,6;28,1;21;19,4;13,5;63;53;56;267;7,2;4;
2024-10-26;1600;0;918,2;1011,8;918,7;918,2;1779;30;24,9;16,8;31,3;24,8;21;16,8;13,1;68;51;61;193;10,5;4,9;
2024-10-26;1700;4,6;917,4;1011,5;918,2;917,3;632,7;26;23,1;18,6;25,2;23;20,7;16,9;13;82;60;76;238;8,9;4,2;
2024-10-26;1800;,4;916,8;1011,3;917,7;916,7;244,9;24;21,7;18,7;23,3;21,7;21,4;18,3;13;95;75;83;279;8,1;4,3;
2024-10-26;1900;0;918,2;1012,8;918,2;916,4;269,9;24;21,9;21,5;22;21,5;21,8;18,4;12,9;100;82;97;304;6,2;2;
2024-10-26;2000;,2;919,2;1013,5;919,2;918,2;51,5;24;23,1;17,8;23,2;21,7;22;17,8;12,8;100;72;72;325;7,6;3,5;
2024-10-26;2100;0;918,7;1013,5;919,3;918,6;3,5;23;21,5;18,2;23,1;21,4;19,1;17,4;12,8;86;72;82;316;7,6;1,3;
2024-10-26;2200;,6;919,2;1014,4;919,4;918,7;-2,5;22;20,4;null;21,6;20,4;20,7;17,6;12,8;100;79;null;143;4,4;1;
2024-10-26;2300;,2;918,1;1013,3;919,2;918,1;-2;22;20,1;null;20,6;20,1;null;null;12,8;null;null;null;149;4;,4;
2024-10-27;0000;0;919;1014,5;919;917,7;-3,2;21;19,6;null;20,1;19,6;null;null;12,8;null;null;null;34;2,8;1,8;
2024-10-27;0100;0;920,1;1015,6;920,1;919;-3,2;21;19,8;null;20,4;19,5;null;null;12,7;null;null;null;50;3,5;,7;
2024-10-27;0200;0;920;1015,6;920,2;920;-3,1;21;19,6;null;19,9;19,5;null;null;12,7;null;null;null;161;2,3;1,3;
2024-10-27;0300;0;919,7;1015,4;920;919,7;-3,2;20;19,1;null;19,7;19;null;null;12,7;null;null;null;163;2,2;1,3;
2024-10-27;0400;0;919,3;1015,1;919,7;919,3;-3,4;20;18,8;null;19,2;18,8;null;null;12,7;null;null;null;145;2,1;,8;
2024-10-27;0500;0;918,6;1014,4;919,3;918,6;-2,5;20;18,4;null;18,8;18,3;null;null;12,7;null;null;null;149;1,8;1,1;
2024-10-27;0600;0;918,8;1014,8;918,8;918,4;-2,7;19;18,1;null;18,5;18,1;null;null;12,6;null;null;null;157;1,8;,6;
2024-10-27;0700;0;918,9;1014,9;918,9;918,6;-2,7;19;17,9;null;18,2;17,6;null;null;12,6;null;null;null;138;2,1;1,2;
2024-10-27;0800;0;919,7;1015,7;919,7;918,9;-2,5;19;18,3;null;18,8;17,7;null;null;12,6;null;null;null;170;2,3;1,1;
2024-10-27;0900;,2;920,4;1016,4;920,4;919,7;39,9;19;18,5;null;18,5;18;null;null;12,6;null;null;null;159;2,5;1,1;
2024-10-27;1000;0;921,1;1016;921,1;920,4;563,7;20;21,8;19,2;21,9;18,5;null;null;13,3;null;null;85;116;2,9;1;
2024-10-27;1100;0;921,8;1016,2;921,8;921,1;874,4;22;23,6;19,9;23,6;21,8;22;19;13,7;99;80;80;null;null;null;
2024-10-27;1200;0;922,3;1016;922,3;921,8;2440,1;25;26;19,1;26,4;23,6;20,7;19;13,7;81;65;66;116;7,9;2,8;
2024-10-27;1300;0;922,5;1016,2;922,5;922,3;2063,9;28;25,9;19,9;27,3;25,7;20,6;19,1;13,5;70;63;69;84;7,9;1,6;
2024-10-27;1400;0;922,1;1015,3;922,6;922,1;1415;28;27,3;20,2;27,3;25,8;20,7;19,1;13,8;72;64;65;95;null;1,5;
2024-10-27;1500;0;921,5;1014,3;922,1;921,5;2990,7;30;28,5;20,1;28,7;26,7;21;18,6;13,5;67;57;60;84;5,8;2,2;
2024-10-27;1600;0;920;1012,5;921,5;920;3329,7;31;28,8;18,2;29,4;27,4;20,5;18;13,5;61;51;53;111;5,4;2,5;
2024-10-27;1700;0;919,1;1011,3;920,1;919,1;2704;32;29,6;18,3;30,9;28,6;19,6;17,7;13,2;56;48;51;48;6,2;2,5;
2024-10-27;1800;0;918,8;1011,6;919,1;918,6;590,9;31;27,6;18,7;29,6;27,6;19,4;18,4;13;60;51;58;39;6,2;3,7;
2024-10-27;1900;0;918,7;1012,9;918,9;918,6;116,3;28;23,4;17,4;27,6;23,3;19;17,2;12,9;70;58;69;334;11,9;2,1;
2024-10-27;2000;,8;919,6;1014,6;919,6;918,7;18,8;24;21,3;21,3;23,3;21,3;21,4;17,5;12,8;100;69;100;214;6,6;2,4;
2024-10-27;2100;1,4;920,9;1016,1;920,9;919,6;8,5;23;21;null;21,3;20,8;null;null;12,8;null;null;null;173;6,3;2,9;
2024-10-27;2200;,6;920,9;1016,1;921;920,7;-,9;22;20,9;null;21,2;20,9;null;null;12,8;null;null;null;119;7,4;1,4;
2024-10-27;2300;0;921,1;1016,4;921,2;920,9;-3,2;22;20,6;null;21,1;20,6;null;null;12,8;null;null;null;115;4,6;1,1;
2024-10-28;0000;0;922,1;1017,5;922,1;921,1;-2,2;22;20,8;null;21,1;20,6;null;null;12,8;null;null;null;109;2,8;1,2;
2024-10-28;0100;0;923,4;1019;923,4;922,1;-,6;22;20,5;null;20,8;20,4;null;null;12,7;null;null;null;333;3,5;1,4;
2024-10-28;0200;,4;922,9;1018,5;923,5;922,9;-3,4;22;20,3;null;20,8;20,3;null;null;12,7;null;null;null;354;4;1,3;
2024-10-28;0300;0;921,5;1017,1;922,9;921,5;-2,4;21;20;null;20,3;19,9;null;null;12,7;null;null;null;127;3,1;1,5;
2024-10-28;0400;0;921;1016,5;921,5;921;-2,4;21;20,2;20,2;20,2;19,8;null;null;12,7;null;null;100;101;6,9;2,2;
2024-10-28;0500;0;920,6;1016,2;921;920,6;-1,7;21;19,7;null;20,3;19,6;null;null;12,7;null;null;null;124;6,9;1,6;
2024-10-28;0600;0;920;1015,5;920,6;920;-2,9;21;19,8;null;19,8;19,7;null;null;12,6;null;null;null;113;6,3;1,6;
2024-10-28;0700;0;920,3;1015,8;920,3;920;-2,5;21;19,8;null;19,9;19,7;null;null;12,6;null;null;null;108;4,2;1,5;
2024-10-28;0800;0;920,9;1016,5;920,9;920,3;-1,8;20;19,7;null;19,8;19,7;null;null;12,6;null;null;null;91;3,6;,9;
2024-10-28;0900;0;921,4;1016,9;921,4;920,8;10,7;21;20,2;null;20,2;19,6;null;null;12,6;null;null;null;101;4,9;1,7;
2024-10-28;1000;0;922,2;1017,6;922,2;921,4;244,4;21;20,7;20,7;20,7;20,1;null;null;13,1;null;null;100;12;4,6;2,1;
2024-10-28;1100;0;922,7;1017,7;922,7;922,2;721,8;22;22,1;18,4;22,2;20,7;21,1;18;13,4;100;78;80;85;3,8;1,6;
2024-10-28;1200;0;922,9;1017,6;923;922,6;1340,5;24;23,2;18,6;23,3;22,1;19,9;18,2;13,6;84;75;76;64;3,8;1,5;
2024-10-28;1300;0;922,7;1016,8;923;922,7;1846,5;26;24,7;18,2;25;23;19,8;18;13,8;78;67;67;92;5,3;2,1;
2024-10-28;1400;0;922,3;1016,2;922,7;922,3;1823,5;28;25,4;18;25,7;24,6;19,5;17,7;13,5;71;64;64;78;5,8;1,7;
2024-10-28;1500;0;921,6;1015,4;922,3;921,6;887,1;28;25,3;18,4;25,7;25;18,9;17,6;13,2;68;63;66;79;3,7;1,1;
2024-10-28;1600;0;920,7;1014;921,6;920,7;1381,9;28;26,6;17,9;27,3;25,2;20,2;17,9;13,7;68;59;59;56;4;1,8;
2024-10-28;1700;0;919,7;1012,5;920,7;919,7;2570,2;30;27,8;17,9;28;26,3;19,1;16,7;13,6;64;52;55;97;4;1,4;
2024-10-28;1800;0;919,2;1012,7;919,7;919,2;1512,3;30;25,4;18,3;28,5;25,4;18,7;15,6;13;66;48;65;160;5,8;1,9;
2024-10-28;1900;0;918,9;1012,6;919,2;918,8;574,1;28;24,8;18,9;25,6;24,8;19,9;18,3;13;73;64;70;143;3,7;1,7;
2024-10-28;2000;,6;919,8;1014,7;919,8;918,9;127,7;25;21,5;null;24,8;21,3;null;null;12,9;null;null;null;217;7,9;3,5;
2024-10-28;2100;,8;919,9;1014,8;919,9;919,6;137,3;23;21,4;null;21,7;21,2;null;null;12,9;null;null;null;15;5,4;,5;
2024-10-28;2200;,2;920,4;1015,6;920,4;919,9;7,7;23;20,7;null;21,4;20,7;null;null;12,8;null;null;null;134;2,5;1,4;
2024-10-28;2300;0;921,3;1016,6;921,3;920,4;-1,7;22;20,9;null;20,9;20,6;null;null;12,8;null;null;null;155;2,9;1,7;
2024-10-29;0000;,2;921,1;1016,4;921,4;921,1;-1,3;22;20,8;null;21,2;20,8;null;null;12,8;null;null;null;121;3,6;,8;
2024-10-29;0100;0;921,2;1016,3;921,2;920,6;-1,6;22;21,3;null;21,4;20,6;null;null;12,8;null;null;null;131;4,2;1,2;
2024-10-29;0200;0;921,3;1016,5;921,6;921,2;-,7;22;21;null;21,5;21;null;null;12,8;null;null;null;144;3,8;1,2;
2024-10-29;0300;0;920,9;1016,2;921,4;920,9;-1;22;20,7;null;21,1;20,7;null;null;12,7;null;null;null;360;2,6;1,1;
2024-10-29;0400;0;920,3;1015,5;920,9;920,3;-2,2;22;20,7;null;20,8;20,7;null;null;12,7;null;null;null;143;2,9;,7;
2024-10-29;0500;,2;919,8;1015,1;920,4;919,8;-2,2;21;20,3;null;20,9;20,3;null;null;12,7;null;null;null;121;3,5;,7;
2024-10-29;0600;0;919,3;1014,6;919,8;919,3;-2,3;21;20,1;null;20,3;20;null;null;12,7;null;null;null;140;2,1;,8;
2024-10-29;0700;0;919,5;1015;919,6;919,3;-1,9;21;19,8;null;20,2;19,8;null;null;12,7;null;null;null;78;2,2;,6;
2024-10-29;0800;0;919,9;1015,4;920;919,5;-3;21;19,9;null;19,9;19,6;null;null;12,6;null;null;null;157;1,7;,5;
2024-10-29;0900;0;920;1015,6;920,3;919,9;23,6;20;19,6;null;19,8;19,5;null;null;12,7;null;null;null;121;2,4;1,2;
2024-10-29;1000;0;920,8;1015,9;920,8;920;441,9;21;21,1;20,7;21,4;19,5;null;null;13,2;null;null;97;91;3,1;1;
2024-10-29;1100;0;921,3;1016,2;921,3;920,8;654,6;22;21,9;18,7;22;20,9;21,3;18,4;13,3;100;81;82;104;3,7;1,6;
2024-10-29;1200;0;921,5;1016;921,5;921,3;1365,6;24;23,1;18,6;23,8;21,8;20,7;18,2;13,5;92;72;76;88;5,4;1,9;
2024-10-29;1300;0;921,5;1015,4;921,6;921,5;2138;26;25;19;25,1;23,1;19,7;18,1;13,7;79;69;69;78;5;1,8;
2024-10-29;1400;0;921,1;1014,9;921,6;921,1;2217,9;28;25,3;18,5;25,8;24,3;19,5;18;13,8;72;64;66;89;4,3;1,7;
2024-10-29;1500;0;920,5;1013,7;921,2;920,5;2161,9;28;26,7;18,1;26,7;25;19;17,4;13,6;67;59;59;62;4;1,4;
2024-10-29;1600;0;919,1;1011,6;920,5;919,1;3542,7;30;28,5;17,7;28,5;26,6;19,2;16,5;13,5;60;50;52;178;6,2;1,7;
2024-10-29;1700;0;918,2;1010,3;919,1;918,2;2742,8;31;29,5;17,4;29,6;28;18,1;15,7;13,4;53;46;48;123;6,7;1,8;
2024-10-29;1800;0;917,5;1009,6;918,2;917,5;2049,5;32;29,2;15,4;29,5;27,9;18,3;15,4;13,5;54;43;43;141;4,5;1,8;
2024-10-29;1900;0;916,7;1008,7;917,5;916,7;1781,8;32;29,3;15,5;30,1;28,1;16,8;15,2;13,6;48;42;43;129;5,5;2,1;
2024-10-29;2000;0;916,8;1009,1;916,8;916,6;859,7;31;28,4;15,9;29,5;28,1;17,3;15,1;13;51;43;47;124;5,5;1,2;
2024-10-29;2100;0;917,1;1009,9;917,1;916,8;492,6;30;27,1;15,7;28,7;27,1;16,8;15,4;12,9;50;45;50;156;3,9;1,1;
2024-10-29;2200;0;917,8;1011,5;917,8;917;3,7;28;24,5;17,4;27,1;24,5;17,5;15;12,8;65;49;65;122;3,2;,8;
2024-10-29;2300;0;918,3;1012,3;918,4;917,8;-3,5;25;23,6;18,5;24,7;23,6;18,5;17,5;12,8;73;65;73;113;2,2;,6;
2024-10-30;0000;,2;920,6;1016,9;920,6;918,3;-,2;24;17,7;17,6;23,6;17,7;18,9;15,2;12,8;100;61;100;185;12,4;7,2;
2024-10-30;0100;4,6;920;1016,1;920,6;918,9;-,3;20;18;null;18,7;17,3;null;null;12,8;null;null;null;143;12,4;1,4;
2024-10-30;0200;3,4;920,2;1015,9;920,3;920;-3,1;20;19,2;16,3;19,2;17,9;null;null;12,7;null;null;83;135;4,4;1,4;
2024-10-30;0300;2,8;919,5;1015,4;920,2;919,5;-2,5;19;18,5;16,4;19,3;18,2;17,5;15,6;12,7;95;80;88;137;3,5;1,4;
2024-10-30;0400;2;919,1;1015,3;919,5;919,1;-2,6;19;17,5;17,5;18,8;17,5;17,5;15,4;12,7;100;82;100;130;3,4;1,1;
2024-10-30;0500;1,4;918,9;1014,9;919,1;918,8;-2,9;19;18;17,2;18,3;17,5;18,1;17,1;12,7;100;94;96;134;3,1;1,2;
2024-10-30;0600;1,2;918,4;1014,3;918,9;918,3;-3,4;18;18,3;15,5;18,4;17,6;17,7;15,5;12,7;99;84;84;134;2,9;1,4;
2024-10-30;0700;,8;918,4;1014,4;918,5;918,3;-2,8;18;18;18;18,4;17,5;18;15,5;12,6;100;84;100;141;3;1,1;
2024-10-30;0800;0;918,6;1014,5;918,6;918,4;-3,5;18;18,1;18,1;18,4;17,9;18,4;17,9;12,6;100;100;100;149;3;,9;
2024-10-30;0900;,2;919;1014,9;919;918,6;48,9;18;18,2;null;18,5;17,5;null;null;12,7;null;null;null;128;2,8;,8;
2024-10-30;1000;0;919,7;1015;919,7;919;600,9;19;20,3;16,7;20,3;18,1;19;16,5;13,3;100;80;80;160;2,6;1;
2024-10-30;1100;0;920,2;1015;920,2;919,7;1096,2;22;22;17,6;22;20,3;18;16,7;13,8;83;74;76;99;5,3;2,2;
2024-10-30;1200;0;920,1;1014,2;920,3;920,1;1639,9;23;24;17,5;24,1;22;18,4;16,8;13,8;77;67;67;104;6,4;1,6;
2024-10-30;1300;0;920;1013,9;920,1;919,9;2666,1;25;24,7;17,2;25;23,2;18,1;16,6;13,6;70;61;63;88;7,3;1,9;
2024-10-30;1400;0;919,7;1013,2;920,1;919,7;2872,5;27;25,8;16,7;26,5;24,2;18,5;16,3;13,7;65;56;57;77;6,7;2,1;
2024-10-30;1500;0;919,1;1012,3;919,7;919,1;2991,4;28;26,4;16,6;27,2;25,5;18,1;15,9;13,2;60;52;55;61;5,7;1,9;
2024-10-30;1600;0;918,6;1011,7;919,2;918,5;2695,5;29;26,6;15,2;28,1;26,1;17,6;15,2;13,2;59;47;50;79;5,5;2,3;
2024-10-30;1700;0;917,8;1010,1;918,6;917,8;3239;30;28,7;14,7;29,2;26,5;16,8;13,4;13,6;55;40;43;57;5,1;2,3;
2024-10-30;1800;0;917,1;1009,3;917,8;917,1;2946,7;32;28,9;13,8;29,5;28,2;16,3;12,6;13,6;47;36;40;64;5,6;1,9;
2024-10-30;1900;0;916,3;1008,3;917,1;916,3;2244,7;32;29,2;13,4;29,6;28,4;15,3;11,8;13,6;44;34;38;118;4,5;2;
2024-10-30;2000;0;916,2;1008,8;916,4;916,2;646,4;31;27,3;13,7;29,4;27,3;14,6;11,9;13;47;35;43;128;8;1;
2024-10-30;2100;0;916,4;1009,3;916,4;916,2;493,4;30;26,6;14,7;28,1;26,6;16,4;13,9;12,9;54;43;48;137;2,3;,7;
2024-10-30;2200;0;916,7;1010,7;916,7;916,4;6,5;27;23,3;14,4;26,6;23,3;14,8;14;12,8;58;48;57;163;2,5;1,5;
2024-10-30;2300;0;917,4;1011,9;917,4;916,7;-3,5;24;22,1;14,7;23,9;22,1;14,7;14,3;12,8;63;55;63;154;2,9;1,7;
2024-10-31;0000;0;918,2;1013,3;918,2;917,4;-3,5;23;20,4;15,1;22,1;20,1;15,5;14,7;12,8;73;63;72;148;2,5;1,2;
2024-10-31;0100;0;918,7;1014;918,7;918,2;-3,5;21;19,9;15;21,5;19,9;15,5;14,9;12,8;75;67;74;144;2,3;,9;
2024-10-31;0200;0;918,8;1014,2;918,8;918,7;-3,5;21;19,8;14,8;20,4;19,5;15,3;14,7;12,8;76;71;73;155;2,5;1,3;
2024-10-31;0300;0;919;1014;919;918,8;-3,5;20;20,9;14,4;20,9;19,4;14,8;14,2;12,7;74;66;66;122;4,4;1,8;
2024-10-31;0400;0;918,7;1013,7;919;918,7;-3,5;21;20,8;15,1;21,1;20,4;15,1;14,2;12,7;71;65;70;110;7,2;2,7;
2024-10-31;0500;0;918,4;1013,5;918,8;918,3;-3,5;21;20,4;15,4;20,9;20,3;15,6;15;12,7;73;69;73;109;7,2;2,5;
2024-10-31;0600;0;918,4;1013,7;918,5;918,3;-3,5;21;20;15,5;20,5;20;15,5;15,4;12,7;75;73;75;106;8,3;2,6;
2024-10-31;0700;0;918,3;1013,9;918,4;918,3;-3,5;20;19,1;15,4;20;19,1;15,6;15,3;12,7;79;75;79;109;7,2;2,2;
2024-10-31;0800;0;918,7;1014,4;918,7;918,4;-3,5;20;18,9;15,1;19,3;18,8;15,4;15,1;12,6;80;78;78;117;7,8;2,8;
2024-10-31;0900;0;919,1;1014,8;919,1;918,7;36,3;19;19;14,5;19;18,6;15,1;14,4;12,6;79;75;75;116;7,5;2,5;
2024-10-31;1000;0;919,6;1014,8;919,6;919,1;696,1;21;20,7;14,2;20,8;19;14,7;14,1;13,2;75;66;66;115;7,5;3;
2024-10-31;1100;0;920,2;1014,6;920,2;919,6;1579,2;23;23;15,4;23,2;20,7;15,9;14,5;13,7;68;61;62;84;7,5;2,9;
2024-10-31;1200;0;920,3;1014,2;920,4;920;2421,6;25;24,7;16,3;24,7;22,8;16,3;14,9;13,8;64;57;60;63;8,6;2,8;
2024-10-31;1300;0;920,2;1013,8;920,4;920,2;3021,7;26;25,4;15,6;25,7;24,4;16,8;14,6;13,7;59;53;55;70;7,5;3;
2024-10-31;1400;0;920;1013,3;920,2;919,9;3500,9;28;26,4;14,7;27,1;25,1;16,3;14,7;13,7;56;48;49;47;7,6;3,5;
2024-10-31;1500;0;919,4;1012,3;920,1;919,3;3286,9;29;27,3;15,4;28;26,3;16,6;14,1;13,7;52;44;48;38;8;3,6;
2024-10-31;1600;0;918,7;1011,2;919,4;918,7;2867,7;30;28,3;14,5;28,5;26,3;16,1;13;13,6;50;41;43;68;7;1,9;
2024-10-31;1700;0;917,7;1010;918,7;917,7;3164,7;31;28,9;12,1;29,4;27,7;15,3;11,9;13,5;45;34;35;111;6;1,9;
2024-10-31;1800;0;916,7;1008,7;917,7;916,7;2299,8;32;29,3;13,4;30,1;27,9;14,1;11,3;13,6;41;34;38;47;6;2,1;
2024-10-31;1900;0;916;1008,2;916,7;915,9;1202,9;31;28,5;13;29,4;27,9;14,1;11,4;13,1;42;35;38;97;5,6;1,5;
2024-10-31;2000;0;916;1008,9;916,1;915,9;332;30;26,5;14,4;28,5;26,5;14,4;11,9;13;47;36;47;103;4,5;1,1;
2024-10-31;2100;0;916,2;1009,3;916,3;916;108,6;28;25,7;13,4;26,5;25,7;14,6;12,9;12,9;52;44;47;141;4,5;,7;
2024-10-31;2200;0;916,7;1010,5;916,7;916,2;3,1;26;23,9;14,1;25,7;23,6;15;13,4;12,8;58;46;54;156;2;1,1;
2024-10-31;2300;0;917,5;1012;917,5;916,7;-3,5;24;22;15,7;23,8;22;15,7;13,9;12,8;68;54;68;157;2,3;,8;
2024-11-01;0000;0;918,2;1013;918,2;917,5;-3,5;23;21,2;14,4;22,1;21,2;15,3;14,1;12,8;68;60;65;158;3,6;1,8;
2024-11-01;0100;0;918,7;1013,6;918,7;918,2;-3,5;22;21,3;14,1;21,7;20,9;14,5;14;12,8;65;62;64;149;3,6;1,4;
2024-11-01;0200;0;918,8;1013,6;918,9;918,7;-3,5;22;21,6;14,1;21,6;21;14,2;14;12,8;65;62;62;124;3,3;1,3;
2024-11-01;0300;0;918,6;1013,1;918,8;918,5;-3,5;22;22,3;13,9;22,4;21,4;14,2;13,8;12,7;64;58;59;120;5,7;2,6;
2024-11-01;0400;0;918,1;1012,9;918,6;918,1;-3,5;22;21,3;14;22,3;21;14,2;13,8;12,7;65;59;63;106;5,7;2,2;
2024-11-01;0500;0;917,9;1012,5;918,1;917,9;-3,5;22;21,8;13,9;22;21,3;14,1;13,6;12,7;63;59;61;91;6,9;2,1;
2024-11-01;0600;0;918,3;1012,9;918,3;917,8;-3,4;22;21,8;14,9;22;21,5;15;13,9;12,7;66;60;65;96;6,5;2,5;
2024-11-01;0700;0;918,7;1013,8;918,7;918,3;-3,4;22;20,6;15,4;21,8;20,5;15,7;15;12,7;74;65;72;86;7,5;1,4;
2024-11-01;0800;0;919,3;1014,7;919,3;918,7;-3,5;21;19,9;15,4;20,6;19,8;15,4;15,2;12,6;76;72;75;90;6,3;1,1;
2024-11-01;0900;0;919,9;1015,4;919,9;919,3;31,3;21;19,9;15,5;20,1;19,7;15,6;15,2;12,7;76;74;76;75;6,8;1,6;
2024-11-01;1000;0;920,6;1015,5;920,7;919,9;589;22;21,9;15,5;21,9;19,9;15,8;14,8;13,2;76;65;67;114;5,4;1,9;
2024-11-01;1100;0;920,9;1015,1;921;920,5;1510,4;24;23,9;15,9;24,1;21,9;16,3;14,9;13,7;67;59;61;74;6,6;2,2;
2024-11-01;1200;0;921,2;1015,1;921,2;920,9;2514,9;26;24,8;15,5;25,6;23,9;16,6;15,5;13,5;62;55;56;57;8,1;2,9;
2024-11-01;1300;0;921;1014,8;921,3;921;2469,6;28;25,1;15,9;26;24,5;16,9;15,1;13,7;59;53;57;62;8,3;3,3;
2024-11-01;1400;0;920,5;1013,9;921;920,5;2348;28;26,3;15,4;27,3;24,8;17,5;15,3;13,4;59;50;51;83;8,8;2,6;
2024-11-01;1500;0;920,2;1012,9;920,6;920,2;3152,8;30;28,2;15,2;28,2;26,2;16,9;15,2;13,6;54;45;45;48;7,1;3,1;
2024-11-01;1600;0;919,2;1011,7;920,2;919,2;3378,3;31;28,5;16;28,9;27,3;16,8;14,6;13,5;50;43;47;96;7,5;2,5;
2024-11-01;1700;0;918,2;1010,3;919,2;918,2;3330,6;32;29,4;15;30;28,4;16,8;13,5;13,5;48;38;42;72;7,2;1,9;
2024-11-01;1800;0;917,3;1009,3;918,3;917,3;2585,9;32;29,5;14,6;30,2;28,7;15,7;13,3;13,6;43;36;40;91;6,1;2,3;
2024-11-01;1900;0;917;1009,6;917,3;916,9;1430,8;32;27,5;15,5;29,9;27,5;15,5;13,2;13;48;37;48;40;7,8;3,7;
2024-11-01;2000;0;917,1;1010;917,2;916,9;356,9;29;26,8;15,3;27,6;26,8;15,7;14,8;12,9;50;47;49;30;6,9;1,8;
2024-11-01;2100;0;917,3;1010,9;917,3;917;135,5;27;24,5;16,3;26,8;24,5;16,5;14,8;12,9;61;48;60;330;4,5;1,6;
2024-11-01;2200;0;917,9;1011,7;917,9;917,2;2,3;26;24,1;16,4;24,5;23,6;17,9;16,2;12,8;71;60;62;133;3,1;1,1;
2024-11-01;2300;0;918,7;1013;918,7;917,9;-3,5;25;22,9;16,4;24,2;22,9;17;16,1;12,8;67;61;67;143;2,6;1;
2024-11-02;0000;0;919,4;1013,9;919,4;918,7;-3,5;24;22,7;16,6;22,9;21,9;16,9;16,4;12,8;73;67;68;74;4,3;1,7;
2024-11-02;0100;0;920,1;1015,1;920,2;919,4;-3,5;23;21,3;17,1;22,7;21,3;17,1;16,5;12,8;77;68;77;91;5,7;,9;
2024-11-02;0200;0;920,3;1015,4;920,3;920,1;-3,4;23;21,2;16,9;21,8;20,9;17;16,6;12,7;78;73;77;150;3,4;1,1;
2024-11-02;0300;0;920,1;1015,2;920,4;920,1;-3,4;22;21;16,8;21,4;20,8;17;16,7;12,7;78;76;77;153;2;,5;
2024-11-02;0400;0;919,4;1014,7;920,1;919,4;-2,8;22;20,2;16,8;21,3;20,2;17,3;16,7;12,7;81;76;81;158;1,6;,6;
2024-11-02;0500;0;919;1014,4;919,4;919;-3,2;21;19,9;17,8;20,6;19,7;18,8;16,7;12,7;94;81;88;155;1,9;1,4;
2024-11-02;0600;0;919;1014,3;919,1;918,8;-1,7;21;20,1;17,3;20,1;19,6;19,3;17,3;12,7;98;84;84;143;3,4;1,1;
2024-11-02;0700;0;919,1;1014,2;919,1;918,9;-2,6;21;20,6;16,8;20,9;19,6;18,1;16,7;12,7;92;77;79;106;6,4;1,7;
2024-11-02;0800;0;919,3;1014,5;919,4;919,1;-3,4;21;20,4;16,8;20,6;20,2;17,1;16,7;12,6;82;79;80;95;4,1;1,6;
2024-11-02;0900;0;920;1015,1;920;919,3;69,1;21;21;17;21;20,3;17,1;16,8;12,7;81;78;78;112;4,7;1,5;
2024-11-02;1000;0;920,5;1015,2;920,5;920;468,5;22;22,4;17,2;22,4;21;17,5;17;13,2;79;72;72;66;4,1;1,6;
2024-11-02;1100;0;920,7;1014,6;920,8;920,4;1406,8;24;24,8;16,9;25;22,3;17,8;16,6;13,6;74;62;62;81;8,1;2;
2024-11-02;1200;0;921,2;1014,7;921,2;920,7;2380,5;27;26,1;17,2;26,2;24,8;17,9;16,5;13,7;64;57;58;80;6,4;2,5;
2024-11-02;1300;0;921,1;1014,4;921,3;921,1;2197,6;29;26,6;16,8;27,4;25,9;18;16,1;13,5;59;53;55;45;7,9;3,5;
2024-11-02;1400;0;920,7;1013,7;921,2;920,7;2077,7;29;27,6;16,9;28,6;26,2;17,8;16;13,4;58;49;52;27;7,2;3,7;
2024-11-02;1500;0;920,4;1013,5;920,7;920,4;1494,7;29;27;17,5;27,7;25,2;18,1;15,9;13,3;63;50;56;291;8,4;4;
2024-11-02;1600;0;920,4;1014,8;920,6;920,4;794,3;26;23,2;18,1;27;22,9;18,4;17,1;13;74;56;73;300;9,1;2,4;
2024-11-02;1700;0;919,7;1013,6;920,4;919,7;808,4;26;24,5;19;24,5;22,9;19,2;17,7;13,2;78;70;71;77;4,5;,8;
2024-11-02;1800;0;918,5;1012,6;919,7;918,5;999,6;27;23,6;19,5;24,5;23;20,1;18,9;13,3;82;71;78;85;4,5;1,1;
2024-11-02;1900;0;917,9;1011,4;918,5;917,9;1750,9;28;25,2;19;25,9;23,4;19,8;18,7;13,9;79;66;68;115;4,2;1,7;
2024-11-02;2000;0;918,1;1011,6;918,1;917,9;1097,9;29;25,1;17,6;26,3;25,1;19,2;17,3;13;69;58;63;90;4,1;1,1;
2024-11-02;2100;0;918,5;1012,7;918,5;917,9;144,2;27;23,2;19,2;25,1;23,2;19,4;17,5;12,9;79;63;78;61;3,5;1,2;
2024-11-02;2200;0;919,1;1013,7;919,1;918,5;1,1;25;22,2;19,2;23,2;22,2;19,3;18,8;12,8;83;78;83;157;3;,7;
2024-11-02;2300;,6;919,4;1014,3;919,4;919,1;-3,3;24;21,5;21,5;22,2;21,5;21,5;18,8;12,8;100;81;100;145;2,2;,9;
2024-11-03;0000;1;919,8;1014,9;919,8;919,4;-2,5;23;20,9;null;21,5;20,9;null;null;12,8;null;null;null;278;2,3;1;
2024-11-03;0100;,2;920,3;1015,5;920,3;919,8;-2,4;22;20,7;null;21,2;20,7;null;null;12,8;null;null;null;149;2,1;,8;
2024-11-03;0200;,2;920,5;1015,7;920,6;920,3;-1,9;22;20,7;null;20,8;20,5;null;null;12,7;null;null;null;216;1,8;,6;
2024-11-03;0300;0;920,1;1015,4;920,5;920,1;-1,1;22;20,4;null;20,7;20,4;null;null;12,7;null;null;null;52;1;,5;
2024-11-03;0400;0;920;1015,3;920,2;919,9;-1,7;22;20,4;null;20,5;20,3;null;null;12,7;null;null;null;36;1,7;,6;
2024-11-03;0500;4,2;919,5;1014,8;920,1;919,5;-,2;21;20,2;null;20,4;20,1;null;null;12,7;null;null;null;178;1,6;,3;
2024-11-03;0600;1;918,7;1014;919,5;918,7;-1;21;20,1;null;20,3;20;null;null;12,7;null;null;null;120;1,8;,7;
2024-11-03;0700;,2;918,8;1014,1;918,8;918,7;-2;21;20;null;20,1;19,9;null;null;12,7;null;null;null;360;1,4;,4;
2024-11-03;0800;0;918,9;1014,3;919;918,7;-1,4;21;19,8;null;20,1;19,7;null;null;12,6;null;null;null;11;1,1;,7;
2024-11-03;0900;,2;919,2;1014,6;919,3;918,9;29,3;21;20;null;20;19,8;null;null;12,6;null;null;null;126;1,1;,3;
2024-11-03;1000;,4;919,5;1014,8;919,5;919,2;211,8;21;20,3;null;20,3;19,8;null;null;13;null;null;null;142;1,6;,7;
2024-11-03;1100;,4;919,5;1014,5;919,6;919,4;397,3;21;21;null;21;20,2;null;null;13,2;null;null;null;91;3,5;1,4;
2024-11-03;1200;,2;919,6;1014,4;919,7;919,5;717;22;21,6;null;21,6;21;null;null;13,5;null;null;null;75;5,4;1,6;
2024-11-03;1300;0;919,6;1014;919,6;919,5;2039,5;24;22,9;19,3;23,3;21,6;22,5;19,1;13,6;100;78;80;55;7;3,3;
2024-11-03;1400;0;919,4;1013,5;919,7;919,4;1707,4;25;23,9;18,9;24,6;22,9;20,2;18,7;13,8;83;71;74;52;7,5;3,2;
2024-11-03;1500;0;919;1013,1;919,5;919;1332,2;26;23,7;18,6;24,4;23,7;19,7;18,6;13,3;77;72;73;41;8,1;3,6;
2024-11-03;1600;0;918,3;1011,9;919;918,3;1675,7;27;25;19,2;25,4;23,7;20,1;18,6;13,4;76;68;70;59;6,6;2,3;
2024-11-03;1700;0;916,8;1009,9;918,3;916,8;1968,2;28;26;18,9;26,7;24,8;20,2;18;13,7;72;62;65;45;6,6;3;
2024-11-03;1800;0;915,7;1008,6;916,8;915,7;1370,7;28;26,3;19,2;26,5;25,2;20;17,9;13,1;70;62;65;92;6,1;1,7;
2024-11-03;1900;,8;915,6;1009,5;915,8;915,4;480,3;26;23,1;19,9;26,3;22,7;22,8;18,5;13,1;99;64;82;98;5,7;1,1;
2024-11-03;2000;0;915,4;1009,3;915,6;915,4;570;25;23,2;19;23,2;22,7;19,8;18,8;13;82;77;77;138;3,4;1,7;
2024-11-03;2100;0;915,8;1009,6;915,8;915,4;171,4;25;23,5;19,2;23,6;22,9;19,9;18,9;12,9;83;76;77;95;3,4;,9;
2024-11-03;2200;0;916,5;1010,8;916,5;915,8;8,2;24;22,2;18,4;23,5;22,1;19,9;18,4;12,8;84;77;79;102;5,1;1,4;
2024-11-03;2300;0;917,2;1011,9;917,2;916,5;-2,5;23;21,3;18,4;22,2;21,2;19,6;18,1;12,8;91;80;84;125;4,6;1,8;
2024-11-04;0000;0;917,8;1012,6;917,8;917,2;-3,1;22;21,3;18,3;21,3;21,1;18,6;18,2;12,8;86;83;83;99;5,4;1,5;
2024-11-04;0100;0;918,6;1013,6;918,6;917,8;-2,9;22;20,9;20,5;21,3;20,9;20,6;18,2;12,7;98;82;98;86;8,2;2,2;
2024-11-04;0200;,8;918,6;1013,9;918,9;918,5;-3;22;20;null;20,9;19,9;null;null;12,7;null;null;null;92;8,2;1,9;
2024-11-04;0300;1;918,1;1013,4;918,6;918,1;-1,5;21;19,8;null;20,1;19,8;null;null;12,7;null;null;null;113;7,3;2;
2024-11-04;0400;,4;917,5;1012,8;918,1;917,5;-1,4;21;19,7;null;19,9;19,7;null;null;12,7;null;null;null;105;5,3;1,7;
2024-11-04;0500;,2;917;1012,2;917,5;917;-1,7;21;19,7;null;19,9;19,6;null;null;12,7;null;null;null;102;6,2;2,2;
2024-11-04;0600;0;916,8;1012;917;916,8;-1,6;21;19,8;null;20,1;19,7;null;null;12,7;null;null;null;95;5,7;1,9;
2024-11-04;0700;,4;916,7;1011,9;916,8;916,6;-2,9;20;19,7;null;19,8;19,6;null;null;12,7;null;null;null;99;5,5;1,8;
2024-11-04;0800;,2;917,3;1012,5;917,3;916,7;,1;21;20;20;20;19,7;null;null;12,6;null;null;100;96;5,9;1,9;
2024-11-04;0900;0;917,2;1012,3;917,3;917,1;20,3;21;20,2;19,1;20,2;19,7;20;19,1;12,6;100;93;94;118;5,4;1,8;
2024-11-04;1000;0;918;1013;918;917,2;246,3;21;20,7;17,6;20,7;20,2;19,8;17,5;13;98;82;82;117;5,6;2;
2024-11-04;1100;0;918,6;1013,7;918,6;918;216,3;21;20,7;17,6;20,9;20,6;17,7;17,3;13;83;80;82;105;5,4;1,8;
2024-11-04;1200;0;919,4;1014,6;919,4;918,6;172,1;22;20,6;18,2;20,9;20,5;18,2;17,3;13;87;80;86;116;6;2,3;
2024-11-04;1300;,2;919,9;1015,1;919,9;919,4;380,1;21;20,7;20,1;20,8;20,4;20,8;18,3;13,2;100;87;96;108;7,6;1,6;
2024-11-04;1400;,4;920,4;1015,6;920,4;919,9;521,9;22;20,9;20,8;21,1;20,6;21,1;20,2;13,2;100;96;100;48;4,9;1,6;
2024-11-04;1500;,8;920;1015,2;920,4;920;384,7;22;20,7;null;20,9;20,4;null;null;13,2;null;null;null;80;3,7;1,1;
2024-11-04;1600;,8;919,7;1014,7;920;919,7;584,6;22;21,1;null;21,3;20,7;null;null;13,4;null;null;null;70;3,5;1,2;
2024-11-04;1700;,6;919,1;1014,1;919,7;919,1;570,8;22;20,9;null;21,4;20,9;null;null;13,4;null;null;null;113;4,4;1,3;
2024-11-04;1800;,4;918;1012,5;919,1;918;1109,7;23;22;null;22,1;20,9;null;null;13,3;null;null;null;85;4;1,7;
2024-11-04;1900;,4;917,3;1011,5;918;917,2;1214,2;24;22,9;19,9;23,1;21,9;22,4;19,9;13,1;100;83;84;96;4,5;1,5;
2024-11-04;2000;,4;917,2;1011,6;917,3;917;820,4;24;22,2;20;22,9;22,2;21,1;18,8;13;91;81;87;99;5;1,6;
2024-11-04;2100;,2;917,9;1012,6;917,9;917,2;107,2;23;21,4;21,4;22,2;21,4;21,7;19,3;12,9;100;84;100;107;3,9;1,6;
2024-11-04;2200;,4;918,7;1013,6;918,7;917,9;2;23;21,3;null;21,5;21,2;null;null;12,8;null;null;null;124;4,2;1,6;
2024-11-04;2300;,2;919,6;1014,6;919,6;918,7;-1,7;22;21,1;null;21,3;21,1;null;null;12,8;null;null;null;117;3,8;1,4;
2024-11-05;0000;0;919,8;1014,9;919,8;919,6;-3,2;22;20,9;null;21,2;20,8;null;null;12,8;null;null;null;93;4,8;1,2;
2024-11-05;0100;,2;919,9;1015,1;919,9;919,8;-2,8;22;20,8;null;21;20,7;null;null;12,8;null;null;null;103;5,8;1,7;
2024-11-05;0200;,2;919,9;1015,1;920;919,9;-2;22;20,7;null;20,8;20,6;null;null;12,7;null;null;null;91;4,4;1,8;
2024-11-05;0300;,2;919,4;1014,6;919,9;919,4;-2,3;22;20,6;null;20,9;20,5;null;null;12,7;null;null;null;106;4,6;1,7;
2024-11-05;0400;0;919;1014,2;919,4;919;-3,4;21;20,4;null;20,6;20,4;null;null;12,7;null;null;null;120;5,9;1,5;
2024-11-05;0500;,2;918,6;1013,8;919;918,6;-3,1;21;20,2;null;20,4;20,2;null;null;12,7;null;null;null;106;4,7;1,3;
2024-11-05;0600;,2;918,2;1013,6;918,7;918,2;-2,9;21;19,6;null;20,3;19,6;null;null;12,6;null;null;null;108;4,3;1,4;
2024-11-05;0700;0;918,5;1014;918,5;918,2;-1,4;20;19,4;null;19,6;19,3;null;null;12,6;null;null;null;111;5,9;1,4;
2024-11-05;0800;,2;919,1;1014,6;919,1;918,4;-1,8;20;19,4;null;19,5;19,2;null;null;12,6;null;null;null;349;4,2;1,2;
2024-11-05;0900;,2;919,6;1015,5;919,6;919,1;2;20;18,6;null;19,6;18,6;null;null;12,6;null;null;null;64;5,3;1,5;
2024-11-05;1000;,6;920;1015,8;920;919,6;55;20;18,8;null;18,8;18,6;null;null;12,7;null;null;null;114;6,6;1,4;
2024-11-05;1100;1;920,5;1016,2;920,5;920;236,8;20;19,3;null;19,3;18,8;null;null;13;null;null;null;null;7,6;null;
2024-11-05;1200;1;920,6;1016,1;920,6;920,5;513,5;21;20;null;20;19,3;null;null;13,4;null;null;null;102;null;1,7;
2024-11-05;1300;1,6;920,4;1015,4;920,6;920,4;1256,2;22;21,4;null;21,4;20;null;null;13,7;null;null;null;100;6;1,6;
2024-11-05;1400;1,8;920,2;1014,8;920,4;920,2;1444,5;23;22,5;19,2;22,5;21,2;22,2;19;13,8;100;82;82;77;5,1;1,7;
2024-11-05;1500;2,4;919,9;1014;920,3;919,9;1763,9;25;23,8;19,9;23,8;22,4;21,1;18,9;13,8;92;76;79;91;5,3;1,9;
2024-11-05;1600;2,6;919,3;1013,1;919,9;919,3;1764,5;26;24,6;19,7;24,8;23,7;20,4;19,1;13,9;81;72;74;78;5,7;2,4;
2024-11-05;1700;1,8;918,7;1013,5;919,3;918,7;970,9;26;21,4;null;25;21,4;21,8;18,5;13;100;69;null;281;8,9;3,2;
2024-11-05;1800;1,4;918,3;1013,2;918,7;918,3;266,5;24;21,2;null;22;21;null;null;13,1;null;null;null;84;5,8;1;
2024-11-05;1900;1;917,8;1012,2;918,3;917,7;843,2;23;22,4;null;22,4;21,1;null;null;13,1;null;null;null;117;3,3;1,3;
2024-11-05;2000;1;917,9;1012,1;917,9;917,8;604,2;24;22,9;19,4;23,3;22,3;22,3;19,1;13;100;77;81;64;4,3;1,3;
2024-11-05;2100;1,2;918,3;1012,8;918,3;917,9;207,3;24;22,3;22,3;22,9;22,3;22,5;19,3;12,9;100;80;100;89;4;,9;
2024-11-05;2200;,8;919;1014,2;919;918,2;10,4;23;20,4;20,4;22,3;20,4;22,3;19,6;12,8;100;90;100;265;5,7;4;
2024-11-05;2300;,6;919,8;1015,2;919,8;919;,8;22;20;null;20,4;20;null;null;12,8;null;null;null;139;5,7;,5;
2024-11-06;0000;,4;920,2;1015,8;920,2;919,8;-1,4;21;19,7;null;20;19,7;null;null;12,8;null;null;null;179;1,6;,7;
2024-11-06;0100;,4;920,6;1016,1;920,6;920,2;-2,2;21;19,9;null;19,9;19,6;null;null;12,8;null;null;null;137;2,9;1,2;
2024-11-06;0200;,2;920,4;1015,9;920,6;920,3;-1,1;21;20;null;20,2;19,9;null;null;12,8;null;null;null;246;4,2;1,8;
2024-11-06;0300;,4;919,8;1015,2;920,4;919,8;-1,7;21;20;null;20,3;20;null;null;12,7;null;null;null;312;4,2;1;
2024-11-06;0400;,2;919,2;1014,6;919,8;919,2;-1,6;21;19,9;null;20,1;19,9;null;null;12,7;null;null;null;136;2,9;,9;
2024-11-06;0500;,2;918,7;1014,1;919,2;918,7;-1,2;21;19,8;null;19,9;19,8;null;null;12,7;null;null;null;144;2,5;1,3;
2024-11-06;0600;,2;918,6;1013,9;918,7;918,6;-1,1;21;20;null;20;19,8;null;null;12,7;null;null;null;113;2,5;,8;
2024-11-06;0700;,4;918,8;1014,1;918,8;918,6;-1,4;21;19,9;null;20,2;19,9;null;null;12,7;null;null;null;120;2,8;,9;
2024-11-06;0800;,2;918,8;1014,2;918,9;918,7;-2,3;20;19,8;null;20;19,6;null;null;12,6;null;null;null;138;3,5;1,1;
2024-11-06;0900;,2;919,2;1014,6;919,2;918,8;46,2;20;20;null;20;19,6;null;null;12,7;null;null;null;127;3,1;1,3;
2024-11-06;1000;,2;919,5;1014;919,5;919,2;808,4;22;22,5;19,7;22,6;19,9;null;null;13,2;null;null;85;83;4,6;1,4;
2024-11-06;1100;,2;919,6;1013,8;919,6;919,5;1193,5;23;23,6;19,4;23,6;22;20,2;18,2;13,7;86;76;77;71;5,6;1,7;
2024-11-06;1200;,2;919,9;1013,8;919,9;919,5;2429,9;26;24,4;18,6;25,1;23,6;19,8;18,2;13,9;78;67;70;53;6,9;2,8;
2024-11-06;1300;,2;919,5;1012,9;919,9;919,5;3003,5;27;25,8;18,5;26,7;24,3;20;17,9;13,8;73;61;64;61;6,7;2,8;
2024-11-06;1400;,4;919,1;1011,7;919,5;919,1;2881;29;28,3;20,8;28,3;25,3;20,8;17,8;13,7;69;59;64;79;6,5;2,4;
2024-11-06;1500;,2;918,6;1011,4;919,1;918,6;3662,8;30;27,5;18,6;28,6;26,3;20,5;17,7;13,5;69;55;58;53;7,6;3;
2024-11-06;1600;,2;917,8;1010,2;918,6;917,7;3087,6;31;28,4;19,4;28,5;27,1;20,1;17,9;13,2;63;54;58;64;7,6;3,1;
2024-11-06;1700;,2;916,9;1009,5;917,8;916,9;987,5;30;27,6;18,5;28,4;26,4;19,3;17,7;13,7;63;54;58;103;7,1;1,5;
2024-11-06;1800;,2;915,8;1007,9;916,9;915,8;2424,8;31;28,7;19;29,2;27,6;19,6;17,6;13,5;62;51;56;80;5,4;1,6;
2024-11-06;1900;,2;915;1007,2;915,8;915;1730,6;31;28,1;17,5;29,5;27,7;19,1;17;13;58;50;53;92;6,1;1,7;
2024-11-06;2000;,2;915;1007,9;915,1;914,9;351,5;30;26,1;18,7;28,1;26;19,1;17,5;12,9;66;53;64;129;4,4;,9;
2024-11-06;2100;,2;915,6;1009;915,6;915;109,7;28;24,7;18,4;26,4;24,7;19,1;17,8;12,9;68;60;68;308;4,3;2,9;
2024-11-06;2200;0;916,1;1010;916,1;915,6;1,4;26;23,4;19,4;24,9;23,4;19,4;18,1;12,8;78;66;78;214;4,3;1,5;
2024-11-06;2300;,2;917,4;1011,9;917,5;916;-2,1;25;22;21,9;23,5;22;21,9;19,1;12,8;99;76;99;265;5,9;3,2;
2024-11-07;0000;0;917,6;1012,2;917,7;917,4;-3,1;24;21,7;null;22;21,5;null;null;12,8;null;null;null;121;4,8;1,2;
2024-11-07;0100;0;918,2;1012,8;918,3;917,6;-2,6;23;21,8;null;21,8;21,3;null;null;12,8;null;null;null;86;2,8;1,3;
2024-11-07;0200;,2;918;1012,9;918,4;917,9;,1;22;20,9;20,9;21,9;20,9;21,8;20;12,8;100;89;100;138;3,7;1,8;
2024-11-07;0300;0;917,6;1012,6;918,1;917,6;-,5;22;20,5;null;20,9;20,5;null;null;12,7;null;null;null;137;3,9;1,6;
2024-11-07;0400;0;917,2;1012,2;917,8;917,2;-2,4;22;20,3;null;20,6;20,3;null;null;12,7;null;null;null;115;4,6;1,6;
2024-11-07;0500;,2;916,7;1011,6;917,2;916,7;-2;22;20,6;null;20,7;20,3;null;null;12,7;null;null;null;108;5,3;1,5;
2024-11-07;0600;0;916,5;1011,3;916,7;916,4;-2,1;21;20,7;null;20,7;20,4;null;null;12,7;null;null;null;125;3,5;1,4;
2024-11-07;0700;,2;916,6;1011,6;916,7;916,5;-2,2;21;20,2;null;20,7;20,2;null;null;12,6;null;null;null;118;3,3;1;
2024-11-07;0800;0;916,9;1011,9;916,9;916,5;-3,3;21;20,3;null;20,4;20;null;null;12,6;null;null;null;117;3,3;,8;
2024-11-07;0900;0;917,6;1012,6;917,6;916,9;37,8;21;20,4;null;20,4;20,1;null;null;12,7;null;null;null;123;2,5;1;
2024-11-07;1000;,2;918,4;1013,3;918,4;917,6;158,9;21;21,2;null;21,2;20,4;null;null;12,9;null;null;null;113;3,2;1,2;
2024-11-07;1100;0;918,6;1013,4;918,7;918,4;188,4;22;21,4;null;21,5;21,2;null;null;12,9;null;null;null;67;3,8;1,1;
2024-11-07;1200;,2;919,1;1014,2;919,1;918,6;172;22;20,8;null;21,4;20,8;null;null;12,9;null;null;null;328;6,2;2,8;
2024-11-07;1300;0;919,1;1013,7;919,1;919;618,5;22;22,2;22,1;22,2;20,6;null;null;13,4;null;null;99;353;6,2;,8;
2024-11-07;1400;0;918,7;1013;919,1;918,7;1223,6;24;23,1;19,3;23,2;22,2;22,4;19;13,9;100;78;79;295;3,4;2,2;
2024-11-07;1500;,2;917,9;1012,1;918,7;917,9;1166,1;25;23,1;19,8;23,3;22,8;20,9;19,1;13,4;89;79;82;286;4,5;2,2;
2024-11-07;1600;0;917,5;1012,3;917,9;917,5;630,1;24;21;null;23,1;20,2;22,8;19,3;13,2;100;81;null;270;10,3;3,5;
2024-11-07;1700;0;916,6;1010,9;917,5;916,6;867,2;23;22,4;null;22,5;20,9;null;null;13,8;null;null;null;310;7,3;3,4;
2024-11-07;1800;,2;915,8;1010,2;916,6;915,8;692,2;23;21,7;null;22,4;21,7;null;null;13,1;null;null;null;292;7,3;3,3;
2024-11-07;1900;0;914,5;1008,5;915,8;914,5;803,8;24;22,5;21,3;22,5;21,7;22,4;20;13,2;100;85;93;328;5,9;1,9;
2024-11-07;2000;,2;914;1007,9;914,5;913,9;884,4;25;22,7;18,3;23,3;22,4;20,7;18;13;93;73;76;20;6,1;3,5;
2024-11-07;2100;0;913,7;1007,9;914;913,7;281,4;24;21,8;18,2;22,8;21,8;18,9;18;12,9;81;75;80;63;6,1;1,4;
2024-11-07;2200;,2;914,3;1008,8;914,3;913,7;7,6;23;21;18,6;21,8;20,9;20;17,7;12,8;95;78;86;137;3,3;1,1;
2024-11-07;2300;0;915;1009,8;915;914,3;-2,7;22;20,4;null;21,2;20,4;20,7;17,9;12,8;100;81;null;143;2,4;1;
2024-11-08;0000;,2;915,5;1010,3;915,6;915;-3,2;22;20,5;null;20,7;20,3;null;null;12,8;null;null;null;126;3;1,3;
2024-11-08;0100;0;915,8;1010,8;915,8;915,5;-3;21;20,1;null;20,5;20,1;null;null;12,8;null;null;null;140;2,9;1,1;
2024-11-08;0200;0;915,3;1010,2;915,8;915,3;-2,2;21;20,1;null;20,2;20,1;null;null;12,8;null;null;null;132;2,9;1;
2024-11-08;0300;,2;914,7;1009,5;915,3;914,7;-2,5;21;20,3;null;20,4;20;null;null;12,7;null;null;null;109;2,8;1;
2024-11-08;0400;0;914;1008,7;914,7;914;-1,8;21;20,2;null;20,3;20;null;null;12,7;null;null;null;76;2,6;1,2;
2024-11-08;0500;,2;913,7;1008,4;914,1;913,7;-2,2;21;20,3;null;20,4;20,1;null;null;12,7;null;null;null;47;2,6;,8;
2024-11-08;0600;0;913,9;1008,5;913,9;913,7;-2,4;21;20,5;null;20,5;19,9;null;null;12,7;null;null;null;36;2,9;1,7;
2024-11-08;0700;0;914,1;1009;914,2;913,8;-2,8;21;19,9;null;20,6;19,9;null;null;12,7;null;null;null;9;3,6;,8;
2024-11-08;0800;,2;914,6;1009,4;914,7;914,1;-1,9;21;20,1;null;20,1;19,7;null;null;12,6;null;null;null;5;3;1,4;
2024-11-08;0900;0;915,1;1010;915,1;914,6;3,6;21;20,2;null;20,4;20;null;null;12,6;null;null;null;358;6,9;1,8;
2024-11-08;1000;0;915;1009,7;915,3;915;133,4;21;20,6;null;20,7;20;null;null;12,9;null;null;null;32;7;4,1;
2024-11-08;1100;,2;915,8;1010,3;915,8;914,9;415,9;21;21,4;20,4;21,5;20,5;21,1;19,1;13,1;100;86;94;323;7,5;2,2;
2024-11-08;1200;0;916,2;1011;916,2;915,8;244,7;22;20,7;null;21,5;20,7;null;null;13,1;null;null;null;336;7,5;3,9;
2024-11-08;1300;0;916,3;1010,5;916,3;916,2;955,9;22;22,5;20,1;22,5;20,7;null;null;13,7;null;null;86;323;8,1;3,6;
2024-11-08;1400;,2;916;1009,8;916,3;916;1682,4;24;23,6;18,9;23,6;22,4;20,4;18,8;13,9;88;75;75;337;7,7;4,4;
2024-11-08;1500;0;915,5;1009,3;916;915,5;2044,7;26;23,6;19,5;25,4;23,4;19,9;18,6;13,8;78;69;78;334;8,3;4,2;
2024-11-08;1600;0;914,4;1007,5;915,5;914,4;1687,9;26;25,3;18,7;25,3;23,2;20,1;18,4;13,8;79;66;67;328;9,4;5,3;
2024-11-08;1700;,2;913,9;1008,4;914,4;913,8;1592,3;27;21;null;25,9;20,9;21;18;13,3;100;65;null;299;10,7;4,3;
2024-11-08;1800;0;913,2;1006,4;913,9;913,1;2679,3;26;24,7;19,7;25,8;21;24;19,3;13,1;100;70;74;329;8,6;3,8;
2024-11-08;1900;0;912,7;1005,7;913,2;912,7;1747,7;27;25;19,6;26,6;24,6;21;19,1;13,3;77;68;72;285;8,9;6,1;
2024-11-08;2000;,2;913,3;1008;913,6;912,7;332,5;25;20,2;null;25,5;20,2;21,5;18,7;12,9;100;70;null;311;9,3;3,5;
2024-11-08;2100;0;914,3;1009;914,4;913,3;31,9;22;20,4;null;20,6;20,2;null;null;12,8;null;null;null;312;7,6;2,2;
2024-11-08;2200;0;915,1;1010;915,1;914,3;,6;22;20,2;null;20,5;19,7;null;null;12,8;null;null;null;249;6,6;3;
2024-11-08;2300;0;915,6;1010,6;915,6;915,1;-1,2;21;19,8;null;20,3;19,8;null;null;12,8;null;null;null;315;6,9;1,8;
2024-11-09;0000;,2;916;1011,1;916;915,6;-1,9;21;19,8;null;19,8;19,7;null;null;12,8;null;null;null;298;2,4;,9;
2024-11-09;0100;0;916,2;1011,3;916,3;916;-1,9;21;19,8;null;19,9;19,7;null;null;12,8;null;null;null;108;1,8;,3;
2024-11-09;0200;0;916;1011,1;916,3;916;-1,7;21;19,8;null;19,8;19,7;null;null;12,7;null;null;null;72;1,4;,6;
2024-11-09;0300;0;915,3;1010,3;916;915,3;-1,9;21;19,7;null;19,8;19,6;null;null;12,7;null;null;null;163;1,4;,5;
2024-11-09;0400;,2;914,9;1009,9;915,4;914,9;-2;21;19,8;null;19,8;19,7;null;null;12,7;null;null;null;130;1,1;,5;
2024-11-09;0500;0;914,7;1009,7;914,9;914,7;-1,9;21;19,7;null;19,8;19,6;null;null;12,7;null;null;null;129;1,9;,9;
2024-11-09;0600;0;914,7;1009,7;914,8;914,6;-1,1;21;19,8;null;19,8;19,7;null;null;12,7;null;null;null;155;1,8;,9;
2024-11-09;0700;,2;914,9;1009,8;914,9;914,7;-1,3;21;19,9;null;19,9;19,8;null;null;12,6;null;null;null;188;1,7;,5;
2024-11-09;0800;0;915,2;1010,2;915,2;914,9;-1,5;21;19,8;null;19,9;19,8;null;null;12,6;null;null;null;95;1,6;,7;
2024-11-09;0900;0;915,6;1010,6;915,7;915,2;31,4;21;19,9;null;19,9;19,6;null;null;12,6;null;null;null;158;1,5;,9;
2024-11-09;1000;,2;916,5;1011,4;916,5;915,6;254,2;21;20,4;null;20,4;19,9;null;null;13,1;null;null;null;198;1,5;,7;
2024-11-09;1100;0;916,7;1011,1;916,7;916,5;1090,6;23;22,1;20,8;22,9;20,3;null;null;13,5;null;null;93;355;1,7;,9;
2024-11-09;1200;0;917,3;1011,4;917,3;916,7;1521,5;24;23,1;18,5;24,1;22;21,6;17,9;13,5;96;72;75;348;2,3;1;
2024-11-09;1300;,2;917,2;1011,5;917,3;917;1234,9;26;22,5;20,3;24,2;22,5;20,3;18,3;13,2;87;70;87;30;3,8;2,5;
2024-11-09;1400;0;917,3;1011,8;917,3;917,2;620,3;24;21,9;null;22,5;21,2;null;null;13,2;null;null;null;279;4,7;2;
2024-11-09;1500;0;917,4;1012;917,5;917,3;798,6;23;21,8;null;21,9;21,1;null;null;13,9;null;null;null;309;3,9;1,1;
2024-11-09;1600;0;916,8;1010,9;917,5;916,8;1649,9;24;23;19,4;23,1;21,8;null;null;13,5;100;80;80;236;2,2;,3;
2024-11-09;1700;,2;916,2;1009,6;916,8;916,2;2674,6;26;24,9;19,3;25,3;22,3;23,5;18,9;13,9;100;69;71;219;4;1,2;
2024-11-09;1800;0;915,4;1008,5;916,2;915,4;2661,1;28;25,6;19,6;26,3;24,9;21,3;19,2;13,1;76;67;69;204;5,7;3,3;
2024-11-09;1900;0;915,3;1008,2;915,4;915,1;1374,8;28;26;19,6;26,2;25,1;20,8;19;13,5;74;67;68;208;5,8;3,2;
2024-11-09;2000;,2;915,2;1008,2;915,4;915,1;1080,4;28;25,7;19,3;26,1;25,3;20,3;19,1;13,1;72;66;68;193;5,7;3,3;
2024-11-09;2100;0;915,8;1009,5;915,8;915,1;555,1;27;24;19,2;25,8;24;19,6;18,8;12,9;75;66;75;167;5,7;2,5;
2024-11-09;2200;0;916,5;1010,7;916,5;915,8;18,6;25;22,5;18,6;24;22,5;19,2;18,6;12,8;79;74;79;156;5,9;1,9;
2024-11-09;2300;0;917;1011,8;917,1;916,5;-3,5;23;21;21;22,7;21;21,4;18,6;12,8;100;78;100;167;4;1;
2024-11-10;0000;0;917,7;1012,8;917,7;917;-3,5;22;20,4;null;21;20,2;null;null;12,8;null;null;null;194;1,7;1,1;
2024-11-10;0100;,2;918,4;1013,7;918,4;917,7;-3,5;21;19,9;null;20,9;19,7;null;null;12,8;null;null;null;35;3,7;,6;
2024-11-10;0200;0;918,2;1013,3;918,5;918,2;-3,2;21;20,5;20,5;20,9;19,6;null;null;12,8;null;null;100;166;4,2;1,4;
2024-11-10;0300;0;917,9;1013,3;918,2;917,9;-3,5;21;19,5;null;20,5;19,5;null;null;12,7;null;null;null;171;3,2;1,7;
2024-11-10;0400;0;917,4;1012,9;917,9;917,4;-3,5;20;19;null;19,8;18,8;null;null;12,7;null;null;null;159;4,4;1,3;
2024-11-10;0500;0;917,1;1012,9;917,4;917,1;-3,4;20;18,2;null;19;18,1;null;null;12,7;null;null;null;69;2,6;1,3;
2024-11-10;0600;0;916,6;1012,3;917,1;916,5;-3,5;19;18,2;null;18,3;17,9;null;null;12,7;null;null;null;163;2,3;,9;
2024-11-10;0700;,2;916,8;1012,3;916,8;916,6;-3,5;19;18,7;null;18,8;18,2;null;null;12,7;null;null;null;124;3,8;1,4;
2024-11-10;0800;0;917,3;1012,9;917,3;916,8;-2,9;19;18,8;null;19;18,6;null;null;12,6;null;null;null;116;3,8;1,3;
2024-11-10;0900;0;917,6;1013;917,7;917,3;77,1;19;19,3;null;19,3;18,2;null;null;12,7;null;null;null;110;3;1,1;
2024-11-10;1000;0;918,1;1012,9;918,1;917,6;762,4;21;21,3;17,4;21,4;19,3;19,6;17,3;13,2;100;78;78;114;4,8;2,2;
2024-11-10;1100;0;918,3;1012,7;918,3;918,1;1668,8;23;22,6;17,7;22,6;21,3;17,9;17;13,7;79;72;74;113;6,7;2,4;
2024-11-10;1200;,2;918,7;1012,6;918,7;918,3;1962,8;25;24,3;18,1;24,3;22,6;19;17,2;13,7;76;68;68;87;6,5;2,2;
2024-11-10;1300;0;918,8;1012,6;918,8;918,6;3038,9;26;24,6;16,9;25,8;24,1;19,4;16,9;13,7;71;62;62;70;6,4;2,5;
2024-11-10;1400;0;918,4;1011,7;918,8;918,4;3505,2;28;25,8;18,6;26,3;24,5;19,3;17,2;13,4;67;60;65;73;6,3;1,9;
2024-11-10;1500;0;917,9;1010,7;918,4;917,9;2989,8;28;27,4;17,5;27,7;25,3;19,1;16,2;13,7;65;51;55;98;4,9;1,7;
2024-11-10;1600;,2;917,3;1009,7;917,9;917,3;3925,4;30;28,2;14,4;28,9;27;18;13,8;13,6;56;42;43;313;5,6;1,6;
2024-11-10;1700;0;916,5;1008,5;917,3;916,5;3447,2;31;29,3;14,7;29,5;28,1;16;13,7;13,5;47;39;41;79;3,4;1,3;
2024-11-10;1800;0;915,7;1007,5;916,5;915,7;3230,5;32;29,7;12,2;30,5;29,1;16,5;12;13,5;46;33;34;302;4,8;2,1;
2024-11-10;1900;0;915,2;1006,7;915,7;915,2;2533,4;33;30,4;13,4;30,6;29,3;14,7;11,7;13,5;40;32;35;283;5,4;1,9;
2024-11-10;2000;0;915,3;1007,6;915,3;915;1454,6;32;28,1;15,7;30,4;28,1;16,4;11,6;13,1;48;33;47;188;11,9;3,5;
2024-11-10;2100;,2;915,5;1008,2;915,5;915,2;596,8;30;26,7;15,6;28,1;26,7;16,2;15,1;12,9;52;46;51;188;7,9;2,9;
2024-11-10;2200;0;915,8;1009,2;915,8;915,5;19,1;27;24,9;13,3;26,7;24,8;15,8;13,2;12,8;56;48;49;167;5;2,6;
2024-11-10;2300;0;916,4;1010,2;916,4;915,8;-3,5;25;23,9;14;24,9;23,8;14;13,2;12,8;54;48;54;158;5,6;2,2;
2024-11-11;0000;0;916,9;1011;917;916,3;-3,5;24;23;14,3;23,8;22,6;14,5;13,8;12,8;60;54;58;129;5,5;1,8;
2024-11-11;0100;0;917,4;1012,1;917,4;916,9;-3,5;23;21,4;14,7;23;21,4;14,7;14,1;12,8;66;58;66;129;5;1,2;
2024-11-11;0200;0;917,2;1012;917,4;917,2;-3,5;22;21;14,4;21,9;20,8;14,7;14,2;12,8;67;62;66;95;5,9;,8;
2024-11-11;0300;,2;916,7;1011,8;917,2;916,7;-3,5;21;20;14,4;21;19,6;14,8;14,3;12,7;72;66;70;146;2,7;1,2;
2024-11-11;0400;0;916,7;1012,4;916,8;916,5;-3,5;20;18,1;15,4;20,2;17,5;15,6;14,2;12,7;88;69;84;126;2,7;,7;
2024-11-11;0500;0;916,2;1012,3;916,7;916,1;-3,5;19;16,8;16,8;18,4;16,8;17,1;14,7;12,7;100;80;100;149;2,1;1;
2024-11-11;0600;0;916,1;1012,1;916,2;916;-3,5;18;17,1;16,9;17,1;16,6;17,1;16,6;12,7;100;99;99;144;2,5;1,2;
2024-11-11;0700;0;916,3;1012,1;916,4;916;-3,5;18;17,8;null;17,8;17;17,4;15,9;12,6;100;90;null;127;4,2;1,1;
2024-11-11;0800;0;916,8;1012,5;916,8;916,3;-3,5;18;18,2;18,2;18,4;17,6;18,4;17,4;12,6;100;96;100;111;4,2;1,8;
2024-11-11;0900;0;917,4;1013;917,4;916,8;49,4;19;18,6;18,3;18,7;18,2;18,5;17,6;12,7;100;94;98;104;4,7;1,5;
2024-11-11;1000;,2;918,2;1013,1;918,2;917,4;711,1;20;21,1;16,8;21,2;18,5;18,3;16,5;13,2;98;76;77;102;4,7;1,4;
2024-11-11;1100;0;918,5;1012,8;918,5;918,2;1649,5;23;22,9;17,2;23,5;21,1;18;16,7;13,7;79;68;70;56;4,8;2,2;
2024-11-11;1200;0;918,7;1012,3;918,9;918,5;2451,5;25;25;18,6;25;22,9;18,6;17,1;13,7;73;64;68;48;7,4;2,9;
2024-11-11;1300;0;918,5;1011,6;918,8;918,5;2943,7;27;26,4;18;27;24,8;19,2;17,1;13,6;68;60;60;58;6,8;2,4;
2024-11-11;1400;0;918,1;1011;918,5;918;2201,7;28;27,1;17,9;27,4;25,7;19,4;17,2;13,4;66;57;57;72;7,1;1,7;
2024-11-11;1500;0;917,3;1009,6;918,1;917,3;2824,8;30;28,7;18,5;28,9;26,2;19,3;17,1;13,6;63;51;54;41;4,9;1,4;
2024-11-11;1600;,2;916,2;1008,1;917,3;916,2;2884,1;31;29,4;17,3;29,5;28;19;16,3;13,6;56;46;48;138;4,3;1,4;
2024-11-11;1700;0;915,3;1006,7;916,2;915,2;3067;32;30,9;16,4;30,9;28,5;18;15,3;13,5;52;40;42;255;6,2;3,3;
2024-11-11;1800;0;914,6;1005,9;915,3;914,6;2694,4;33;30,9;15,5;31,3;29,5;17,4;14,1;13,6;46;36;39;252;7,5;2,8;
2024-11-11;1900;0;914,1;1005,6;914,6;914,1;1874,7;32;30;15,3;31,5;29,6;16,2;14;13,5;43;35;41;216;7,7;3,7;
2024-11-11;2000;0;914;1005,7;914,1;913,9;1090,3;32;29,5;14;31,3;29,4;15,5;13;12,9;41;33;39;231;6,7;2,7;
2024-11-11;2100;0;914,2;1006,3;914,2;914;439,4;31;28,4;16,1;29,7;28,4;16,1;14,1;12,9;48;39;47;187;6,5;1,4;
2024-11-11;2200;,2;914,8;1008;914,8;914,2;24;28;25,1;16,8;28,4;24,9;17;15,1;12,8;61;44;60;190;3,1;1,6;
2024-11-11;2300;0;915,4;1009,2;915,4;914,8;-3,5;26;23,4;16,8;25,3;23,4;17,1;16;12,8;67;57;67;135;2,1;,4;
2024-11-12;0000;0;916;1010,6;916;915,4;-3,5;24;21,3;17,3;23,4;21;17,4;16,5;12,8;80;66;78;179;1,9;,8;
2024-11-12;0100;0;916,6;1011,4;916,6;916;-3,5;22;20,8;17,1;21,6;20,6;17,3;16,7;12,8;81;75;79;186;1,6;,5;
2024-11-12;0200;0;916,5;1011,8;916,7;916,5;-3,5;21;19,2;19,2;20,8;19;19,2;16,8;12,8;100;79;100;138;1,6;1;
2024-11-12;0300;0;916,2;1011,7;916,5;916,2;-3,5;20;18,7;18,7;19,3;18,6;19,3;18,4;12,7;100;96;100;188;3,1;,9;
2024-11-12;0400;0;915,8;1011,5;916,2;915,8;-3,5;20;17,9;null;18,7;17,5;null;null;12,7;null;null;null;175;2,1;1,1;
2024-11-12;0500;,2;915,2;1011,2;915,8;915,2;-3,5;19;17;null;18,2;17;null;null;12,7;null;null;null;154;2,1;,8;
2024-11-12;0600;0;914,9;1010,9;915,2;914,8;-3,5;18;16,7;null;17,2;16,6;null;null;12,7;null;null;null;153;1,9;1,1;
2024-11-12;0700;0;914,8;1011;914,9;914,7;-3,5;17;16,1;null;16,8;16,1;null;null;12,6;null;null;null;151;2,3;1;
2024-11-12;0800;0;915,3;1011,8;915,3;914,8;-3,5;17;15,6;null;16,7;15,6;null;null;12,6;null;null;null;139;1,7;,5;
2024-11-12;0900;0;915,8;1012,1;915,8;915,3;75,4;17;16,3;null;16,3;15,6;null;null;12,7;null;null;null;146;1,6;,9;
2024-11-12;1000;0;916;1011;916;915,8;737,5;19;20,2;16;20,2;16,3;17,7;15,4;13,2;100;77;77;170;1,5;,8;
2024-11-12;1100;0;916,6;1010;916,7;916;1652,8;23;25;18,4;25;20,2;18,4;15,6;13,7;77;61;67;83;1,5;,8;
2024-11-12;1200;,2;916,6;1008,8;916,8;916,6;2484,3;27;28,6;12,6;28,6;25;18,2;11,7;13,6;66;35;37;93;2;,8;
2024-11-12;1300;0;916,6;1008,7;916,7;916,5;3116,8;29;28,9;11,1;29,6;28;13,7;9,8;13,5;39;30;33;335;5,2;2,2;
2024-11-12;1400;0;916,1;1007,7;916,6;916,1;3555,7;31;30,3;12,8;30,3;28,9;13,4;10,4;13,6;38;31;34;315;6,9;3,3;
2024-11-12;1500;0;915,8;1007,3;916,1;915,8;3837,1;32;30,8;12,5;31,1;29,6;13,7;10,7;13,5;36;29;33;278;7,7;3,7;
2024-11-12;1600;0;914,9;1006;915,8;914,9;3812,7;33;31,6;11;32;30,2;13,6;10;13,5;35;26;28;271;8,3;2,7;
2024-11-12;1700;0;913,4;1004,3;914,9;913,4;3489,8;34;31,8;9,8;32,5;31,4;12,5;9,3;13,1;31;25;26;314;7,7;2,6;
2024-11-12;1800;0;912,5;1003,1;913,4;912,5;2574,9;34;32,4;10;33,1;31,1;12,3;7,5;13,1;31;21;25;302;6,3;2,1;
2024-11-12;1900;0;912;1002,7;912,5;912;2389,3;34;32;9;33;31,8;10,5;7,9;13,5;28;22;24;188;7,4;3;
2024-11-12;2000;,2;911,8;1002,8;912;911,7;1426,8;34;31,1;9,1;32,1;31,1;10,1;7,9;13;27;22;26;202;6,2;2,9;
2024-11-12;2100;0;912,2;1004,3;912,2;911,7;300,8;31;27,7;10,3;31;27,7;11,1;8,6;12,9;34;25;34;184;4,3;1,5;
2024-11-12;2200;0;912,7;1005,8;912,7;912,2;16,6;28;24,7;13,3;27,7;24,7;13,3;9,5;12,8;49;32;49;161;2,4;,4;
2024-11-12;2300;0;913,7;1007,7;913,7;912,7;-3,5;25;22,4;13,3;24,7;22,1;14,2;12,4;12,8;59;48;56;145;2,1;1,5;
2024-11-13;0000;0;914,4;1009,1;914,4;913,7;-3,5;23;20,5;13,8;22,4;20,5;14,5;13,4;12,8;68;56;65;141;2,2;1,5;
2024-11-13;0100;0;914,8;1010;914,8;914,4;-3,5;22;19,1;14,6;20,5;19,1;14,6;13,9;12,8;76;65;76;167;2,4;1,1;
2024-11-13;0200;0;914,8;1010,2;914,8;914,5;-3,5;21;18,6;14,7;19,5;18,4;14,8;14,2;12,7;79;72;78;305;4;2;
2024-11-13;0300;0;914,5;1010;914,9;914,5;-3,3;20;18,2;14,6;20,1;18,2;15,2;14,2;12,7;80;69;80;156;4;1,6;
2024-11-13;0400;0;914,1;1009,5;914,5;914,1;-3,4;20;18,3;15;19,6;18,2;15,4;14,2;12,7;82;71;81;169;2,5;,4;
2024-11-13;0500;0;913,8;1008,3;914,2;913,8;-3,3;20;20,9;16,5;21,1;17,9;16,6;14,2;12,7;82;71;76;290;3,2;1,7;
2024-11-13;0600;,2;913,4;1007,9;913,8;913,4;-3,5;20;20,6;17,8;21,7;18,6;18;15,3;12,7;92;75;84;239;4,2;1,9;
2024-11-13;0700;0;913,7;1008,3;913,7;913,3;-3,5;21;20,5;19,8;20,8;19,9;20,5;16,6;12,6;100;80;95;273;3,2;1,6;
2024-11-13;0800;0;914,4;1009,4;914,4;913,7;-3,1;20;19,7;null;20,6;19,4;19,7;16,9;12,6;100;83;null;297;2,4;,6;
2024-11-13;0900;0;914,9;1009,9;914,9;914,4;29,5;20;19,7;null;20,1;19,2;null;null;12,6;null;null;null;216;2,3;,9;
2024-11-13;1000;0;916,1;1010,9;916,1;914,9;158,8;21;20,7;null;20,7;19,7;null;null;12,9;null;null;null;168;3,3;1,3;
2024-11-13;1100;0;917,1;1012,5;917,1;916,1;181,5;21;19,1;null;21,3;19,1;null;null;13;100;90;null;163;9,2;3;
2024-11-13;1200;0;918,7;1014,4;918,7;917,1;91,9;20;18,7;null;19,1;18,4;null;null;12,7;null;null;null;296;6,1;1,6;
2024-11-13;1300;0;919,2;1014,8;919,3;918,5;358,4;20;19,2;null;19,2;18,6;null;null;13,2;null;null;null;128;3,3;,5;
2024-11-13;1400;,2;919,1;1014,5;919,2;918,9;520,7;21;19,7;null;19,9;19,2;null;null;13,4;null;null;null;117;3,4;1,4;
2024-11-13;1500;0;918,9;1014,2;919,1;918,6;845,7;21;20,1;null;20,8;19,7;null;null;13,4;null;null;null;122;4,4;1;
2024-11-13;1600;0;917,9;1013;918,9;917,9;900,2;22;20,3;null;20,7;20,1;null;null;13,5;null;null;null;95;3,9;1,5;
2024-11-13;1700;0;917;1011,8;917,9;917;876,4;22;21;17,9;21,1;20,3;20,6;17,7;13,5;100;82;82;98;4,8;1,5;
2024-11-13;1800;0;915,8;1010,1;917;915,8;1298,2;24;22,2;18;22,2;21;19,2;17,5;13,4;89;77;77;122;3,8;,9;
2024-11-13;1900;0;915,2;1009,2;915,8;915,2;1945,9;25;22,8;16,9;23,4;22,1;19,1;16,4;13,9;79;67;69;122;3,4;1,3;
2024-11-13;2000;0;914,9;1008,9;915,2;914,9;1058,2;26;22,7;17,5;24,4;22,7;18,2;16,8;13;73;65;73;122;4,7;,6;
2024-11-13;2100;,2;915,5;1009,9;915,5;914,8;316,7;25;21,7;18,2;22,9;21,6;18,5;17,4;13;81;72;81;117;3,1;1,1;
2024-11-13;2200;0;916,4;1011,4;916,4;915,5;22,5;23;20,3;20,3;21,7;20,3;20,3;17,9;12,8;100;79;100;133;2,3;,6;
2024-11-13;2300;0;917,2;1012,4;917,2;916,4;-3,3;22;19,8;null;20,4;19,7;null;null;12,8;null;null;null;133;2,3;,7;
2024-11-14;0000;0;917,5;1012,9;917,5;917,2;-3,4;21;19,4;null;19,8;19,3;null;null;12,8;null;null;null;144;2,3;1;
2024-11-14;0100;0;917,7;1013,2;917,7;917,5;-3,4;20;19,1;null;19,5;19,1;null;null;12,8;null;null;null;140;2,8;1,3;
2024-11-14;0200;0;917,9;1013,5;917,9;917,7;-3,1;20;18,9;null;19,1;18,7;null;null;12,7;null;null;null;153;2,9;,9;
2024-11-14;0300;0;917,3;1012,8;917,9;917,3;-3,1;20;18,9;null;19,2;18,6;null;null;12,7;null;null;null;163;2,9;1,5;
2024-11-14;0400;0;917,1;1012,8;917,3;917;-3,5;19;18,4;null;19;18,2;null;null;12,7;null;null;null;145;2,9;1,3;
2024-11-14;0500;,2;916,6;1012,4;917,1;916,6;-3,1;19;17,8;null;18,5;17,8;null;null;12,7;null;null;null;149;2,7;1,3;
2024-11-14;0600;0;916,2;1011,9;916,6;916,2;-3,5;19;18;null;18;17,6;null;null;12,7;null;null;null;165;2,7;1,4;
2024-11-14;0700;0;916,3;1012;916,3;916,2;-3,4;19;18;null;18,1;17,6;null;null;12,6;null;null;null;140;2,3;,8;
2024-11-14;0800;0;916,5;1012,1;916,5;916,2;-2,7;19;18,6;null;18,7;17,9;null;null;12,6;null;null;null;77;3;,7;
2024-11-14;0900;0;917,1;1012,5;917,1;916,5;52,5;19;19,3;null;19,3;18,5;null;null;12,7;null;null;null;114;2,9;1,2;
2024-11-14;1000;0;917,9;1013;917,9;917,1;387,2;20;20,3;19,9;20,3;19,2;null;null;13,1;null;null;98;116;6;1,8;
2024-11-14;1100;0;918,3;1013,1;918,3;917,9;632,3;21;21,4;17,5;21,4;20,3;20,2;17,5;13,3;100;78;78;113;6;2,2;
2024-11-14;1200;0;918,6;1012,5;918,6;918,3;2189,5;24;24;18;24,3;21,4;19;17,4;13,6;82;68;69;78;6,1;2,1;
2024-11-14;1300;,2;918,7;1012,3;918,7;918,6;2456,9;26;25,1;17,8;25,5;23,9;18,9;16,8;13,8;71;60;64;58;7,3;2,5;
2024-11-14;1400;0;918,5;1011,9;918,7;918,4;3215,2;28;25,6;15,9;27,3;24,8;18,5;15,9;13,5;64;53;55;54;7,6;2,9;
2024-11-14;1500;0;918,2;1010,7;918,6;918,1;3272,4;29;28,2;17,2;28,3;25,3;18,1;15,7;13,7;59;49;51;66;7,6;2,9;
2024-11-14;1600;0;917,6;1010,4;918,2;917,5;3017,2;30;27,3;17,1;28,4;26,3;18,6;15,5;13,6;58;48;54;68;6,9;2,4;
2024-11-14;1700;0;916,7;1009,1;917,6;916,7;3194,8;31;28,2;16,4;28,6;26,9;18,1;15,7;13,6;55;47;49;53;6,9;3,4;
2024-11-14;1800;0;916;1008,6;916,7;915,9;2538;31;27,4;16,9;28,8;27,1;17,7;15,5;13;55;47;53;58;6,9;2,7;
2024-11-14;1900;0;915,3;1007,7;916;915,3;2230,6;31;27,8;17,4;28,8;27,1;17,6;15,8;13,6;53;46;53;54;6,4;2,2;
2024-11-14;2000;0;915,3;1007,8;915,3;915,1;1440,4;31;27,5;16,5;28,9;27,4;17,8;15,8;13;54;45;51;84;5,6;1,5;
2024-11-14;2100;0;915,6;1008,9;915,6;915,3;402,6;30;25,1;16,9;28,1;25,1;16,9;15,3;12,9;61;47;60;97;4,7;,7;
2024-11-14;2200;0;916,2;1010;916,2;915,6;12,7;26;23,6;16,2;25,1;22,9;17,4;16,2;12,8;70;59;63;150;2,3;1;
2024-11-14;2300;,2;917,1;1011,5;917,1;916,2;-3,5;24;22,3;16,4;23,6;21,9;16,8;16,2;12,8;72;63;70;148;3;1,5;
2024-11-15;0000;0;917,8;1012,4;917,8;917,1;-3,5;23;21,7;17,1;22,3;21,3;17,1;16,5;12,8;76;70;75;128;3;1,4;
2024-11-15;0100;0;918,2;1013;918,3;917,7;-3,5;22;21,3;17,1;21,6;20,9;17,2;16,9;12,8;78;75;77;143;3,5;1,4;
2024-11-15;0200;0;918,2;1013,2;918,4;918,2;-3,5;22;20,6;17,1;21,3;20,5;17,2;17;12,8;80;77;80;141;3,5;1,6;
2024-11-15;0300;0;917,7;1012,9;918,2;917,7;-3,5;21;19,9;17,6;20,7;19,9;17,6;17,1;12,7;87;80;87;120;3,5;1,3;
2024-11-15;0400;0;917,5;1012,5;917,8;917,5;-3,5;21;20,6;17,3;21;19,8;19,4;17,3;12,7;97;80;82;119;5,8;1,3;
2024-11-15;0500;0;917,4;1012,3;917,5;917,3;-3,2;21;20,7;17,7;20,9;20,3;17,8;17,4;12,7;85;81;83;111;4,2;,9;
2024-11-15;0600;0;917,4;1012,5;917,5;917,4;-2;21;20,2;20,2;20,7;20;20,2;17,7;12,7;100;83;100;140;3;1,3;
2024-11-15;0700;0;917,5;1012,5;917,5;917,4;-1,5;21;20,4;18,9;20,5;20,2;20,3;18,3;12,7;100;87;91;118;3,5;1,1;
2024-11-15;0800;0;917,6;1012,7;917,6;917,5;-3;21;20,3;17,9;20,7;20,3;18,9;17,5;12,6;91;83;86;117;4,1;,9;
2024-11-15;0900;,2;918;1013;918,1;917,6;19,8;21;20,6;18;20,7;20,2;18,4;17,7;12,6;88;83;85;117;4,4;1,6;
2024-11-15;1000;0;918,8;1013,5;918,8;918;454,4;22;21,7;17,8;22,2;20,6;18,3;17,5;13,2;87;76;78;92;5,9;1,8;
2024-11-15;1100;0;919,3;1013,9;919,3;918,8;633,4;23;22,3;17,7;22,3;21,6;18,1;17,6;13,3;80;75;76;83;7,4;2,3;
2024-11-15;1200;0;919,8;1014,1;919,8;919,3;1102,3;24;23,4;18;23,9;22,2;18,5;17,6;13,6;76;69;72;75;7,3;2,5;
2024-11-15;1300;0;919,8;1013,7;920;919,8;1404,4;26;24,5;18,4;24,6;23,3;18,6;17,7;13,7;72;68;68;75;6,6;2,1;
2024-11-15;1400;0;919,3;1012,8;919,8;919,3;1910,7;27;25,6;17,8;26,1;23,8;18,9;17,5;13,7;70;61;62;57;6,9;2,4;
2024-11-15;1500;0;918,9;1012;919,3;918,9;1727,3;28;26,7;18,4;26,8;25,3;18,9;17,6;13,7;66;60;60;66;6,8;2,8;
2024-11-15;1600;0;918,1;1010,7;918,9;918,1;3778,7;30;27,8;18,4;28,6;26,5;19,6;17,5;13,5;62;55;57;63;8,4;2,5;
2024-11-15;1700;0;917,4;1010,3;918,1;917,4;3365,3;31;26,9;18;28,5;26,4;19,5;17,8;13,2;61;54;58;76;8,9;3,1;
2024-11-15;1800;0;917,4;1012;917,6;917;377,1;27;21,8;19;26,8;21,8;19,6;17,5;13;86;58;84;68;8,5;2,3;
2024-11-15;1900;0;917,3;1011,8;917,4;917,1;124,8;24;21,9;19,1;22;21,8;20;18,9;12,9;89;82;84;74;5,5;1,2;
2024-11-15;2000;,2;917,4;1012,1;917,5;917,2;120,8;23;21,4;null;21,9;21,4;21,6;19,1;13;100;84;null;110;3,7;,8;
2024-11-15;2100;0;917,9;1012,6;917,9;917,4;99,7;23;21,4;null;21,5;21,3;null;null;12,8;null;null;null;43;2,5;,5;
2024-11-15;2200;0;918,3;1013,2;918,3;917,9;1,4;23;21;20,4;21,4;20,9;null;null;12,8;null;null;96;92;3,7;1,3;
2024-11-15;2300;0;919;1014,2;919;918,3;-3,3;22;20,4;null;21,1;20,3;20,7;18,8;12,8;100;87;null;88;5,1;1,5;
2024-11-16;0000;0;919,9;1015,3;919,9;919;-3,5;21;20,1;null;20,4;20,1;null;null;12,8;null;null;null;92;4,9;1,3;
2024-11-16;0100;0;920,4;1015,8;920,4;919,9;-2,3;21;20,1;null;20,2;20;null;null;12,7;null;null;null;103;3,4;1,2;
2024-11-16;0200;0;920,4;1015,9;920,4;920,3;-2,4;21;19,8;null;20,1;19,8;null;null;12,7;null;null;null;137;2,8;,6;
2024-11-16;0300;0;919,9;1015,5;920,4;919,9;-1,4;21;19,6;null;19,9;19,6;null;null;12,7;null;null;null;118;2,2;,9;
2024-11-16;0400;0;919,2;1014,8;919,9;919,2;-,6;21;19,3;null;19,6;19,3;null;null;12,7;null;null;null;177;3,3;,8;
2024-11-16;0500;0;918,7;1014,2;919,2;918,7;-1,5;20;19,4;null;19,5;19,3;null;null;12,7;null;null;null;109;3,4;1;
2024-11-16;0600;,2;918,4;1014;918,7;918,4;-1;20;19,1;null;19,4;19,1;null;null;12,6;null;null;null;146;3;1,5;
2024-11-16;0700;0;918,4;1014;918,5;918,4;-,4;20;19,1;null;19,2;19;null;null;12,6;null;null;null;138;3;1,1;
2024-11-16;0800;0;918,5;1014,2;918,5;918,4;-,8;20;18,8;null;19,1;18,8;null;null;12,6;null;null;null;135;3,2;1,7;
2024-11-16;0900;0;919,3;1015;919,3;918,5;40,7;20;19,1;null;19,1;18,8;null;null;12,7;null;null;null;131;2,7;,8;
2024-11-16;1000;0;919,8;1015,5;919,8;919,3;58,8;20;19,3;null;19,3;19,1;null;null;12,6;null;null;null;82;2,2;,5;
2024-11-16;1100;0;920,2;1015,9;920,2;919,8;52,6;20;19,2;null;19,3;19,1;null;null;12,6;null;null;null;117;1,2;,5;
2024-11-16;1200;0;920,9;1016,7;920,9;920,2;158,5;20;19,3;null;19,4;19,1;null;null;12,9;null;null;null;159;1,5;1;
2024-11-16;1300;0;921;1016,7;921;920,9;191,9;20;19,6;null;19,7;19,2;null;null;12,9;null;null;null;344;1,7;,8;
2024-11-16;1400;,2;920,7;1016,2;921;920,7;648,2;21;19,9;null;20;19,6;null;null;13,3;null;null;null;44;3,8;1,4;
2024-11-16;1500;0;920,3;1015,9;920,7;920,3;435,1;21;19,6;null;20,2;19,5;null;null;13;null;null;null;150;3;1,1;
2024-11-16;1600;0;920,3;1016,4;920,5;920,2;137,1;21;18,2;null;19,7;18,1;null;null;13;null;null;null;135;6;2,7;
2024-11-16;1700;0;919,9;1016;920,3;919,9;322;20;18;null;18,3;17,9;null;null;13,1;null;null;null;131;6,5;1,6;
2024-11-16;1800;0;918,8;1014,7;920;918,7;155;19;18,2;null;18,2;17,9;null;null;13;null;null;null;127;3,1;1,1;
2024-11-16;1900;0;919;1014,8;919,1;918,6;183,6;19;18,6;null;18,6;18,1;null;null;12,9;null;null;null;152;2,9;,8;
2024-11-16;2000;,2;918,1;1013,8;919;918,1;160,9;19;18,7;null;18,7;18,4;null;null;13;null;null;null;136;3,1;1,4;
2024-11-16;2100;0;918,7;1014,5;918,7;918;147,2;20;18,5;null;18,8;18,5;null;null;12,8;null;null;null;144;3,5;,7;
2024-11-16;2200;0;919,5;1015,6;919,5;918,6;14,1;19;18;null;18,5;18;null;null;12,7;null;null;null;130;4,1;1,1;
2024-11-16;2300;0;919,9;1016;920;919,5;-2,2;19;17,9;null;18;17,9;null;null;12,7;null;null;null;115;4,8;1,9;
2024-11-17;0000;0;920;1016,1;920,1;919,9;-2,4;19;18,1;null;18,1;17,9;null;null;12,7;null;null;null;111;4,8;1,4;
2024-11-17;0100;0;920,3;1016,4;920,3;920;-3,1;19;18,1;null;18,3;18;null;null;12,6;null;null;null;103;3,7;1;
2024-11-17;0200;0;920,2;1016,3;920,4;920,2;-2,6;19;18;null;18,1;17,9;null;null;12,6;null;null;null;135;4,4;1,9;
2024-11-17;0300;0;919,3;1015,3;920,2;919,3;-2,5;19;18,2;null;18,2;18;null;null;12,6;null;null;null;116;4,5;1,5;
2024-11-17;0400;,2;918,5;1014,4;919,3;918,5;-3,2;19;18,3;null;18,8;18,1;null;null;12,6;null;null;null;99;5,7;1,4;
2024-11-17;0500;0;918,2;1014,2;918,5;918,1;-3,5;19;17,8;null;18,4;17,7;null;null;12,5;null;null;null;149;5,3;1,1;
2024-11-17;0600;0;918,2;1014,1;918,3;918,1;-2,9;18;18;null;18;17,5;null;null;12,5;null;null;null;128;3,4;1;
2024-11-17;0700;0;918,3;1014,2;918,5;918,2;-,2;19;18,2;null;18,2;17,6;null;null;12,5;null;null;null;260;2,1;,6;
2024-11-17;0800;0;918,9;1014,8;918,9;918,3;-,6;19;18,4;null;18,6;18,1;null;null;12,5;null;null;null;190;1,5;,5;
2024-11-17;0900;0;919,6;1015,5;919,6;918,9;26,3;19;18,6;null;18,7;18,3;null;null;12,6;null;null;null;220;1,7;1,2;
2024-11-17;1000;0;920,1;1015,7;920,1;919,6;396,4;20;19,5;null;19,8;18,6;null;null;13,2;null;null;null;45;1,7;,7;
2024-11-17;1100;0;920,5;1016;920,5;920,1;915,5;21;20;null;20,5;19,4;null;null;13,3;null;null;null;35;2,8;1,7;
2024-11-17;1200;,2;920,7;1015,5;920,7;920,5;1851,8;23;22,1;18;22,8;20;21,1;17,5;13,4;99;73;78;107;3,3;1,2;
2024-11-17;1300;0;920,8;1015,1;920,8;920,7;2415,6;25;23,7;17,7;24,6;22;19,5;16,8;13,5;81;65;69;69;3,8;1,5;
2024-11-17;1400;0;920,2;1014,1;920,8;920,2;1852,4;26;24,6;16,4;25,5;23,4;18,9;16,2;13,5;73;59;60;297;4;1,9;
2024-11-17;1500;0;919,8;1012,9;920,3;919,8;2560,7;27;26,8;17,3;26,9;24,5;18,7;15,6;13,6;66;53;56;352;4,5;1,9;
2024-11-17;1600;,2;919;1011,9;919,8;919;2535,9;29;27,2;17,1;27,4;25,8;17,9;15,8;13,6;60;52;54;338;5,4;3,2;
2024-11-17;1700;,2;918,1;1010,5;919;918,1;3603,1;30;28,6;16,1;28,7;26,9;18;15,5;13,5;55;46;47;335;5,7;2,3;
2024-11-17;1800;0;917,1;1009,3;918,1;917,1;2493,9;31;28,8;15,9;29,1;27,5;17,7;15,2;13,5;52;44;46;287;5,2;2,7;
2024-11-17;1900;,2;916,5;1008,8;917,1;916,5;1606;31;28,3;16;29,5;27,4;16,9;14,9;13,6;52;42;47;281;5,2;2,6;
2024-11-17;2000;0;916,3;1008,5;916,6;916,3;928,9;30;28,6;15,9;29,1;26,7;17,4;15,2;13,1;57;43;46;214;5,3;1,5;
2024-11-17;2100;0;916,5;1009,5;916,5;916,2;736;30;26,2;17,3;28,6;26,2;17,4;16,1;13;59;46;58;159;5,1;2,1;
2024-11-17;2200;0;917;1011,1;917;916,5;24,7;27;23;17,6;26,2;23;17,8;17,1;12,8;72;58;72;112;4,3;,9;
2024-11-17;2300;,2;917,7;1012,4;917,7;917;-3,5;24;21,5;17,6;23,1;21,4;17,7;17,3;12,8;79;70;79;162;2,4;1,3;
2024-11-18;0000;0;918,4;1013,4;918,4;917,7;-3,5;23;20,9;17,9;21,8;20,9;18;17,7;12,8;83;78;83;159;2,9;1;
2024-11-18;0100;0;919,6;1014,4;919,6;918,4;-2,6;22;21,7;18,7;21,8;20;20,9;17,6;12,8;100;78;83;307;3,1;1,3;
2024-11-18;0200;0;920;1015,2;920;919,6;-2,7;22;20,8;18,4;21,9;20,7;18,8;18;12,8;87;81;87;346;3,8;1;
2024-11-18;0300;0;919,7;1015,1;920,1;919,7;-3,2;22;19,9;null;21,1;19,8;20,4;17,7;12,8;100;81;null;138;3,8;1;
2024-11-18;0400;0;919,2;1014,9;919,7;919,2;-3,5;21;19;null;19,9;18,7;null;null;12,8;null;null;null;108;2,2;,9;
2024-11-18;0500;0;918,7;1014,7;919,2;918,6;-3,5;20;18,1;null;19,2;17,9;null;null;12,7;null;null;null;200;1,7;,3;
2024-11-18;0600;,2;918,3;1014,5;918,7;918,3;-3;19;17,2;null;18,1;17,2;null;null;12,7;null;null;null;150;2,4;1,1;
2024-11-18;0700;0;918,3;1014,7;918,4;918,2;-3,5;18;16,8;null;17,3;16,8;null;null;12,7;null;null;null;134;1,8;1;
2024-11-18;0800;0;918,5;1015;918,6;918,3;-3,5;18;16,5;null;17,1;16,4;null;null;12,7;null;null;null;145;2,1;1,1;
2024-11-18;0900;0;918,6;1014,6;918,6;918,4;74,3;18;17,8;null;17,8;16,4;null;null;12,8;null;null;null;144;3,4;1,7;
2024-11-18;1000;0;919;1014;919;918,6;814,8;20;21,1;19,4;21,3;17,8;null;null;13,1;null;null;90;104;3,4;1,5;
2024-11-18;1100;0;919,6;1014,2;919,6;919;1468;23;22,4;18,8;23,1;21,1;20,8;18,3;13,7;98;76;80;93;4;1,6;
2024-11-18;1200;0;919,5;1013,1;919,6;919,4;2406,8;25;25,4;18,7;25,4;22;19,5;18,1;13,7;82;66;66;66;6,1;1,9;
2024-11-18;1300;,2;919,3;1012,4;919,5;919,3;2868,5;27;26,7;18,5;27,1;24,8;19,7;17,6;13,6;69;59;61;51;5,6;2,7;
2024-11-18;1400;0;918,6;1011,4;919,3;918,6;3453,6;29;27,6;18,5;28,3;26,3;19,3;17,4;13,6;62;55;58;59;5,3;2,1;
2024-11-18;1500;0;918,2;1010,6;918,6;918,2;3447,9;30;28,7;16,9;28,9;26,9;18,9;16,6;13,4;58;49;49;99;5,7;2,4;
2024-11-18;1600;0;917,5;1010,1;918,2;917,5;2561,6;31;27,9;15,9;29,5;27,5;17,9;15,5;13,2;53;44;48;116;5,8;1,4;
2024-11-18;1700;0;916,8;1008,7;917,5;916,8;3270;32;29,8;14,1;30,6;27,9;17,6;14,1;13,1;52;38;38;73;4,8;1,6;
2024-11-18;1800;0;916;1007,7;916,8;916;3129;33;30,1;14,6;30,4;29,5;16,4;13,8;13,5;44;37;39;347;4,6;2,4;
2024-11-18;1900;0;915,2;1006,4;916;915,2;2551,8;34;31,5;13,9;31,7;30;15,5;12,5;13,5;41;32;34;274;4,6;1,5;
2024-11-18;2000;,2;914,8;1006,4;915,2;914,7;1830,2;33;30;15;31,6;29,5;15,5;12,5;13,1;43;32;40;151;6,4;1,7;
2024-11-18;2100;0;914,8;1007,2;914,8;914,6;548,2;32;27,5;15,6;30;27,5;15,6;14,1;12,9;49;39;48;192;4,2;1,8;
2024-11-18;2200;0;915,1;1008,5;915,1;914,7;21,7;28;24,5;17;27,5;24,5;17,4;15,6;12,8;64;48;63;130;3,1;,8;
2024-11-18;2300;0;915,7;1009,8;915,7;915,1;-3,5;26;22,7;17,5;24,4;22,6;17,9;16,8;12,8;73;63;73;169;1,8;1;
2024-11-19;0000;0;916,6;1011,1;916,6;915,7;-3,5;24;21,8;17,4;22,9;21,6;17,7;17,3;12,8;77;71;76;143;2,3;1,5;
2024-11-19;0100;0;917,6;1012,7;917,6;916,6;-3,5;23;20,3;18,6;21,8;20,3;19,1;17,3;12,8;92;76;90;162;2,1;1;
2024-11-19;0200;0;917,9;1013,2;917,9;917,6;-3,5;22;19,8;18,8;20,6;19,6;19,7;17,5;12,7;100;83;94;154;2,4;1,4;
2024-11-19;0300;0;917,4;1012,8;918;917,4;-3,5;21;19,4;19,2;19,8;18,7;19,5;18,2;12,7;100;91;99;135;2,3;1,4;
2024-11-19;0400;0;916,8;1012,4;917,4;916,8;-3,5;20;18,5;null;19,4;18,5;null;null;12,7;null;null;null;160;2,9;,8;
2024-11-19;0500;,2;916,5;1012,3;916,8;916,5;-3,5;19;18;null;18,7;18;null;null;12,7;null;null;null;138;1,8;1;
2024-11-19;0600;0;916,3;1012,3;916,5;916,3;-3,5;19;17,3;null;18;17,2;null;null;12,7;null;null;null;176;1,8;,7;
2024-11-19;0700;0;916,5;1012,3;916,5;916,3;-3,5;18;17,8;null;17,8;17,2;null;null;12,7;null;null;null;160;1,3;,5;
2024-11-19;0800;0;917;1013,2;917;916,5;-3,5;18;16,9;null;17,8;16,8;null;null;12,7;null;null;null;170;2,5;1;
2024-11-19;0900;0;917,5;1013,6;917,5;917;85,4;18;17,3;null;17,3;16,4;null;null;12,7;null;null;null;156;2,5;1,3;
2024-11-19;1000;0;918,2;1013;918,2;917,5;767,9;20;21,2;17,5;21,2;17,3;19,2;16,6;13,1;100;80;80;162;2,6;1,4;
2024-11-19;1100;0;918,6;1011,9;918,6;918,2;1661,5;24;26;17,7;26;21,2;18,8;17,4;13,5;80;60;60;93;3,3;1,6;
2024-11-19;1200;0;919,2;1012;919,2;918,6;2487,3;27;27,6;17,3;27,8;25,9;18,4;16,7;13,7;62;53;54;72;4,2;1,7;
2024-11-19;1300;0;919,2;1011,5;919,2;919;3122,3;29;29,3;17;29,3;27;18,5;16,3;13,5;57;47;48;53;5,9;3,2;
2024-11-19;1400;,2;918,7;1011;919,2;918,7;3079,7;30;29,1;15,8;29,8;28,3;17,4;14,8;13,5;50;42;44;37;6,5;3,2;
2024-11-19;1500;0;918,2;1009,8;918,7;918,2;3829,9;32;31;14,8;31,3;29,2;18;13,7;13,5;46;36;37;75;6,2;2,1;
2024-11-19;1600;0;917,5;1009;918,2;917,5;3779,1;33;31,3;14,7;31,5;30,3;15,9;12,9;13,4;42;33;37;74;5,4;1,8;
2024-11-19;1700;0;916,7;1007,9;917,5;916,7;3603;34;31,9;13,5;32,3;30,9;15,4;12,1;13,4;37;31;33;38;6,6;1,9;
2024-11-19;1800;0;915,9;1007;916,7;915,9;2729,9;34;32;14;32,3;30,4;15,1;13;13,5;38;32;34;42;6,2;2,3;
2024-11-19;1900;0;915,2;1006,3;915,9;915,2;2425,5;35;31,8;13,4;32,3;31,4;14,4;11,9;13,5;35;29;33;28;5,2;2,2;
2024-11-19;2000;0;914,9;1006,1;915,2;914,8;1488,8;35;31,4;12,7;31,9;31,3;13,8;11,8;13;34;30;32;60;3,9;1,1;
2024-11-19;2100;0;915;1006,9;915;914,8;584,1;34;29,2;13,9;31,5;29,2;14,8;11,5;12,9;41;30;39;53;3,3;,8;
2024-11-19;2200;0;915,5;1008,4;915,5;915;15,3;30;26,3;14,1;29,2;26;17;13,9;12,8;55;39;47;145;2,2;1;
2024-11-19;2300;0;916;1010;916;915,5;-3,5;27;23,1;15,8;26,3;22,8;16,1;13,8;12,8;66;46;64;127;3;,9;
2024-11-20;0000;,2;916,9;1011,4;916,9;916;-3,5;24;21,9;16;23,1;21,7;16,5;15,7;12,8;71;64;69;144;2,4;1,6;
2024-11-20;0100;0;917,4;1011,9;917,4;916,9;-3,5;23;22;15,6;22,5;21,4;16,3;15,5;12,8;73;66;67;151;2,6;2;
2024-11-20;0200;0;917,6;1012,5;917,7;917,4;-3,5;23;20,8;15,6;22,1;20,8;15,9;15,4;12,7;73;66;72;148;2,9;2,3;
2024-11-20;0300;0;917,7;1012,5;917,7;917,5;-2,6;22;21,2;16,5;21,2;20,3;16,8;15,6;12,7;79;72;74;294;2,9;1;
2024-11-20;0400;0;917,2;1012;917,7;917,2;-1,5;22;20,9;16,2;22;20,9;16,9;15,6;12,7;76;67;74;159;2,4;,9;
2024-11-20;0500;0;916,9;1011,8;917,2;916,8;-1,6;22;20,7;16,8;21,1;20,4;17,5;16,2;12,7;81;73;78;161;2,1;,6;
2024-11-20;0600;0;917,1;1012,1;917,2;916,9;-2,7;22;20,3;16,8;21,9;20,3;17,7;16,6;12,7;81;74;80;47;4,1;,9;
2024-11-20;0700;0;917,3;1012,3;917,3;917,1;-1,6;22;20,4;17,2;20,5;20;18,1;16,9;12,7;89;80;82;151;1,8;,7;
2024-11-20;0800;0;917,3;1012,5;917,4;917,2;-1,4;21;20;null;21,2;20;20,3;16,9;12,6;100;78;null;134;5,8;,9;
2024-11-20;0900;0;918;1013;918;917,3;16,4;21;20,7;19;20,7;20;null;null;12,7;null;null;90;154;3,4;1,4;
2024-11-20;1000;0;919,1;1014,3;919,1;918;72;22;20,3;null;21,3;20,2;21;18,2;12,7;100;84;null;146;4,4;1,8;
2024-11-20;1100;,2;919,8;1015;919,8;919,1;145,7;21;20,7;null;20,8;20,1;null;null;12,9;null;null;null;197;5,5;3,4;
2024-11-20;1200;0;920,8;1016,1;920,8;919,8;302,3;22;20,7;null;21,2;20,5;null;null;13;null;null;null;307;5,4;2,3;
2024-11-20;1300;0;920,6;1015,9;920,8;920,6;275,8;22;20,5;null;20,7;20,2;null;null;13,2;null;null;null;133;4,6;1,6;
2024-11-20;1400;0;920,5;1014,9;920,6;920,4;1337,3;23;23,1;20;23,5;20,5;null;null;13,5;null;null;83;303;4,2;1;
2024-11-20;1500;0;920,3;1014,3;920,5;920,2;1502,7;25;24,4;20,1;24,4;22,8;23,3;19,3;13,6;100;74;77;299;2,5;1,7;
2024-11-20;1600;0;919,1;1012,8;920,3;919;1536,6;26;25;20,5;25,5;23,6;21;18,4;13,8;83;71;76;172;3,6;1,6;
2024-11-20;1700;0;918,3;1011,4;919,1;918,2;2536,1;28;26,5;20,6;26,6;25;21,5;20;13,7;77;68;70;107;4,7;1,9;
2024-11-20;1800;,2;917,6;1010,3;918,3;917,5;2333,5;29;27,6;19;27,9;26,4;21,2;18,5;13,8;72;59;59;106;4,8;1,7;
2024-11-20;1900;0;917;1010,1;917,6;916,7;1482,3;29;26,1;19,6;27,7;26,1;20,2;18,7;13;68;59;67;121;4,4;1;
2024-11-20;2000;0;916,8;1010,1;917,1;916,8;432;28;25,4;20,4;26,1;25,4;20,9;19,1;13;76;66;74;120;3,1;,8;
2024-11-20;2100;,2;916,9;1010,4;916,9;916,4;324,9;27;24,8;20,6;25,4;24,8;20,7;20,1;13;78;73;77;123;2,4;,6;
2024-11-20;2200;0;916,7;1010,7;917;916,5;36,5;26;23,1;20,2;24,8;23,1;21,2;19,6;12,8;84;77;84;140;2,9;1,3;
2024-11-20;2300;0;917,5;1011,8;917,5;916,7;-3,5;24;22,5;20;23,1;22,3;22,4;19,9;12,8;100;82;86;137;2,7;1;
2024-11-21;0000;0;918;1012,7;918;917,6;-3,5;23;21,5;null;22,7;21,2;21,9;19,5;12,8;100;82;null;149;3,1;1,6;
2024-11-21;0100;0;918,3;1013,2;918,4;918;-3,3;23;21,2;null;21,7;21,2;null;null;12,8;null;null;null;148;3;1;
2024-11-21;0200;,2;918,7;1013,6;918,8;918,3;-3,3;22;21,2;null;21,6;20,3;null;null;12,8;null;null;null;223;2,8;1,7;
2024-11-21;0300;0;918,2;1013,3;918,7;918,1;-3,5;22;20,3;null;21,3;20,1;null;null;12,7;null;null;null;16;2,8;1,4;
2024-11-21;0400;0;917,8;1013,1;918,3;917,6;-3,3;21;19,7;null;20,6;19,7;null;null;12,7;null;null;null;162;2,4;1,1;
2024-11-21;0500;0;917,3;1012,5;917,8;917,2;-2;21;19,8;null;20;19,6;null;null;12,7;null;null;null;155;1,8;,9;
2024-11-21;0600;0;917,1;1012,3;917,3;917;-2,6;21;19,9;null;20;19,7;null;null;12,7;null;null;null;162;1,5;1;
2024-11-21;0700;0;917,2;1012,4;917,2;917;-,9;21;19,8;null;19,9;19,7;null;null;12,7;null;null;null;127;2,3;,7;
2024-11-21;0800;0;917,6;1012,7;917,6;917,2;-2,6;21;20,3;null;20,3;19,7;null;null;12,6;null;null;null;159;2,6;1,9;
2024-11-21;0900;0;918;1013;918;917,6;46;21;20,7;null;20,7;19,8;null;null;12,7;null;null;null;165;2,7;1,8;
2024-11-21;1000;,2;918,7;1013;918,7;918;565,4;22;23;19;23;20,7;null;null;13,3;null;null;78;157;2,7;1;
2024-11-21;1100;0;919,3;1012,8;919,3;918,7;1664;26;25,7;19,6;25,9;23;20,3;18,6;13,6;79;69;69;91;2,3;,8;
2024-11-21;1200;0;920;1013,2;920;919,4;2221,8;28;26,7;19,2;27,6;25,4;20,7;19,2;13,5;72;63;64;31;3;1,3;
2024-11-21;1300;0;919,7;1012,6;920;919,7;1782,7;29;27,5;19,3;27,8;26,6;20,7;18,7;13,7;67;60;61;76;4,6;,8;
2024-11-21;1400;0;919,6;1012,3;919,9;919,6;2425,6;31;28,2;18,9;29;27,5;19,9;18,7;13,3;62;55;57;98;3,3;1,3;
2024-11-21;1500;0;919,2;1012,6;919,6;919,1;1608;30;25,9;19,6;28,7;25,9;20,2;18,3;13,2;68;55;68;333;6,9;2,9;
2024-11-21;1600;,2;918,5;1012,9;919,5;918,5;444,6;26;22,5;null;25,9;22,2;null;null;13,1;null;null;null;300;6,9;1,9;
2024-11-21;1700;0;917,9;1012;918,5;917,9;770,7;25;23,2;null;23,2;22,5;null;null;13;null;null;null;156;3,7;1,7;
2024-11-21;1800;0;916,8;1010,6;917,9;916,8;537,2;25;23,9;null;23,9;23,1;null;null;13,8;null;null;null;53;3,3;1;
2024-11-21;1900;0;916;1009,4;916,7;916;1882,1;27;24,7;21,1;26,4;23,8;23,6;20,2;13;99;71;80;157;2,3;1;
2024-11-21;2000;0;915,8;1009,2;916;915,7;440,6;27;24,7;21,3;24,8;24,5;21,7;20,1;13;84;76;81;151;2;1;
2024-11-21;2100;0;916,2;1009,3;916,2;915,7;602,7;27;25,8;20,6;26;24,7;21,4;20,4;12,9;82;72;73;239;1,9;1,1;
2024-11-21;2200;0;916,4;1010,3;916,5;916,2;30,1;26;23,4;23,4;25,8;23,4;23,5;20,4;12,8;100;72;100;148;2,7;1,5;
2024-11-21;2300;0;917,5;1011,9;917,5;916,4;-3,5;24;22,2;null;23,4;22,2;null;null;12,8;null;null;null;156;2,7;,8;
2024-11-22;0000;,2;918,3;1012,4;918,3;917,5;-3,4;24;23,4;19,3;23,5;22,2;null;null;12,8;null;null;78;126;3,9;1,3;
2024-11-22;0100;0;918,8;1013,3;918,8;918,3;-3,2;23;22,5;18,8;23,3;22,3;19,8;18,5;12,8;85;77;80;115;4,7;1,7;
2024-11-22;0200;0;918,9;1013,7;919,1;918,7;-3,5;23;21,6;18,7;22,5;21,5;19,1;18,7;12,7;85;80;84;138;4,7;1,1;
2024-11-22;0300;0;918,7;1013,6;918,9;918,6;-3,3;22;21,1;19,4;21,7;20,9;20,7;18,4;12,7;99;83;90;130;2,9;,9;
2024-11-22;0400;0;918,2;1012,9;918,7;918,2;-2,7;22;21,5;18,5;21,6;21,1;19,8;18,3;12,7;93;82;83;121;4,2;1,4;
2024-11-22;0500;0;918;1012,8;918,3;917,8;-3;22;21,3;21,2;21,6;21,1;21,4;18,5;12,7;100;82;99;67;4,2;1,2;
2024-11-22;0600;0;917,9;1012,5;918;917,8;-2,5;22;21,8;19;21,9;21,2;21,4;18,9;12,7;100;83;84;125;5,2;1,3;
2024-11-22;0700;0;918,1;1012,8;918,1;917,9;-1,8;22;21,5;21,2;21,9;21,4;21,4;19;12,7;100;83;98;133;4,5;1,3;
2024-11-22;0800;0;917,9;1012,8;918,1;917,9;-3,2;22;20,8;20,8;21,6;20,7;null;null;12,6;null;null;100;118;3,4;1;
2024-11-22;0900;0;918,2;1013;918,2;917,9;52;22;21,2;20,1;21,2;20,8;21;19,8;12,7;100;92;93;120;3,7;1,5;
2024-11-22;1000;0;918,8;1013,5;918,9;918,2;283,3;22;21,9;18,5;21,9;21,2;21,3;18,3;13,1;100;80;81;118;4,7;2;
2024-11-22;1100;,2;919,2;1013,2;919,2;918,7;1426;24;23,9;17,4;24,3;21,9;18,6;16,9;13,6;82;65;67;111;6,9;2,1;
2024-11-22;1200;0;919,4;1012,8;919,4;919,2;2659,3;27;26;17,5;26,2;23,9;18,5;17;13,9;68;59;60;89;7;2,3;
2024-11-22;1300;0;919;1011,8;919,4;919;3157,7;28;27,5;18;27,5;25,8;19,2;16,8;13,6;65;54;56;77;7,8;2,3;
2024-11-22;1400;0;918,9;1011,6;919,2;918,8;3395,1;30;27,9;17,8;28,4;27,1;19,5;16,7;13,6;61;51;54;61;7,4;2,5;
2024-11-22;1500;0;918,7;1011,1;918,9;918,7;4051,1;31;28,7;17;30,1;27,6;19,2;16,1;13,5;57;45;49;59;8,4;2,3;
2024-11-22;1600;0;917,8;1010,4;918,7;917,8;2041,6;31;28;17,8;28,7;27,6;18;16,4;13,5;56;49;54;46;7,3;2,9;
2024-11-22;1700;0;916,7;1010,2;917,8;916,7;882,1;30;24,9;18;28,1;24,9;18,4;17,3;13;66;52;66;147;6;1,7;
2024-11-22;1800;,2;917;1011,4;917,1;916,7;247,3;26;22,2;null;24,9;22,1;22,4;18,1;13;100;66;null;241;6,4;1,7;
2024-11-22;1900;0;916,6;1011,1;917,1;916,6;169;24;21,7;21,7;22,3;21,7;null;null;13;null;null;100;142;4,5;1,1;
2024-11-22;2000;0;916,5;1011,3;916,8;916,5;201,2;23;20,9;null;21,7;20,9;null;null;13;null;null;null;100;3;1,1;
2024-11-22;2100;0;916,7;1011,4;916,9;916,4;119,5;23;21,1;null;21,2;20,9;null;null;12,9;null;null;null;83;3,2;,8;
2024-11-22;2200;0;917,4;1012,2;917,4;916,7;21,4;22;21;null;21,4;21;null;null;12,8;null;null;null;173;1,6;,7;
2024-11-22;2300;0;918;1012,9;918;917,4;-2,5;22;21;null;21,2;20,9;null;null;12,8;null;null;null;120;1,4;,5;
2024-11-23;0000;0;918,5;1013,6;918,5;917,9;-1,9;22;20,6;null;21;20,6;null;null;12,8;null;null;null;152;2,2;,6;
2024-11-23;0100;0;919,1;1014,2;919,1;918,5;-3;22;20,7;null;21,1;20,6;null;null;12,7;null;null;null;127;3,3;1,1;
2024-11-23;0200;0;919;1014,3;919,3;919;-3,5;21;20;null;20,8;20;null;null;12,7;null;null;null;125;2,9;1;
2024-11-23;0300;0;918,4;1013,8;919;918,4;-3,4;21;19,7;null;20,1;19,6;null;null;12,7;null;null;null;127;2,7;1,3;
2024-11-23;0400;,2;917,7;1013,3;918,4;917,7;-3,3;20;18,8;null;19,7;18,8;null;null;12,7;null;null;null;132;3,3;,9;
2024-11-23;0500;0;917,3;1012,7;917,7;917,3;-3;20;19,2;null;19,2;18,8;null;null;12,7;null;null;null;124;3;1,1;
2024-11-23;0600;0;917,1;1012,6;917,4;917,1;-3,1;20;18,8;null;19,2;18,8;null;null;12,7;null;null;null;114;3;1;
2024-11-23;0700;0;917;1012,6;917,1;917;-3,5;19;18,6;null;18,8;18,5;null;null;12,6;null;null;null;116;3,7;1,6;
2024-11-23;0800;0;917,5;1013,2;917,5;917;-3,5;19;18,4;null;18,9;18,3;null;null;12,6;null;null;null;122;5,1;1;
2024-11-23;0900;0;918,1;1013,7;918,1;917,5;84;19;19;17,3;19;18,1;null;null;12,7;null;null;90;120;2,7;,8;
2024-11-23;1000;0;918,7;1013,7;918,7;918,1;766,2;21;20,8;16,8;20,8;19;17,7;16,3;13,1;92;77;78;128;3;1,4;
2024-11-23;1100;0;919,1;1013,3;919,1;918,7;1656,6;23;23,3;17,8;23,3;20,8;17,9;16,5;13,6;79;70;71;113;5,2;2,2;
2024-11-23;1200;0;919,4;1013,3;919,4;919,1;2433,6;25;24,5;17,7;24,7;23;18;16,9;13,8;72;64;66;96;5,9;1,9;
2024-11-23;1300;0;919,3;1012,9;919,4;919,2;2499,8;27;25,2;18;25,7;24,4;18,7;16,9;13,5;69;60;64;null;6,2;null;
2024-11-23;1400;0;918,9;1012,4;919,3;918,9;1960,3;27;25,3;17,2;26,7;24,7;18,9;16,5;13,4;68;59;61;70;5,8;2,1;
2024-11-23;1500;0;918,3;1011,2;918,9;918,3;3412,5;29;27;17;27,2;25,3;19;16,8;13,7;65;54;54;85;6;1,6;
2024-11-23;1600;0;917,7;1010,5;918,3;917,7;2395,7;30;27,2;17,7;27,9;26,4;18,5;16,1;13,5;59;51;56;345;5;1,8;
2024-11-23;1700;,2;916,9;1009,4;917,7;916,9;2321,3;30;27,8;17;28,7;26,9;18,5;15,8;13,5;59;47;52;135;3,9;1,8;
2024-11-23;1800;0;916,3;1008,5;916,9;916,3;2051,8;30;28,6;16;29,1;27,3;17,9;15,9;13,3;55;46;47;135;4,5;1,6;
2024-11-23;1900;0;915,8;1007,7;916,3;915,8;2133,4;31;29,4;16,1;29,8;27,8;17,5;14,4;13,7;52;40;44;172;5,4;2,6;
2024-11-23;2000;0;915,4;1007,4;915,8;915,4;1453,2;31;29;14,8;29,7;28,2;16,4;13,2;13;46;37;42;168;6,3;2,5;
2024-11-23;2100;0;916;1008,7;916;915,4;670;30;27,1;15,2;29,2;27,1;15,6;13,8;12,9;49;39;48;161;6,9;1,6;
2024-11-23;2200;0;916,7;1010,2;916,7;916;42,2;28;24,9;15,5;27,1;24,9;16,2;15,2;12,8;56;48;56;148;4,4;1;
2024-11-23;2300;0;917,4;1011,5;917,4;916,7;-3,5;26;23,2;15,7;24,9;23,2;15,8;15,5;12,8;63;56;63;164;5,5;1,2;
2024-11-24;0000;0;918,1;1013;918,1;917,4;-3,5;24;21;16;23,4;20,9;16,3;15,2;12,8;75;60;73;161;3,7;,9;
2024-11-24;0100;0;918,8;1014,1;918,8;918,1;-3,5;22;20,1;15,9;21,1;19,8;16,8;15,9;12,8;82;73;77;168;2;1,1;
2024-11-24;0200;0;919,2;1014,8;919,2;918,8;-3,5;21;19,4;15,9;20,3;18,6;19;15,8;12,8;100;76;80;142;2,5;1,2;
2024-11-24;0300;0;918,9;1014,4;919,2;918,9;-3,5;20;19,4;16,2;19,5;18,2;18,6;15,8;12,7;100;80;81;139;3,4;1,3;
2024-11-24;0400;0;918,9;1014,3;919;918,8;-3,5;20;19,9;14,9;20;19,4;16,3;14,9;12,7;82;73;73;110;4,8;1,7;
2024-11-24;0500;0;918,6;1014;918,9;918,6;-3,5;20;19,6;13,5;20,1;19,2;14,9;13,4;12,7;75;68;68;100;10,6;3,7;
2024-11-24;0600;,2;918,7;1014,5;918,7;918,5;-3,5;20;18,4;13,1;19,6;18,4;13,4;12,9;12,7;71;67;71;116;10,6;2,2;
2024-11-24;0700;0;918,7;1014,7;918,8;918,6;-3,5;19;17,9;13,3;18,7;17,7;13,4;13;12,6;76;70;75;113;7,6;2,9;
2024-11-24;0800;0;918,8;1014,9;918,8;918,5;-3,5;19;17,7;13,4;18;17,5;13,4;13,2;12,6;76;74;76;118;9;3;
2024-11-24;0900;0;919,4;1015,4;919,4;918,7;105,5;18;18,1;13,4;18,2;17,5;13,6;13,3;12,7;77;74;74;123;9;3,5;
2024-11-24;1000;0;920,1;1015,6;920,1;919,4;698,6;20;19,8;13,9;19,8;18,1;14,1;13,4;13,1;75;69;69;113;8,7;3,3;
2024-11-24;1100;0;920,5;1015,4;920,5;920,1;1700,8;22;21,6;13,9;21,6;19,8;14,6;13,3;13,6;69;60;61;91;7,7;3,2;
2024-11-24;1200;0;920,7;1014,8;920,7;920,4;2530,1;24;24,1;14,8;24,1;21,6;14,8;13;13,8;62;53;56;74;8,3;2,7;
2024-11-24;1300;0;920,6;1014,4;920,7;920,6;3170;26;24,9;14;25,4;23;15,1;12,7;13,7;57;49;51;64;8,3;2,7;
2024-11-24;1400;0;920,5;1013,9;920,7;920,5;3584;27;26,2;14,3;26,6;24,7;15,4;13,4;13,6;54;47;48;86;6;2,1;
2024-11-24;1500;0;920,2;1013,3;920,5;920,2;3534,7;28;27;14,1;27,5;25,6;15,8;13,1;13,7;51;43;45;103;5,8;2,1;
2024-11-24;1600;0;919,7;1013;920,2;919,7;2876,8;29;26,4;12,8;28,1;25,9;14,9;12,6;13,4;48;39;43;46;6,4;2,6;
2024-11-24;1700;0;919,2;1011,7;919,7;919,1;2773;29;28,5;10,9;28,9;26,1;14,1;10,1;13,6;47;32;33;39;5,6;1,9;
2024-11-24;1800;0;918,6;1010,9;919,2;918,6;3227,3;31;29;12,1;29,3;27,8;13;10,5;13,6;40;32;35;101;5;1,6;
2024-11-24;1900;0;918,2;1010,7;918,6;918,2;1903,7;31;28,3;11,6;29,2;26,7;14,4;11;13,1;42;33;36;127;5,2;2,1;
2024-11-24;2000;0;918,3;1011,1;918,3;918;1504,9;31;27,5;12,4;28,6;27,2;13,2;11,4;13,1;41;34;39;130;5,9;2,5;
2024-11-24;2100;0;918,5;1011,9;918,5;918,3;762,7;30;25,6;13,4;27,8;25,6;13,4;11,6;12,9;47;37;47;130;6,4;1,9;
2024-11-24;2200;0;918,9;1013,2;918,9;918,5;23,1;27;23;13,9;25,6;23;14,2;13,1;12,8;57;46;56;153;4,3;1,2;
2024-11-24;2300;0;919,4;1014,4;919,4;918,9;-3,5;24;21;14,3;23;21;14,3;13,9;12,8;66;56;66;156;3,2;,9;
2024-11-25;0000;0;919,9;1015,3;920;919,4;-3,5;22;20,2;14,3;21;20;14,6;14,1;12,8;70;66;69;141;3;1;
2024-11-25;0100;,2;920,6;1016,3;920,6;919,9;-3,5;21;19,5;14;20,2;19,5;14,4;14;12,8;72;68;71;152;3,2;1,9;
2024-11-25;0200;0;920,7;1016,4;920,8;920,6;-3,5;20;19,4;13,4;19,6;19,1;14;13,4;12,7;72;68;68;139;3,2;1,1;
2024-11-25;0300;0;920,6;1016,6;920,8;920,6;-3,5;20;18,4;13,5;19,5;18,3;13,6;13,3;12,7;73;68;73;119;3,6;1,2;
2024-11-25;0400;0;920,1;1015,9;920,7;920,1;-3,5;19;18,9;12,9;19;18,1;13,6;12,8;12,7;75;67;68;116;6,2;2,2;
2024-11-25;0500;0;919,9;1015,8;920,1;919,8;-3,5;19;18,7;11,8;19,5;18,5;13;11,7;12,7;68;61;64;130;6,6;2,1;
2024-11-25;0600;0;920;1015,8;920;919,8;-3,5;19;18,8;11,5;19,2;18,6;11,9;11,5;12,7;65;61;63;110;6,8;2,4;
2024-11-25;0700;0;920,1;1016,3;920,2;919,9;-3,5;19;17,9;11,5;18,8;17,9;11,7;11,4;12,6;67;63;66;122;6,9;2,5;
2024-11-25;0800;0;920,3;1016,6;920,3;920,1;-3,5;18;17,5;11,5;18;17,2;11,6;11,4;12,6;69;65;68;122;7;2,3;
2024-11-25;0900;0;920,7;1016,9;920,7;920,3;81;18;18,1;11,7;18,1;17,1;11,8;11,4;12,7;70;66;66;109;6,5;2,9;
2024-11-25;1000;0;921;1016,6;921,1;920,7;790,9;20;19,9;12,2;20;18,1;12,5;11,7;13,1;67;60;61;113;7,7;2,9;
2024-11-25;1100;0;921,8;1016,7;921,8;921;1693,5;22;22,1;13,4;22,1;19,9;13,4;12,3;13,6;62;55;58;90;9,7;2,8;
2024-11-25;1200;0;922,1;1016,6;922,1;921,7;2517,7;24;23,5;13,7;23,5;22,1;14,2;12,8;13,8;58;54;54;82;8,1;2,7;
2024-11-25;1300;0;922,3;1016,5;922,4;922,1;3158,7;25;24,5;13,9;24,9;23,3;14,6;13,3;13,7;56;50;52;82;8,1;2,7;
2024-11-25;1400;0;922,2;1015,7;922,4;922,2;3576,3;27;26,5;15,6;26,5;24,3;15,6;13,4;13,7;53;46;51;96;7,3;2,6;
2024-11-25;1500;0;921,7;1015;922,2;921,7;3792,6;28;26,8;13,9;27,6;26;15;13,2;13,7;51;42;45;54;8,3;3,5;
2024-11-25;1600;0;921;1013,8;921,7;921;3826,2;29;28,2;14,1;28,7;26,4;14,9;12,4;13,5;47;39;42;76;7,6;2,4;
2024-11-25;1700;0;920,7;1013,7;921;920,6;3540,8;31;27,6;11,9;29,2;27;15,2;11,7;13,6;46;36;38;49;6,9;2,3;
2024-11-25;1800;0;920,2;1013,1;920,7;920,2;2362,2;31;27,8;12,1;29,2;26,9;14,4;11;13,1;43;34;38;130;4,7;1,3;
2024-11-25;1900;0;919,7;1012,1;920,2;919,6;2425,7;31;29,1;13,1;29,2;27,7;13,4;11,3;13,6;40;34;38;106;5,5;1,5;
2024-11-25;2000;0;919,6;1012,4;919,7;919,6;1287,7;31;27,9;12,3;29,4;27,4;13,9;11,7;13;42;35;38;124;4;1,9;
2024-11-25;2100;0;919,5;1012,8;919,6;919,5;601,8;30;26,3;14,5;28;26,3;14,9;12;12,9;48;37;48;138;4,2;,7;
2024-11-25;2200;0;919,6;1014,1;919,6;919,5;25;27;22,6;15;26,3;22,6;15;13,8;12,8;62;48;62;187;4;,5;
2024-11-25;2300;0;920,2;1015,1;920,2;919,6;-3,5;24;21,6;14,5;22,8;21,6;15,3;14,2;12,8;65;59;64;141;4,1;1,1;
2024-11-26;0000;0;920,6;1015,6;920,6;920,2;-3,5;23;21,5;14,1;21,9;21,3;14,6;14;12,8;64;62;63;129;3,5;,8;
2024-11-26;0100;0;921;1016,4;921;920,6;-3,5;22;20,4;13,9;21,4;20,4;14,2;13,7;12,8;67;62;66;136;3,5;1,7;
2024-11-26;0200;,2;921,1;1016,4;921,2;921;-3,5;21;20,7;13,8;21,3;20,4;13,9;13,7;12,8;66;62;64;143;4,3;1,8;
2024-11-26;0300;0;920,6;1015,9;921,1;920,6;-3,5;21;20,7;13,7;21,1;20,5;13,8;13,6;12,7;65;63;64;147;4,2;1,6;
2024-11-26;0400;0;920;1015,5;920,6;920;-3,5;21;19,7;13,8;20,7;19,5;13,8;13,6;12,7;69;64;69;148;3,4;1,2;
2024-11-26;0500;0;919,5;1015,1;920;919,5;-3,5;20;19,5;13,8;19,7;18,9;13,9;13,7;12,7;72;69;70;151;3,3;1,5;
2024-11-26;0600;0;919,2;1014,8;919,5;919,2;-3,5;20;19,2;13,5;19,5;18,9;13,8;13,5;12,7;71;69;70;128;3;1,2;
2024-11-26;0700;0;919,6;1015,4;919,6;919,1;-3,5;19;18,9;13,4;19,2;18,4;13,6;13,3;12,7;73;69;70;121;2,7;1,1;
2024-11-26;0800;0;919,9;1015,9;920;919,6;-3,5;19;18,4;13,5;18,9;18,1;13,6;13,3;12,6;74;70;73;130;3,6;1;
2024-11-26;0900;0;920,9;1016,8;920,9;919,9;71,7;19;18,8;13,6;18,8;18,1;13,6;13,4;12,7;75;72;72;137;3,6;1,5;
2024-11-26;1000;0;921,5;1016,7;921,5;920,9;737;21;21,2;13,9;21,4;18,8;14,5;13,4;13,1;72;63;63;121;4,1;1,3;
2024-11-26;1100;0;922,1;1016,6;922,1;921,5;1671,7;24;23,5;14,3;23,5;21,2;14,6;13,6;13,5;65;55;56;91;5,4;1,6;
2024-11-26;1200;0;922,4;1016,1;922,4;922,1;2196,1;26;25,8;15;25,8;23,2;15,2;13,6;13,9;58;50;51;55;5,5;2;
2024-11-26;1300;0;922,1;1015,4;922,3;922;3140;27;26,9;12,4;27,7;24,9;15,3;12,4;13,6;52;40;41;34;7,7;4,1;
2024-11-26;1400;0;921,4;1014,3;922,1;921,4;3568,3;29;28;12,7;28,9;26,6;14,2;12,5;13,5;46;38;39;10;7,7;2,9;
2024-11-26;1500;0;920,8;1013,5;921,4;920,8;3836,4;30;28,5;11,5;29,1;27,8;13,9;11,2;13,5;41;34;35;30;5,3;2,2;
2024-11-26;1600;0;920;1012,1;920,8;920;3569,3;31;30;11,1;30,1;28,3;13,6;10,6;13,6;39;31;31;70;5,1;2;
2024-11-26;1700;0;919;1011,5;920;919;1672,7;31;28,6;11,4;30;28,6;13;10,4;13,4;38;31;34;145;4,1;1,4;
2024-11-26;1800;0;918,2;1010;919;918,2;3004,9;32;30,4;11,8;30,7;28,6;13,4;10,8;13,5;37;30;32;132;3,5;1,4;
2024-11-26;1900;0;917,7;1009,7;918,2;917,7;2451,3;33;29,7;10,7;31,2;29,7;12,4;10,7;13;35;30;31;93;5,2;2,2;
2024-11-26;2000;0;917,3;1009;917,7;917,3;1382,6;33;30,4;11,1;31,1;29,4;12,2;10,2;13;33;29;31;90;4,4;1,1;
2024-11-26;2100;0;917,5;1009,5;917,5;917,3;614,2;33;29,5;13,3;30,7;28,8;13,5;11;12,9;39;30;37;91;2,6;,4;
2024-11-26;2200;0;917,9;1011,3;917,9;917,5;39,3;29;25,5;13,5;29,5;25,5;14,7;12,3;12,8;50;37;47;113;1,6;,6;
2024-11-26;2300;0;918,3;1012,9;918,3;917,8;-3,5;26;21,9;15,1;25,4;21,9;15,3;13,7;12,8;66;48;66;142;3;2,1;
2024-11-27;0000;0;918,5;1013,3;918,6;918,3;-3,5;23;21,3;14,8;21,9;20,9;15,3;14,7;12,8;70;65;66;147;3;1,6;
2024-11-27;0100;0;918,7;1014,1;918,7;918,5;-3,5;22;19,8;14,6;21,3;19,8;14,9;14,6;12,8;72;66;72;145;2,8;1,8;
2024-11-27;0200;0;919;1014,6;919;918,7;-3,5;21;19,1;14,2;20,3;18,8;14,7;14,2;12,7;77;69;73;150;3,2;2;
2024-11-27;0300;0;918,5;1014,4;919;918,5;-3,5;20;18,2;13,9;19,8;18,2;14,2;13,8;12,7;76;69;76;147;3,4;2,5;
2024-11-27;0400;0;918,2;1014,3;918,5;918,2;-3,5;19;17,6;13,7;18,5;17,5;13,9;13,6;12,7;78;74;78;148;3,5;2,1;
2024-11-27;0500;0;917,6;1013,4;918,2;917,6;-3,5;19;18,2;13,6;18,3;17,6;13,7;13,5;12,7;78;74;75;159;3;2;
2024-11-27;0600;0;917,4;1013,8;917,6;917,3;-3,5;18;16,4;13,8;18,2;16,4;13,8;13,4;12,7;84;74;84;145;2,9;1,9;
2024-11-27;0700;0;917,6;1014,1;917,6;917,4;-3,5;18;16,3;15,7;16,7;15,9;16,2;13,7;12,6;100;84;96;142;2,6;1,4;
2024-11-27;0800;0;918;1014,5;918;917,6;-3,5;17;16,2;16,2;16,4;15,6;16,2;15,2;12,6;100;93;100;190;2,3;,8;
2024-11-27;0900;0;918,7;1015,1;918,7;918;83;17;16,9;14;16,9;15,5;null;null;12,7;100;83;83;140;2,3;1,6;
2024-11-27;1000;0;919,4;1014,5;919,4;918,7;742,3;19;20,8;15,2;20,8;16,9;15,2;13,9;13,1;83;70;70;139;2,7;1,6;
2024-11-27;1100;0;919,7;1013,1;919,7;919,3;1733,7;23;26;14,8;26;20,7;16,1;14,8;13,6;70;50;50;99;3,8;1,5;
2024-11-27;1200;0;920,4;1013,3;920,4;919,7;2271,8;27;27,6;14,7;27,6;25,6;15;13,6;13,7;51;44;46;70;5,2;1,9;
2024-11-27;1300;0;920,1;1012,6;920,4;920,1;3092,8;29;29;13,1;29,4;27,2;14,9;11,7;13,5;45;35;38;26;5,4;2,3;
2024-11-27;1400;0;919,7;1012;920,2;919,7;3320,4;31;29,3;11,6;30,5;28,8;13,9;11,1;13,3;39;31;34;336;5,5;2;
2024-11-27;1500;0;919,1;1010,7;919,7;919,1;3746,2;32;31,4;12,1;31,7;28,9;13,3;10,2;13,4;35;27;31;321;5,8;1,7;
2024-11-27;1600;0;918,1;1009,6;919,1;918,1;3235,7;33;31,5;10,9;32,4;30;12,8;10,5;13,4;33;28;28;21;6;2,4;
2024-11-27;1700;0;917,4;1008,9;918,1;917,4;2367,6;33;31,1;11,9;32,5;30,2;13,3;9,8;13,3;35;26;31;51;4,5;2,2;
2024-11-27;1800;0;916,4;1007,7;917,4;916,4;2444,9;34;31,4;11,3;32,1;30,5;13,1;10,8;13,5;33;28;29;60;4,1;1,2;
2024-11-27;1900;0;915,9;1007,6;916,4;915,9;1558,1;34;30,2;12,2;32;30,2;13,2;10,7;13;35;28;33;47;6,6;1,6;
2024-11-27;2000;0;915,5;1007;916;915,5;1554,7;34;30,5;11,1;31,7;30,2;13,1;10,8;13;35;29;30;48;4,4;1,5;
2024-11-27;2100;0;915,8;1007,8;915,8;915,5;536,6;33;29,1;12,7;30,9;29,1;12,9;10,7;12,9;36;29;36;40;3,7;1,7;
2024-11-27;2200;0;916,2;1009,6;916,3;915,8;41,6;30;25;14,5;29,1;25;15,5;13;12,8;52;37;52;134;2,9;1,1;
2024-11-27;2300;0;916,9;1011,3;916,9;916,2;-3,5;26;22;15,5;25;22;15,5;14,3;12,8;66;52;66;143;2,6;1,6;
2024-11-28;0000;0;917,2;1012,2;917,2;916,9;-3,5;24;20,3;15,3;22;20,3;15,6;15,3;12,8;73;66;73;153;2,8;1,7;
2024-11-28;0100;0;917,5;1012,7;917,5;917,2;-3,5;22;20;14,9;20,5;19,7;15,3;14,8;12,8;76;72;72;151;3,1;1,9;
2024-11-28;0200;0;917,7;1013,1;917,8;917,5;-3,5;21;19,5;14,6;20;19,3;14,8;14,5;12,7;74;72;73;149;3,3;2,5;
2024-11-28;0300;0;917,3;1012,6;917,7;917,3;-3,5;21;19,7;14,3;19,8;19,1;14,6;14,3;12,7;74;71;71;143;3,3;2,4;
2024-11-28;0400;0;916,9;1012,6;917,3;916,9;-3,5;20;18,4;14,5;19,8;18,4;14,8;14,3;12,7;78;71;78;172;3,1;,6;
2024-11-28;0500;0;916,3;1012,1;916,9;916,3;-3,5;19;17,7;14,8;18,4;17,4;14,9;14,5;12,7;84;78;83;161;2,5;1,5;
2024-11-28;0600;0;916,1;1012;916,3;916,1;-3,5;19;17,6;14,6;18;17,5;14,8;14,6;12,7;83;81;83;155;2,3;1,2;
2024-11-28;0700;0;916,4;1012,4;916,4;916,1;-3,5;18;17,2;16,1;17,7;16,9;16,9;14,6;12,6;98;83;94;162;2;1;
2024-11-28;0800;0;916,9;1013;916,9;916,4;-3,5;18;17,2;16,8;17,3;16,8;17,1;15,8;12,6;100;92;97;149;2,5;1,2;
2024-11-28;0900;0;917,4;1013,4;917,4;916,9;73,8;18;17,5;15,5;17,5;16,9;17,1;15,5;12,7;100;88;88;150;2,3;1,6;
2024-11-28;1000;0;917,6;1011,8;917,6;917,4;680,1;20;22,9;16;22,9;17,4;16,6;15,3;13,1;95;65;65;143;2,3;,9;
2024-11-28;1100;0;918;1010,7;918;917,6;1618,9;24;27,7;16,1;27,7;22,5;17,4;15,5;13,5;68;50;50;119;2,6;,8;
2024-11-28;1200;0;918,1;1010,3;918,1;918;2402,3;28;29,2;15,3;29,5;27,6;16,7;15,1;13,7;50;43;43;325;7,5;4,3;
2024-11-28;1300;0;918;1009,6;918,3;918;2935,5;30;30,9;15,4;31,1;29;16,2;14,8;13,4;44;39;39;329;7,5;3,7;
2024-11-28;1400;0;917,7;1009,3;918;917,6;2707,6;32;30,9;15,5;32;29,4;15,8;13,8;13,2;42;34;40;null;null;null;
2024-11-28;1500;0;917,3;1008,9;917,7;917,3;1835,3;32;30,7;15,8;31,5;29,6;16,2;14,6;13,5;43;37;41;330;7,3;3,2;
2024-11-28;1600;0;916,6;1008,2;917,4;916,6;1687,6;32;30,5;14,3;31,5;29,9;15,3;13,8;13,5;41;36;38;324;7,6;2,3;
2024-11-28;1700;0;915,4;1006,3;916,7;915,4;3366,4;34;32,6;12,3;33;30,4;15,6;11,2;13,4;38;27;29;334;6,3;3,7;
2024-11-28;1800;0;914,7;1005,2;915,4;914,7;2734,6;35;33,6;12,3;33,6;31,9;14,7;12,1;13,5;33;28;28;47;6,3;1,5;
2024-11-28;1900;0;914,7;1005,6;914,7;914,5;2047,6;35;32,2;14;33,7;32,1;14,9;12,6;13,1;35;27;33;47;6,3;2,1;
2024-11-28;2000;0;915,4;1007,5;915,4;914,5;634,8;34;28,8;16,4;32,3;28,8;16,4;13,2;12,9;47;32;47;305;7,9;4,1;
2024-11-28;2100;0;916,5;1010,6;916,8;915,4;77,6;28;22,9;18,5;28,8;22,6;18,9;16,2;12,8;77;47;76;111;10,7;1,8;
2024-11-28;2200;0;917;1011,6;917,1;916,5;5,8;25;21,6;20;23,4;21,6;20;17,9;12,8;90;72;90;36;2,7;1,1;
2024-11-28;2300;0;917,1;1011,7;917,1;916,9;-2;24;21,5;null;22,3;21,3;null;null;12,8;null;null;null;39;2,4;,5;
2024-11-29;0000;0;917,8;1012,6;917,8;917,1;-2,9;23;21,1;null;21,8;21,1;null;null;12,8;null;null;null;44;3;2;
2024-11-29;0100;0;918,2;1013,1;918,2;917,8;-3,4;23;20,9;null;21,3;20,9;null;null;12,7;null;null;null;124;3;,6;
2024-11-29;0200;0;918,7;1013,7;918,8;918,2;-3,5;22;21;null;21,5;20,8;null;null;12,7;null;null;null;97;1,7;,6;
2024-11-29;0300;0;918,2;1013,2;918,7;918,2;-3,2;22;20,7;null;21;20,3;null;null;12,7;null;null;null;154;1,8;1,1;
2024-11-29;0400;0;917,4;1012,6;918,1;917,4;-3,5;21;19,8;null;20,7;19,8;null;null;12,7;null;null;null;132;2;,9;
2024-11-29;0500;0;916,8;1012;917,4;916,8;-3,2;21;19,8;null;20;19,5;null;null;12,7;null;null;null;153;2,4;1,4;
2024-11-29;0600;0;916,3;1011,5;916,8;916,3;-3;21;19,5;null;19,9;19,3;null;null;12,6;null;null;null;156;2,3;1,1;
2024-11-29;0700;0;917,3;1011,9;917,3;916,3;-2,1;21;21,5;19,8;21,5;19,5;null;null;12,6;null;null;90;298;4,6;1,9;
2024-11-29;0800;0;917,7;1012,8;917,7;917,1;-3,4;21;20,4;null;21,6;20,4;null;null;12,6;null;null;null;172;3,2;1,1;
2024-11-29;0900;0;919,2;1014,1;919,2;917,7;2;22;21,2;null;21,2;20,3;null;null;12,6;null;null;null;270;5,2;2,4;
2024-11-29;1000;0;920,1;1015,1;920,1;919,2;72,7;22;21,4;null;21,4;21,2;null;null;12,7;null;null;null;288;7,9;3,2;
2024-11-29;1100;0;921,2;1016,4;921,2;920,1;190,4;22;21,1;null;21,6;21,1;null;null;12,9;null;null;null;280;5,2;2,2;
2024-11-29;1200;0;921,2;1016,4;921,3;921;319,4;22;21;null;21,1;20,8;null;null;13,2;null;null;null;270;2,9;1,1;
2024-11-29;1300;0;920,9;1015,7;921,4;920,9;968,9;23;22,2;22,1;22,3;21;null;null;13,7;null;null;100;31;2,9;1,5;
2024-11-29;1400;0;920,5;1015;920,9;920,5;1489;24;22,9;19,4;23,2;22,2;22,6;19,2;13,6;100;80;81;334;5,3;2,5;
2024-11-29;1500;0;919,4;1013,3;920,5;919,4;1746,7;26;24,4;19,3;24,7;22,7;20,5;18,9;13,7;86;72;73;290;5,3;1,4;
2024-11-29;1600;0;918,6;1011,7;919,4;918,6;2320,5;28;26,5;19,7;26,5;24,4;20,6;19,2;13,7;76;66;66;269;4,8;2,7;
2024-11-29;1700;0;917,7;1010,2;918,6;917,7;2582,2;29;28,1;18,2;28,4;26,5;20,5;18,2;13,5;67;54;55;273;6,8;3,7;
2024-11-29;1800;0;917,1;1010,6;917,7;917,1;1106,8;29;24,8;19;28,3;24,8;19,4;18;13,1;70;55;70;215;8;3,9;
2024-11-29;1900;0;916,4;1010,3;917,1;916,4;705,1;26;23,6;19;24,8;23;19,6;18,4;13,8;78;70;76;196;9,7;3;
2024-11-29;2000;0;916,5;1010;916,5;916,3;1571,8;27;24,8;19;25,3;23,5;20;18,7;13;77;68;70;182;5,6;1,4;
2024-11-29;2100;0;916,9;1010,8;916,9;916,5;306,1;26;23,6;18,8;25,4;23,6;19,3;18,2;12,9;75;64;74;210;5,3;2,2;
2024-11-29;2200;0;917,8;1012,2;917,8;916,9;40;25;22,3;19,6;23,7;22,2;19,6;18,7;12,8;85;73;85;144;2,8;,6;
2024-11-29;2300;0;918;1012,8;918;917,8;-3,5;23;21,4;null;22,3;21,4;22,1;19,7;12,8;100;85;null;149;1,9;,7;
2024-11-30;0000;0;918,7;1013,7;918,7;918;-3,5;22;20,8;null;21,4;20,8;null;null;12,8;null;null;null;110;1,3;,5;
2024-11-30;0100;0;919,1;1014,2;919,1;918,7;-3,1;22;20,7;null;20,8;20,4;null;null;12,8;null;null;null;155;1,5;,9;
2024-11-30;0200;0;919,2;1014,6;919,3;919,1;-3,2;21;19,9;null;20,7;19,9;null;null;12,8;null;null;null;155;1,4;,3;
2024-11-30;0300;0;918,4;1013,9;919,2;918,3;-3,3;21;19,3;null;19,9;19,3;null;null;12,7;null;null;null;162;2;1;
2024-11-30;0400;0;917,9;1013,5;918,4;917,9;-3;20;18,9;null;19,4;18,9;null;null;12,7;null;null;null;134;2,3;,7;
2024-11-30;0500;0;917,1;1012,6;917,9;917,1;-2,8;20;18,8;null;19,4;18,8;null;null;12,7;null;null;null;131;2,1;1,5;
2024-11-30;0600;0;917;1012,5;917,2;917;-2,8;20;18,8;null;18,9;18,5;null;null;12,7;null;null;null;127;2,4;,8;
2024-11-30;0700;,2;917,2;1012,8;917,3;917;-2,9;20;18,6;null;18,8;18,4;null;null;12,7;null;null;null;155;1,5;,3;
2024-11-30;0800;0;917,7;1013,4;917,7;917,2;-2,8;19;18,4;null;18,6;18,2;null;null;12,6;null;null;null;142;2,3;1,4;
2024-11-30;0900;0;918,2;1013,9;918,2;917,7;59,8;19;18,7;null;18,8;18,2;null;null;12,7;null;null;null;147;2,3;,9;
2024-11-30;1000;0;918,7;1013,5;918,7;918,2;621;20;21,4;null;21,5;18,7;null;null;13,2;null;null;null;147;1,7;,9;
2024-11-30;1100;0;919;1012,8;919,1;918,7;1400,7;23;24,7;20,1;24,7;21,3;null;null;13,6;null;null;76;157;2,3;,9;
2024-11-30;1200;0;919,3;1012,4;919,3;919;2348,2;27;26,8;19,4;26,8;24,7;20,8;17,8;13,7;77;60;64;317;3,5;1,5;
2024-11-30;1300;0;919,3;1012,2;919,5;919,3;2216,2;28;27,4;18,3;28,2;25,6;19,4;18;13,3;66;56;58;279;5,8;3,7;
2024-11-30;1400;0;919;1011,5;919,3;919;3146,4;30;28,6;17,1;29,6;26,9;19,3;17,1;13,3;60;49;50;279;7,1;2,4;
2024-11-30;1500;0;918,5;1010,5;919,1;918,5;2805,4;31;30;17,2;30,5;28,2;19,1;16,5;13,6;54;44;46;225;6,3;2,2;
2024-11-30;1600;0;917,9;1009,8;918,5;917,9;2240,3;31;30,2;18,4;30,9;28,8;19,3;16,8;13,5;54;45;49;263;7,4;3,8;
2024-11-30;1700;0;917,1;1008,8;917,9;917,1;1662,7;32;30,3;17,7;30,7;29,2;18,7;17;13,2;52;45;47;222;6,6;2,9;
2024-11-30;1800;0;916,3;1007,8;917,1;916,3;2202,7;32;30,8;17;31,7;29,8;18,1;16,6;13,3;48;43;44;233;7,9;4,9;
2024-11-30;1900;0;915,5;1007;916,3;915,5;2317,1;32;30,7;17,7;31,4;30,3;18,1;16,7;13,5;48;42;46;219;7,9;4,7;
2024-11-30;2000;0;915,4;1007;915,6;915,3;1587,7;32;30,2;18,4;31,1;29,9;18,6;17,6;13,1;50;46;49;218;8,2;4,5;
2024-11-30;2100;0;915,6;1007,6;915,6;915,3;736,7;32;28,9;17,6;30,5;28,9;18,6;17,3;12,9;51;48;51;205;7,7;3,3;
2024-11-30;2200;0;916,1;1009,2;916,1;915,6;91,9;30;25,9;18,5;28,9;25,9;19;17,7;12,8;65;51;64;228;6,4;,6;
2024-11-30;2300;0;916,7;1010,5;916,7;916,1;-3,5;27;23,8;19,6;25,9;23,8;19,8;18,5;12,8;78;64;78;81;1,2;,6;
2024-12-01;0000;0;917,1;1011,2;917,1;916,7;-3,5;25;23,1;19,3;23,8;22,8;19,8;19,1;12,8;83;76;79;136;2;1,3;
2024-12-01;0100;0;917,8;1012,3;917,8;917,1;-3,5;24;22,1;21,3;23,1;22;21,4;19,3;12,8;96;79;95;336;2;,4;
2024-12-01;0200;0;918;1012,6;918;917,8;-3,5;23;21,8;21,8;22,2;21,3;null;null;12,8;null;null;100;46;2,3;1,5;
2024-12-01;0300;0;917,5;1012,4;918;917,5;-3,5;22;20,8;null;22,1;20,6;null;null;12,7;null;null;null;154;2,3;1,6;
2024-12-01;0400;0;917,2;1012,2;917,5;917,1;-3,5;22;20,4;null;20,9;20,2;null;null;12,7;null;null;null;126;2;,6;
2024-12-01;0500;0;917,1;1011,5;917,3;917,1;-3,3;22;22,1;19,1;22,2;20,4;null;null;12,7;null;null;83;178;2,4;1,3;
2024-12-01;0600;0;916,6;1011,3;917,1;916,6;-3,5;22;21;21;22,2;20,8;21,2;18,3;12,7;100;82;100;103;3,4;1,1;
2024-12-01;0700;0;917;1011,5;917;916,5;-3,5;22;21,7;18,2;22,1;20,9;20,9;18,2;12,7;100;79;81;106;4,5;1,3;
2024-12-01;0800;0;917,3;1012,1;917,3;917;-3,5;22;21;19,6;21,7;21;19,6;18,3;12,6;92;81;92;110;4;1,6;
2024-12-01;0900;0;918;1012,6;918;917,3;82,8;22;21,9;18,8;22;20,9;20,8;18,7;12,8;99;82;82;117;6,7;1,9;
2024-12-01;1000;0;918,6;1012,6;918,6;918;689,6;23;23,8;19,4;23,8;21,9;19,4;18,8;13,2;83;75;76;110;6,7;2,2;
2024-12-01;1100;0;919;1012,6;919;918,6;1275,1;26;25,1;19,3;25,3;23,8;19,5;18,7;13,5;76;68;70;84;6,7;2,5;
2024-12-01;1200;0;919,1;1012,1;919,2;919;2110,5;28;26,9;18,8;27,1;25;19,7;18,3;13,7;70;61;61;92;6,7;2,2;
2024-12-01;1300;0;919;1011,9;919,2;919;2394,4;29;27,4;19,5;27,8;26,5;19,6;18,1;13,7;64;58;62;55;6,8;3,3;
2024-12-01;1400;0;918,4;1010,6;919;918,4;3606,4;30;29,3;19,1;29,9;27,4;20;18,3;13,6;62;52;54;65;7,9;2,6;
2024-12-01;1500;0;917,7;1009,5;918,4;917,6;3443,1;31;30,4;18,7;31,2;28,4;20,2;18,1;13,5;57;49;50;78;7,9;2,5;
2024-12-01;1600;0;916,9;1008,7;917,7;916,9;3583,3;32;30,2;18,9;31,1;29,5;19,9;18,2;13,5;55;49;51;66;6,9;2,6;
2024-12-01;1700;0;916,2;1007,7;916,9;916,2;3088,1;33;30,9;19,3;31,6;29,6;20,1;17,5;13,5;53;47;50;79;7,7;1,9;
2024-12-01;1800;0;915,3;1006,3;916,2;915,3;2810,5;34;32,1;19,1;32,1;30,3;20,1;17,7;13,5;51;44;46;45;7;3;
2024-12-01;1900;0;914,5;1005,5;915,3;914,4;2540,1;34;32;18,6;32,4;31,1;18,9;16,8;13,5;47;41;45;48;6;2,9;
2024-12-01;2000;0;914,3;1005,7;914,5;914,2;1369,1;34;30,6;18,2;32;29,5;19;17,3;13;52;43;48;56;6,3;1,8;
2024-12-01;2100;0;914,4;1006,3;914,4;914,2;715,7;33;29,1;19;30,6;29,1;19;17,8;12,9;55;47;55;50;4,6;1,4;
2024-12-01;2200;0;915;1007,9;915;914,4;40,5;30;26,2;19,8;29,1;26,1;19,9;18,9;12,8;68;54;68;49;4,1;,9;
2024-12-01;2300;0;916;1009,5;916;915;-3,5;27;24,6;20;26,2;24,6;20,2;19,8;12,8;76;68;76;144;2,1;,4;
2024-12-02;0000;0;916,1;1009,6;916,2;916;-3,5;26;24,6;19,8;24,9;23,9;20,1;19,6;12,8;78;74;75;139;1,9;,4;
2024-12-02;0100;0;915,8;1009,3;916,2;915,8;-3,5;25;24,6;19,7;24,6;23;20;19,4;12,8;81;74;74;335;3,6;2;
2024-12-02;0200;0;915,2;1008,7;915,9;915,2;-3,5;25;24,4;19,8;24,8;23,6;19,9;19,4;12,8;78;74;76;8;6,2;3,2;
2024-12-02;0300;0;915,1;1008,7;915,2;914,8;-3,5;25;24,1;19,3;24,8;24,1;19,9;19,3;12,7;76;72;75;13;6,3;2,4;
2024-12-02;0400;0;915,1;1009,1;915,3;914,9;-3,5;24;22,9;19,5;24;22,6;19,7;19,3;12,7;83;75;81;155;4,5;1;
2024-12-02;0500;0;916;1010;916;915;-3,3;24;22,9;19,2;24,1;22,7;19,6;18,7;12,7;82;73;80;247;4;1,4;
2024-12-02;0600;0;916;1010,6;916,2;916;-3,5;23;21,1;null;23,2;21;21,6;18,8;12,7;100;78;null;141;2,5;,4;
2024-12-02;0700;0;916,3;1011,1;916,3;916;-3,5;22;20,7;null;21,3;20,7;null;null;12,7;null;null;null;113;1,4;,5;
2024-12-02;0800;0;916,9;1011,6;916,9;916,2;-1,7;22;21,1;null;21,2;20,6;null;null;12,6;null;null;null;323;1,6;,4;
2024-12-02;0900;0;917,5;1012,2;917,5;916,9;9,6;22;21,4;null;22;20,9;null;null;12,6;null;null;null;291;5,5;1,4;
2024-12-02;1000;0;918;1012,6;918;917,4;190,6;22;21,9;null;21,9;21,3;null;null;13;null;null;null;285;2,4;,5;
2024-12-02;1100;0;918,2;1012;918,4;918;925,2;24;24,3;20,4;24,4;21,9;null;null;13,4;null;null;79;327;3,6;1,9;
2024-12-02;1200;0;918,4;1011,9;918,4;918,2;1932,1;26;25,3;19,9;26,4;24,2;20,9;19,7;13,6;79;69;72;295;7,4;4,6;
2024-12-02;1300;0;917,9;1010,7;918,4;917,9;2100,2;28;27,3;20,3;27,6;25,3;21;19,8;13,5;74;64;66;295;8,3;4;
2024-12-02;1400;0;917,3;1010,3;917,9;917,1;1708,3;29;26,4;19,4;29,2;26,3;21,1;19,1;13,3;70;59;66;301;11;5,4;
2024-12-02;1500;0;916,8;1010,6;917,3;916,6;852,2;28;23,8;19,2;26,7;23,8;20,9;18,9;13;77;66;76;326;11;2,7;
2024-12-02;1600;0;917;1011,6;917,3;916,8;108,4;25;21,5;null;23,8;21,5;null;null;13;null;null;null;3;6,2;1,3;
2024-12-02;1700;0;915,7;1010,1;916,9;915,7;326,8;23;21,6;null;22,1;21,1;null;null;13,4;null;null;null;170;5,5;,8;
2024-12-02;1800;0;915,1;1008,7;915,7;915,1;1413,6;25;23,9;23,3;23,9;21,6;null;null;13,9;null;null;96;144;2,5;1;
2024-12-02;1900;,2;914,7;1008;915,1;914,7;1387,7;27;24,8;20,8;25,4;24;21,9;20;13,1;96;75;79;322;1,9;1,1;
2024-12-02;2000;0;914,6;1007,9;914,7;914,2;552,9;27;24,6;21,2;24,8;24,5;21,7;20,7;13;84;79;81;274;4,3;2,7;
2024-12-02;2100;0;915,2;1008,9;915,2;914,4;284,7;26;23,8;23,8;24,6;23,8;24,1;21,1;12,9;100;81;100;311;4,3;1,1;
2024-12-02;2200;0;915,3;1009,3;915,3;915;22,5;25;22,9;null;23,8;22,9;null;null;12,8;null;null;null;120;2,9;1,1;
2024-12-02;2300;,2;916,5;1010,6;916,5;915,3;-1,6;24;23;null;23,2;22,8;null;null;12,8;null;null;null;212;2,2;1,3;
2024-12-03;0000;0;917,5;1012,5;917,5;916,5;-,3;23;20,4;null;23,2;20,4;null;null;12,8;null;null;null;341;12,5;1,1;
2024-12-03;0100;0;917,6;1012,8;917,7;917,5;-1,8;22;20;null;20,5;20;null;null;12,8;null;null;null;74;2,1;,7;
2024-12-03;0200;,2;917,7;1012,9;917,7;917,6;-1,9;21;20,1;null;20,1;19,9;null;null;12,7;null;null;null;175;1,5;,8;
2024-12-03;0300;,2;917,2;1012,3;917,7;917,2;-1,9;21;20,2;null;20,3;20;null;null;12,7;null;null;null;126;1,9;,7;
2024-12-03;0400;,2;916,7;1011,8;917,2;916,6;-1,2;21;20,1;null;20,2;20;null;null;12,7;null;null;null;162;2,2;1,1;
2024-12-03;0500;,2;916,5;1011,5;916,7;916,4;-1,9;21;20,2;null;20,2;20;null;null;12,7;null;null;null;351;1,8;,3;
2024-12-03;0600;,2;916,6;1011,6;917,1;916,5;-,7;21;20,1;null;20,3;20,1;null;null;12,7;null;null;null;146;5,7;,4;
2024-12-03;0700;0;916,2;1011,2;916,6;916,2;-1,8;21;20;null;20,2;20;null;null;12,6;null;null;null;97;1,6;1;
2024-12-03;0800;,2;916,1;1011,1;916,2;916;-1,9;21;20;null;20;20;null;null;12,6;null;null;null;161;2,3;,9;
2024-12-03;0900;,2;916,6;1011,6;916,6;916,1;22,8;21;20,2;null;20,2;19,9;null;null;12,6;null;null;null;20;1,5;,6;
2024-12-03;1000;,2;917;1011,8;917;916,6;347,6;21;21;null;21;20,2;null;null;13,2;null;null;null;99;1,9;,8;
2024-12-03;1100;,2;917,5;1011,8;917,5;917;804,2;23;22,7;22,2;22,7;21;null;null;13,4;null;null;97;55;1,9;,9;
2024-12-03;1200;0;918;1011,9;918;917,5;1382,4;24;23,8;19,6;23,8;22,6;22,1;19;13,8;98;75;77;340;4,8;2,5;
2024-12-03;1300;0;918,1;1012;918,1;918;1685,2;26;24,1;19,8;24,5;23,6;20,2;18,7;13,4;79;73;77;323;5,6;2,4;
2024-12-03;1400;,2;917,5;1010,7;918,1;917,5;2090,8;27;25,8;20,4;26,3;23,7;20,5;19,2;13,8;78;68;72;356;6,1;3,2;
2024-12-03;1500;0;916,5;1009,5;917,5;916,5;2214,7;27;26,3;21,7;26,5;24,1;22;19,3;13,8;84;69;76;324;6,5;3,1;
2024-12-03;1600;0;916;1009,2;916,5;916;1840,2;28;25,3;19,9;26,9;25,1;21,6;19,5;13,2;77;65;72;293;9,8;5;
2024-12-03;1700;0;915,8;1009,8;916,1;915,7;749,5;26;23,1;null;25,8;22,9;23,2;19,9;13;100;71;null;255;10,1;3,6;
2024-12-03;1800;0;915,5;1009,6;915,9;915,5;464,6;25;22,5;22,5;23,3;22,4;null;null;13;null;null;100;255;7,3;4,1;
2024-12-03;1900;0;915,3;1009,5;915,7;915,3;307,9;24;22,1;null;22,5;21,9;null;null;13;null;null;null;310;7,3;1,2;
2024-12-03;2000;0;915,6;1009,5;915,6;915,2;606,6;24;23,2;null;23,2;22,1;null;null;13,1;null;null;null;110;2;,6;
2024-12-03;2100;0;915,6;1009,4;915,6;915,4;745,6;25;23,5;null;23,8;23,1;null;null;13;null;null;null;123;1,9;,8;
2024-12-03;2200;0;915,9;1010;915,9;915,6;39,2;25;22,7;19,6;23,5;22,7;null;null;12,8;null;null;83;22;5,1;1,5;
2024-12-03;2300;,2;916,7;1011,1;916,7;915,9;-1,6;24;21,9;null;22,7;21,8;null;null;12,8;null;null;null;132;3,5;,8;
2024-12-04;0000;0;917,6;1012,4;917,6;916,7;-,9;23;21,2;null;22;21,2;null;null;12,8;null;null;null;193;5,6;2,1;
2024-12-04;0100;0;918,1;1013,1;918,1;917,6;-,2;22;20,7;null;21,4;20,6;null;null;12,8;null;null;null;188;4,3;,9;
2024-12-04;0200;0;917,8;1012,9;918,1;917,8;-1,2;22;20,4;null;20,7;20,3;null;null;12,7;null;null;null;185;1,8;1,2;
2024-12-04;0300;0;917,4;1012,4;917,8;917,3;-1,7;22;20,6;null;20,6;20,3;null;null;12,7;null;null;null;263;1,8;,5;
2024-12-04;0400;0;916,9;1011,8;917,4;916,9;-2,2;22;20,6;null;20,7;20,4;null;null;12,7;null;null;null;245;2;,9;
2024-12-04;0500;,2;916,6;1011,6;916,9;916,6;-2,1;21;20,1;null;20,6;20,1;null;null;12,7;null;null;null;132;1,5;,7;
2024-12-04;0600;0;916,4;1011,4;916,6;916,4;-,8;21;20,2;null;20,2;20;null;null;12,7;null;null;null;197;1,3;,3;
2024-12-04;0700;0;916,4;1011,4;916,4;916,3;-1,5;21;20,3;null;20,4;20,2;null;null;12,7;null;null;null;109;,9;,5;
2024-12-04;0800;,2;916,8;1011,8;916,8;916,4;-2,2;21;20,3;null;20,3;20,2;null;null;12,6;null;null;null;358;1,1;,2;
2024-12-04;0900;,4;917,5;1012,5;917,5;916,8;13,5;21;20,4;null;20,4;20,2;null;null;12,6;null;null;null;172;1,1;,6;
2024-12-04;1000;,2;918,3;1013,4;918,3;917,5;72;21;20,4;null;20,5;20,3;null;null;12,7;null;null;null;126;,9;,4;
2024-12-04;1100;,2;918,7;1013,7;918,7;918,3;323,9;22;21;null;21,2;20,4;null;null;13,2;null;null;null;126;1,9;,9;
2024-12-04;1200;,2;918,9;1013,3;918,9;918,7;1049,6;23;22,7;22,5;23,4;21;null;null;13,6;null;null;99;144;1,9;,7;
2024-12-04;1300;,2;918,7;1012,9;918,9;918,7;1245,7;25;23,4;20,4;23,5;22,7;23,4;20,1;13,8;100;81;83;92;2,6;1,2;
2024-12-04;1400;0;918,1;1011,9;918,7;918,1;2538,8;27;24,4;20,6;24,9;23,4;23,8;20,3;13,8;100;78;79;129;4,9;1,9;
2024-12-04;1500;0;917,6;1011,7;918,1;917,6;918,5;26;23,1;null;24,5;22,8;22,8;20,2;13,4;100;79;null;128;4,9;1,6;
2024-12-04;1600;0;916,8;1011;917,6;916,8;1481,1;26;22,8;null;24,3;22,5;null;null;13,2;null;null;null;131;4,5;2;
2024-12-04;1700;0;916,4;1011;917,1;916,4;381,3;24;21,5;null;22,9;20,8;null;null;13,2;null;null;null;108;4,9;1,2;
2024-12-04;1800;,2;916,2;1010,4;916,4;915,9;721,5;24;22,5;null;22,6;21,5;null;null;13,1;null;null;null;156;2,7;1,4;
2024-12-04;1900;0;916,1;1010,3;916,2;915,8;341,8;24;22,6;null;22,6;22,4;null;null;13;null;null;null;108;2,3;,9;
2024-12-04;2000;0;915,9;1010;916,1;915,8;304,3;24;22,7;null;22,8;22,6;null;null;13;null;null;null;101;2,1;,7;
2024-12-04;2100;0;916,1;1010,8;916,1;915,9;77,7;23;21;null;22,7;20,9;null;null;12,8;null;null;null;106;2,5;,8;
2024-12-04;2200;0;916,1;1010,8;916,2;916;12,8;22;21;null;21,1;20,9;null;null;12,8;null;null;null;145;2,3;1;
2024-12-04;2300;0;917,1;1011,9;917,1;916,1;-1,5;22;20,9;null;21;20,9;null;null;12,8;null;null;null;113;2,1;,8;
2024-12-05;0000;0;917,8;1012,7;917,8;917,1;-1,7;22;20,9;null;21;20,9;null;null;12,8;null;null;null;137;2,1;,9;
2024-12-05;0100;,2;918,1;1013;918,1;917,8;-1,7;22;20,9;null;21;20,9;null;null;12,8;null;null;null;132;2,4;,9;
2024-12-05;0200;0;918,3;1013,3;918,3;918,1;-1,6;22;20,8;null;21;20,8;null;null;12,7;null;null;null;122;2,2;,9;
2024-12-05;0300;0;917,6;1012,5;918,3;917,6;-1,5;22;20,9;null;20,9;20,8;null;null;12,7;null;null;null;138;3,5;1,4;
2024-12-05;0400;0;917,3;1012,2;917,6;917,3;-1,7;22;20,8;null;20,9;20,6;null;null;12,7;null;null;null;118;4;1,6;
2024-12-05;0500;0;916,8;1011,7;917,3;916,8;-,4;21;20,6;null;20,8;20,6;null;null;12,7;null;null;null;100;7,1;1,2;
2024-12-05;0600;0;916,5;1011,4;916,8;916,5;-1,7;21;20,4;null;20,6;20,3;null;null;12,7;null;null;null;119;4,7;1,4;
2024-12-05;0700;0;917,1;1012,1;917,1;916,5;-,8;21;20,3;null;20,4;20,2;null;null;12,6;null;null;null;112;3,4;1,2;
2024-12-05;0800;0;917,2;1012,2;917,2;917;-1,6;21;20,5;null;20,6;20,3;null;null;12,6;null;null;null;116;3,3;1,1;
2024-12-05;0900;,2;918,1;1013,2;918,1;917,2;20,6;21;20,5;null;20,6;20,5;null;null;12,6;null;null;null;142;3,3;1,3;
2024-12-05;1000;0;918,7;1013,6;918,7;918,1;195,1;21;21,2;null;21,2;20,5;null;null;13;null;null;null;105;4;1,4;
2024-12-05;1100;0;918,9;1013,3;918,9;918,7;768,2;23;22,7;20,4;22,7;21,2;null;null;13,4;null;null;87;91;3,3;1,4;
2024-12-05;1200;0;919;1013;919;918,8;1215,4;24;23,9;19,8;23,9;22,5;21,4;19,5;13,6;94;77;78;72;3,3;1,3;
2024-12-05;1300;0;919,3;1012,9;919,3;919;1546,3;26;25,3;20,3;25,3;23,9;20,4;19;13,7;79;70;74;38;5,3;2,5;
2024-12-05;1400;0;919;1012,3;919,3;919;2208,3;28;26;20,7;26,5;25,2;21,5;19;13,7;77;68;73;55;5,9;2,4;
2024-12-05;1500;0;918,7;1011,6;919;918,7;2497,5;29;27,2;20,4;27,3;25,5;21,4;19,7;13,7;75;66;67;40;7;2,4;
2024-12-05;1600;0;917,9;1010,1;918,7;917,8;3875,7;31;29,2;19;29,5;26,8;21,4;18,5;13,5;66;54;54;19;7,9;4,4;
2024-12-05;1700;0;917,4;1010,3;917,9;917,4;1108;30;26,8;19,2;29,2;26,7;19,6;18,3;13,1;65;53;63;35;7,9;3,2;
2024-12-05;1800;0;916,9;1010;917,4;916,9;448,3;28;25,9;20,1;26,8;25,8;20,8;19,2;13;73;63;71;77;4,9;1,1;
2024-12-05;1900;0;916,7;1010,1;917;916,7;370,4;27;25,2;20,8;25,9;25,2;21;20;13,1;77;70;77;85;4;1,2;
2024-12-05;2000;,2;916,5;1010;916,8;916,3;421,3;27;24,7;20,6;25,2;24,7;21,6;20,6;13;82;76;78;62;5,4;1,9;
2024-12-05;2100;0;917,2;1010,9;917,2;916,5;153,9;26;24,3;19,9;24,7;24,3;21;19,6;12,9;81;74;76;347;4,4;,8;
2024-12-05;2200;0;917,7;1011,9;917,7;917,2;20,5;25;23;23;24,4;23;23;19,4;12,8;100;74;100;192;2,4;,6;
2024-12-05;2300;0;918,3;1012,8;918,3;917,7;-3,5;24;22,2;null;23;22,2;null;null;12,8;null;null;null;118;1,6;,5;
2024-12-06;0000;0;918,3;1012,9;918,4;918,2;-2,6;23;21,8;null;22,5;21,7;null;null;12,8;null;null;null;172;1,4;,4;
2024-12-06;0100;0;918,8;1013,7;918,8;918,3;-3,1;23;21,3;null;21,8;21,2;null;null;12,8;null;null;null;112;1,2;,3;
2024-12-06;0200;0;918,9;1014;918,9;918,7;-2,7;22;20,6;null;21,4;20,6;null;null;12,8;null;null;null;148;2,1;,9;
2024-12-06;0300;0;918,3;1013,4;918,9;918,3;-3,1;22;20,4;null;20,6;20,2;null;null;12,7;null;null;null;146;2,3;1,5;
2024-12-06;0400;0;917,9;1013;918,3;917,9;-2,9;21;20,4;null;20,5;20,1;null;null;12,7;null;null;null;183;2,3;,8;
2024-12-06;0500;0;917,7;1012,9;917,9;917,7;-3,4;21;20,1;null;20,4;19,9;null;null;12,7;null;null;null;158;1,6;1;
2024-12-06;0600;0;917,7;1013,1;917,9;917,7;-3,4;21;19,3;null;20,1;19,3;null;null;12,7;null;null;null;132;1,8;,8;
2024-12-06;0700;,2;918;1013,1;918;917,7;-3,4;21;20,3;null;20,3;19,2;null;null;12,7;null;null;null;146;2,7;1,3;
2024-12-06;0800;0;918,5;1013,7;918,5;918;-3,1;21;20,3;null;20,5;20,2;null;null;12,6;null;null;null;140;2,5;1,2;
2024-12-06;0900;0;918,9;1013,8;918,9;918,5;71;21;21,1;null;21,1;20,3;null;null;12,7;null;null;null;138;3;1,6;
2024-12-06;1000;0;919,6;1013,9;919,6;918,9;748,5;23;23,3;20,3;23,3;21,1;null;null;13,1;null;null;83;117;4,6;2;
2024-12-06;1100;0;920;1013,5;920;919,6;1609;26;25,7;20,6;25,7;23,3;21,3;20,1;13,5;84;73;73;63;5,7;2,2;
2024-12-06;1200;0;920,3;1013,9;920,3;920;1401,7;27;25,5;20,7;26,3;25;21,5;20,1;13,4;78;71;75;55;5,7;1,9;
2024-12-06;1300;0;920,1;1012,9;920,4;920,1;2613,2;29;27,9;19,4;28,8;25,5;21,7;19,1;13,7;76;59;60;51;7,1;3,2;
2024-12-06;1400;0;919,5;1012;920,1;919,5;2938;30;28,7;19,2;28,9;27,3;20,1;18,5;13,5;63;56;56;32;8,6;4,9;
2024-12-06;1500;0;918,9;1010,8;919,5;918,9;3414,7;31;30,3;17,9;30,3;28,4;20,4;17,2;13,4;59;47;48;352;7,9;4;
2024-12-06;1600;0;918,5;1010,2;918,9;918,5;2567;32;30,8;17,7;30,8;29,1;18,9;16,4;13,5;53;44;45;359;7,1;3,5;
2024-12-06;1700;0;917,8;1009,3;918,5;917,8;2663,2;33;31,2;16,2;31,8;29,4;18;15,8;13,6;47;40;41;352;6,9;2,7;
2024-12-06;1800;0;917,1;1008,3;917,8;917,1;2862,4;34;32;16,3;32,5;30,7;17,6;14,8;13,5;43;36;39;28;7,6;2,3;
2024-12-06;1900;0;916,8;1008,5;917,1;916,7;1666,5;34;30,4;16,1;32,6;30,1;17,2;14,2;13;44;35;42;9;6,9;1,8;
2024-12-06;2000;0;916,6;1008;916,8;916,6;810,2;32;31,3;14,6;31,4;29,9;17,8;14,4;13;47;35;36;108;4,1;,9;
2024-12-06;2100;0;916,8;1009,3;916,8;916,6;371,3;32;27,8;17,8;31,4;27,7;18;14,6;12,9;55;36;55;66;3,8;,9;
2024-12-06;2200;0;917,2;1010,5;917,2;916,8;32,8;29;25,5;17,6;27,8;25,5;18,5;16,7;12,8;62;53;62;124;2;1;
2024-12-06;2300;0;917,7;1012,1;917,7;917,2;-3,5;26;22,3;18,3;25,5;22,3;18,8;17,2;12,8;78;61;78;145;2;1,3;
2024-12-07;0000;0;918;1012,8;918;917,7;-3,5;24;21,2;18,1;22,4;21,2;18,5;17,8;12,8;84;76;82;155;2,3;1,1;
2024-12-07;0100;0;918,6;1013,7;918,6;918;-3,5;23;20,5;18,6;21,4;20,5;18,6;17,8;12,8;89;81;89;155;3;2;
2024-12-07;0200;0;918,7;1013;918,8;918,6;-3,5;22;23,1;17,4;23,1;20,5;18,5;17,3;12,7;89;70;70;162;3,6;1,7;
2024-12-07;0300;0;918,4;1013,3;918,7;918,4;-3,5;22;21,2;17,4;23,5;20,8;17,5;16,7;12,7;81;68;79;149;3,6;2,2;
2024-12-07;0400;,2;917,8;1013,1;918,4;917,8;-3,5;22;19,8;17,5;21,2;19,8;17,5;17,1;12,7;86;78;86;146;3,2;1,9;
2024-12-07;0500;0;917,5;1013,1;917,8;917,4;-3,5;21;18,8;null;20;18,7;19,2;17,7;12,7;100;86;null;145;2,7;1,2;
2024-12-07;0600;0;917,2;1012,9;917,5;917,2;-3,5;20;18,4;null;19;18,2;null;null;12,7;null;null;null;158;2,4;1,3;
2024-12-07;0700;0;917,6;1013,4;917,6;917,2;-3,5;19;18,2;null;18,7;17,9;null;null;12,6;null;null;null;181;3,2;1,2;
2024-12-07;0800;0;918;1014;918;917,6;-3,5;19;17,7;null;18,6;17,6;null;null;12,6;null;null;null;159;3,1;,6;
2024-12-07;0900;0;918,4;1014,3;918,4;918;95,1;18;18,2;null;18,2;17,2;null;null;12,8;null;null;null;161;2,2;1,3;
2024-12-07;1000;0;919;1013,8;919;918,4;847,5;21;21,6;17,1;21,6;18,2;19;17;13,3;100;76;76;155;2,2;1,3;
2024-12-07;1100;0;919,4;1012,8;919,4;919;1575;24;25,9;17,1;25,9;21,6;18,3;16,3;13,6;77;56;58;137;2,7;,9;
2024-12-07;1200;0;919,4;1012,2;919,4;919,3;1975,3;28;27,8;15,1;28,3;25,9;17,7;15,1;13,6;58;46;46;342;3,4;,9;
2024-12-07;1300;0;919,5;1011,9;919,5;919,4;2213,8;30;29;15,2;29,3;27,8;16,8;14,7;13,5;50;42;43;312;5;2,6;
2024-12-07;1400;0;918,8;1010,6;919,5;918,8;3451,2;31;30,6;12,2;31,1;28,8;15,2;11,7;13,5;43;31;32;6;6,7;3,8;
2024-12-07;1500;0;918,5;1009,9;918,8;918,4;3417,3;32;31,7;12,6;31,8;30,1;13,2;10,6;13,5;33;29;31;344;null;2,5;
2024-12-07;1600;0;917,9;1009,4;918,5;917,9;3703,2;33;31,2;10,2;32,1;30,8;12,4;9,5;13,5;32;26;27;272;null;3,6;
2024-12-07;1700;0;917,2;1008,4;917,9;917,2;3581,9;34;32,1;10,9;32,8;31,2;11,8;8,9;13,5;28;24;27;345;6,3;3,1;
2024-12-07;1800;0;916,5;1007,5;917,2;916,5;3055;34;32,4;11,2;33;31,5;11,7;9,1;13,5;29;24;27;5;6,6;2,8;
2024-12-07;1900;0;916,1;1007,2;916,5;916;2280,8;35;32,2;10,4;33,5;31,7;12;8,6;13,3;30;22;26;29;7,6;2,4;
2024-12-07;2000;0;916,3;1007,6;916,3;916,1;1398,5;34;31,4;10,5;32,4;31,4;11,3;9,3;13;29;25;28;49;4,7;1,3;
2024-12-07;2100;0;916,9;1009;916,9;916,3;460;33;29;13,3;31,4;28,8;15;10,8;12,9;43;28;38;354;4,5;,5;
2024-12-07;2200;0;917,4;1010,9;917,4;916,9;55,2;29;25,1;15,6;29;25,1;17,2;13,8;12,8;59;38;55;163;1,7;1,1;
2024-12-07;2300;0;918,1;1012,4;918,1;917,4;-3,5;26;22,7;16,7;25,1;22,7;17,6;15,8;12,8;69;56;69;150;2,3;1;
2024-12-08;0000;0;918,6;1013,4;918,6;918,1;-3,5;24;21,4;16,6;23;21,4;17,4;16,6;12,8;77;68;74;151;2,2;1,3;
2024-12-08;0100;0;919,1;1014,4;919,1;918,6;-3,5;23;20;16,6;21,4;20;16,8;16,6;12,8;81;74;81;157;2,5;1,4;
2024-12-08;0200;0;918,9;1014,5;919,2;918,9;-3,5;22;19,2;16,2;20,2;19;17;16;12,7;84;78;83;136;2,8;1,4;
2024-12-08;0300;0;918,3;1013,9;918,9;918,3;-3,5;21;18,9;15,6;19,4;18,8;16,3;15,5;12,7;83;80;81;147;3,1;2;
2024-12-08;0400;0;917,6;1013,3;918,3;917,6;-3,5;20;18,6;15,2;18,9;18,5;15,6;15,2;12,7;83;80;81;146;3,1;2,2;
2024-12-08;0500;0;917,5;1013,2;917,6;917,3;-3,5;20;18,4;15,3;18,7;18,2;15,3;15,2;12,7;83;80;82;139;3,2;1,6;
2024-12-08;0600;0;917,3;1013;917,5;917,2;-3,5;19;18,4;16,7;18,5;18;18,2;15,1;12,7;100;81;90;162;2,7;,9;
2024-12-08;0700;0;917,7;1013,8;917,7;917,3;-3,5;19;17,5;null;18,4;17,4;17,8;15,4;12,6;100;84;null;164;2,6;,8;
2024-12-08;0800;,2;918;1014,1;918;917,7;-3,5;18;17,4;null;17,6;17,1;null;null;12,6;null;null;null;145;2,1;1,5;
2024-12-08;0900;0;918,8;1014,8;918,8;918;89,8;18;18;18;18;17,1;null;null;12,7;null;null;100;158;2,7;1,3;
2024-12-08;1000;0;919,2;1013,8;919,2;918,8;796,3;20;22,3;16,6;22,4;18;18,2;15,8;13,2;100;70;70;150;2,4;1,4;
2024-12-08;1100;0;919,6;1013,1;919,6;919,2;1457,3;25;25,8;17,6;25,8;22,3;17,9;16,6;13,5;71;58;61;154;2,9;1,4;
2024-12-08;1200;0;919,8;1012,8;919,9;919,6;1527,3;27;27,3;17;27,4;25,8;17,7;16,7;13,7;61;52;53;141;2,9;1,5;
2024-12-08;1300;0;919,8;1011,7;919,9;919,7;2623,8;30;30,8;12;31,5;27,3;17,8;11,5;13,6;56;30;32;351;5,3;3,1;
2024-12-08;1400;0;919,6;1011;919,9;919,6;3240,6;32;32,1;12,3;32,6;30,4;13,3;10,4;13,5;34;28;30;313;6,3;2,8;
2024-12-08;1500;0;919;1010,6;919,6;919;3108,1;34;31,4;11,2;32,3;31,1;12;9,2;13,5;31;25;29;284;7,9;2,3;
2024-12-08;1600;0;918,6;1010,1;919;918,6;2227,3;34;31,7;11,9;32,4;31,2;12,6;10,2;13,4;31;27;30;263;6,1;2,7;
2024-12-08;1700;0;918;1009;918,6;918;2679;34;32,9;12,3;33,3;31,3;12,9;11;13,5;31;27;29;306;5,6;2,1;
2024-12-08;1800;0;917;1007,9;918;917;2857,6;35;33;11,6;33,5;32,1;12,6;10,9;13,4;29;26;27;null;null;null;
2024-12-08;1900;0;916,9;1007,8;917,1;916,9;2635,1;36;32,8;10,7;34;32,4;12,5;10,2;13,4;29;24;26;266;null;2,8;
2024-12-08;2000;0;916,8;1007,9;916,9;916,6;1276,6;35;32,3;12;33,3;31,8;12,4;10,4;13;30;25;29;297;5,1;2,6;
2024-12-08;2100;0;917,3;1010,1;917,3;916,8;371,4;32;27,2;17,8;32,3;27,2;17,9;11,6;12,9;57;29;57;213;7,2;3,7;
2024-12-08;2200;0;918,1;1011,4;918,1;917,3;46,5;29;25,7;18,3;27,2;25,7;18,4;17,9;12,8;64;57;64;199;6,5;1,6;
2024-12-08;2300;0;918,8;1012,6;918,8;918;-3,5;27;24,5;18;25,9;24,5;18,4;17,8;12,8;67;63;67;29;4,5;1;
2024-12-09;0000;0;919;1013,2;919,1;918,7;-3,5;26;23,4;18,3;25,1;23,4;18,7;17,8;12,8;74;64;73;100;4,4;,5;
2024-12-09;0100;0;919,4;1013,9;919,4;919;-3,5;25;22,6;18,4;23,4;22,5;18,7;18,1;12,8;78;73;78;306;2,6;1,4;
2024-12-09;0200;0;919,3;1013,8;919,4;919,3;-3,5;24;22,4;18,5;23;22,2;18,7;18,1;12,7;80;76;79;256;3,9;,7;
2024-12-09;0300;0;918,5;1013,1;919,3;918,5;-3,5;23;21,9;18,3;22,4;21,2;18,7;18,2;12,7;85;78;80;2;2,5;1,3;
2024-12-09;0400;0;917,9;1013;918,5;917,9;-3,5;22;20,2;null;22;20,2;null;null;12,7;null;null;null;130;1,9;1;
2024-12-09;0500;0;917,4;1012,7;917,9;917,4;-3,5;21;19,7;null;20,2;19,7;null;null;12,7;null;null;null;164;2,1;,8;
2024-12-09;0600;0;917,4;1012,8;917,5;917,4;-3,5;21;19,4;null;19,7;19,3;null;null;12,7;null;null;null;169;2,2;,4;
2024-12-09;0700;0;917,6;1013;917,6;917,4;-3,5;21;19,3;null;19,7;19,3;null;null;12,6;null;null;null;145;1,8;1,1;
2024-12-09;0800;0;918;1013,3;918;917,6;-3,4;20;19,9;null;19,9;19;null;null;12,6;null;null;null;168;2,5;1,6;
2024-12-09;0900;0;918,6;1014;918,6;918;42,2;20;19,8;null;20,2;19,5;null;null;12,7;null;null;null;157;2,6;1,5;
2024-12-09;1000;0;919,1;1013,7;919,1;918,6;385,1;21;22,2;19;22,2;19,8;20,6;18,2;13,2;100;82;82;153;2,6;1,2;
2024-12-09;1100;,2;919,4;1012,9;919,4;919,1;1180,1;24;25,5;19,5;25,5;22,2;19,8;18,7;13,6;83;70;70;126;2,8;1,2;
2024-12-09;1200;0;919,4;1011,9;919,5;919,4;2572,4;28;28,6;18,8;28,6;25,5;19,8;18,4;13,6;70;55;56;118;3,8;1,6;
2024-12-09;1300;0;919,3;1011,4;919,4;919,3;3229,3;31;29,8;16,6;30,1;28;19,5;16,6;13,5;58;45;45;53;5,5;2,3;
2024-12-09;1400;0;918,8;1010,5;919,3;918,8;3376,9;32;31;15,8;31,4;29,4;18,5;15,8;13,4;50;40;40;null;6;null;
2024-12-09;1500;0;918;1009,4;918,8;918;3719,7;34;31,8;15,7;32,6;30,9;17,5;15;13,3;43;36;38;247;6;2,7;
2024-12-09;1600;0;918,3;1011,5;918,5;917,8;1157,5;33;26,3;17,1;32,8;26,3;17,9;13,8;13,1;58;34;57;246;8,3;5;
2024-12-09;1700;0;918;1011,4;918,3;918;299,8;28;25,4;17,3;26,3;24,6;18,1;17,1;13;66;57;61;258;9,1;2,5;
2024-12-09;1800;0;916,9;1010,3;918;916,9;434,1;27;25;18,9;25,4;24,7;19,4;17,2;13,1;72;61;69;122;4,6;1,2;
2024-12-09;1900;0;915,9;1008,6;916,9;915,9;1330,2;28;27;19,1;27,1;25;19,8;18,4;13,2;70;61;62;126;3,4;1,5;
2024-12-09;2000;0;915,9;1008,6;916,1;915,8;791,4;29;27;18,9;27,4;26,8;19,8;18,7;13;64;59;61;139;2,9;1,2;
2024-12-09;2100;0;916,3;1009,3;916,5;915,9;209,1;28;26,1;18,8;27,1;26,1;19,9;18,6;12,9;66;61;64;203;5,4;3,5;
2024-12-09;2200;0;917,2;1011;917,3;916,3;8,3;27;24,1;19,2;26,1;24,1;19,8;18,7;12,8;75;64;74;188;9,1;2,6;
2024-12-09;2300;0;917,2;1011,2;917,3;917,1;-3,5;25;23,3;19;24,1;23,3;19,1;18,4;12,8;77;71;77;82;5;,7;
2024-12-10;0000;0;918,1;1012,5;918,1;917,1;-3,5;24;22,6;18,9;23,3;22,6;19,2;18,7;12,8;80;76;80;322;2,4;1,4;
2024-12-10;0100;0;917,8;1012,4;918,3;917,8;-3,5;24;21,9;18,9;23;21,9;19,1;18,2;12,8;83;75;83;151;2,6;,6;
2024-12-10;0200;0;917,6;1012,3;917,8;917,6;-3,5;23;21,4;18,7;21,9;21,4;21,7;18,6;12,7;100;81;85;277;1,5;,6;
2024-12-10;0300;0;917,7;1012,7;917,8;917,5;-3,5;22;20,6;null;21,5;20,5;null;null;12,7;null;null;null;98;1,8;,6;
2024-12-10;0400;,2;917,5;1012,5;917,8;917,5;-1,8;22;20,5;null;21;20,4;null;null;12,7;null;null;null;162;1,9;1,1;
2024-12-10;0500;0;917,1;1012,1;917,5;917;-2,9;22;20,5;null;20,7;20,3;null;null;12,7;null;null;null;182;1,7;,8;
2024-12-10;0600;0;916,7;1011,7;917,1;916,7;-1,8;21;20,4;null;20,7;20,2;null;null;12,7;null;null;null;145;2,1;,9;
2024-12-10;0700;0;917,2;1012,2;917,2;916,7;-2,1;21;20,3;null;20,6;20,3;null;null;12,6;null;null;null;145;1,9;,8;
2024-12-10;0800;0;917,5;1012,4;917,5;917,1;-3,1;21;20,9;null;20,9;20,2;null;null;12,6;null;null;null;168;2,3;1,1;
2024-12-10;0900;0;917,7;1012,7;917,8;917,4;28,2;21;20,6;null;20,9;20,3;null;null;12,7;null;null;null;148;2,6;1,4;
2024-12-10;1000;0;918,1;1012,6;918,1;917,6;271,7;22;22,2;19,1;22,3;20,6;21,3;18,8;13,1;100;81;83;152;3,2;1,1;
2024-12-10;1100;0;918,6;1012,7;918,6;918,1;516,5;23;23,6;19,2;23,7;22,1;19,6;19;13,3;86;76;77;136;2,4;1,2;
2024-12-10;1200;0;918,9;1012,8;918,9;918,6;652,2;25;24,3;19,5;24,3;23,6;19,9;18,9;13,4;78;74;75;169;2,4;,8;
2024-12-10;1300;0;918,8;1011,9;919;918,8;1452;26;26,7;19,5;26,7;24,2;20,1;19;13,7;76;65;65;40;2,6;,4;
2024-12-10;1400;0;918;1010,5;918,8;918;2382,7;29;28,3;18,4;28,7;26,7;20;17,9;13,6;66;53;55;333;3,5;1,4;
2024-12-10;1500;0;917,6;1009,8;918;917,6;2677,8;31;29;17,7;30,2;28,2;19;16,9;13,6;56;49;51;null;null;null;
2024-12-10;1600;0;916,4;1008;917,6;916,4;2851,2;32;30,6;18,6;30,8;28,7;18,7;16,7;13,5;53;45;49;271;null;2,7;
2024-12-10;1700;0;915,5;1007,4;916,4;915,5;1656,9;32;29,4;18,5;30,5;28,9;18,5;16,4;13,3;52;45;52;267;null;2,6;
2024-12-10;1800;0;914,5;1006,1;915,5;914,5;2074;32;29,8;18,2;31,5;29,4;18,7;16,4;13,5;52;41;50;303;null;2,9;
2024-12-10;1900;0;914,1;1005,8;914,6;914,1;995,6;32;29,6;18,7;30,2;28;19,3;17,4;13,1;58;49;52;288;7,2;3,7;
2024-12-10;2000;0;914,1;1005,9;914,3;914;874,9;31;29,1;17,9;29,8;29;19;17,8;13;54;51;51;307;6,3;3,1;
2024-12-10;2100;0;914,2;1006,4;914,3;913,8;427,9;30;28;17,9;29,1;28;18;17,3;12,9;54;49;54;302;6,4;2,1;
2024-12-10;2200;0;914,2;1006,9;914,4;914,1;51,9;29;26,4;18,3;28;26,4;18,3;17,6;12,8;61;54;61;321;4,7;1,5;
2024-12-10;2300;0;915,6;1008,7;915,6;914,2;-3,4;27;25,6;19,1;26,4;25,2;19,6;18,3;12,8;70;61;68;202;3,3;,6;
2024-12-11;0000;0;917,6;1012,8;917,7;915,6;-2,3;25;20;null;25,6;20;21,5;17,9;12,8;100;68;null;217;11,5;6,4;
2024-12-11;0100;,2;916,8;1011,9;917,7;916,7;-1,3;22;20;null;20,5;19,7;null;null;12,8;null;null;null;144;11,5;1,1;
2024-12-11;0200;0;916,5;1011,4;916,8;916,3;-2;22;20,4;null;20,7;19,7;null;null;12,7;null;null;null;45;5,3;1,1;
2024-12-11;0300;0;916,6;1011,5;916,9;916,5;-2,3;22;20,4;null;20,6;20,3;null;null;12,7;null;null;null;288;4,4;,8;
2024-12-11;0400;0;915,6;1010,5;916,6;915,6;-,5;22;20,3;null;20,4;20,1;null;null;12,7;null;null;null;305;3,2;1,2;
2024-12-11;0500;0;915,3;1010,1;915,6;915,1;-2,2;21;20,3;null;20,4;20,2;null;null;12,7;null;null;null;305;2,4;1,7;
2024-12-11;0600;,2;915;1009,8;915,3;914,9;-2;21;20,2;null;20,3;20,1;null;null;12,7;null;null;null;169;3,5;1,2;
2024-12-11;0700;0;914,8;1009,7;915;914,7;-2,1;21;20,1;null;20,3;20,1;null;null;12,6;null;null;null;112;3,5;,8;
2024-12-11;0800;0;915,3;1010,3;915,3;914,6;-3,1;21;19,7;null;20,2;19,7;null;null;12,6;null;null;null;258;2,5;,3;
2024-12-11;0900;,2;916,1;1011,3;916,1;915,3;67,5;20;19,6;null;19,8;19,4;null;null;12,7;null;null;null;162;1,8;,8;
2024-12-11;1000;0;916,6;1011,4;916,6;916,1;465,7;21;20,8;null;20,9;19,5;null;null;13,2;null;null;null;113;1,9;,7;
2024-12-11;1100;0;917,1;1011,5;917,1;916,6;889,1;23;22,2;20,2;22,5;20,8;null;null;13,4;null;null;88;60;3,3;1,3;
2024-12-11;1200;0;917,5;1011,4;917,5;917,1;1888;25;23,8;19,3;23,9;22,2;21,1;18,7;13,6;94;75;76;46;4,4;1,4;
2024-12-11;1300;,2;917,4;1010,6;917,5;917,4;1864,9;27;25,8;19,7;25,8;23,6;20,4;18,6;13,7;79;67;69;218;3,2;1,1;
2024-12-11;1400;0;917;1009,6;917,5;917;3721,6;29;27,5;19,2;28,7;25,8;20,8;18;13,5;72;55;61;134;3,5;1,4;
2024-12-11;1500;0;916,5;1009;917,1;916,5;2260,4;30;27,7;18,6;28,1;26,4;19,6;17,3;13,3;64;54;58;205;3,7;1;
2024-12-11;1600;0;915,9;1007,9;916,5;915,9;3524;31;29;17,6;29,6;27,6;19;16,9;13,5;58;48;50;248;null;2;
2024-12-11;1700;0;915,5;1007,4;915,9;915,5;3034,3;32;29,2;17,6;30,1;28,8;19,1;16,8;13,5;53;45;50;154;4,8;1,7;
2024-12-11;1800;0;915,2;1006,8;915,5;915,2;3066,2;32;30,2;19;30,4;28,9;19,2;15,7;13,5;54;41;51;194;6,5;3,2;
2024-12-11;1900;0;914,7;1006,6;915,2;914,7;2494;32;29;17,7;30,6;28,9;18,8;16;13;53;43;51;209;7;4,3;
2024-12-11;2000;0;914,8;1007;914,8;914,6;1478;31;28,3;16;29,8;28,3;19,1;16;13;55;47;47;176;7,3;3,4;
2024-12-11;2100;0;915,3;1007,7;915,4;914,8;921,9;31;27,8;14,7;28,9;27,8;17;14,5;12,9;49;43;45;171;7;3,3;
2024-12-11;2200;0;915,8;1009;915,9;915,4;113,3;28;25,5;15,1;27,8;25,4;15,2;14,1;12,8;53;44;52;173;6;3,1;
2024-12-11;2300;0;916,3;1009,9;916,3;915,8;-3,5;26;24,3;16,1;25,6;24,3;16,1;15,2;12,8;60;52;60;178;6,5;3,2;
2024-12-12;0000;0;917;1010,9;917,1;916,3;-3,5;25;23,7;15,7;24,4;23,4;16,3;15,7;12,8;63;60;61;161;6,7;3,2;
2024-12-12;0100;0;917,6;1012,2;917,6;917;-3,5;24;21,7;16,3;23,7;21,4;16,5;15,7;12,8;73;61;71;143;6,6;1;
2024-12-12;0200;,2;917,4;1012;917,7;917,4;-3,5;22;21,7;15,1;22;20,9;16,4;15,1;12,7;75;66;66;120;3,6;1,3;
2024-12-12;0300;0;917,4;1012,2;917,4;917,3;-3,5;22;21,2;15,3;21,7;20,7;15,5;15;12,7;72;66;69;56;2,6;,5;
2024-12-12;0400;0;917,1;1011,7;917,4;917,1;-3,5;22;21,5;16,8;21,7;20,8;16,8;15,2;12,7;75;68;75;120;5,7;2;
2024-12-12;0500;0;916,9;1011,6;917,1;916,9;-3,5;22;21,1;16,9;21,5;20,7;16,9;16,6;12,7;79;75;77;118;5,3;1,9;
2024-12-12;0600;0;916,5;1011,3;916,9;916,5;-3,5;22;20,7;16,8;21,1;20,6;16,9;16,7;12,7;79;77;78;110;5,8;2,2;
2024-12-12;0700;0;916,7;1011,8;916,7;916,4;-3,5;21;20,1;16,4;20,8;20,1;16,8;16,4;12,6;80;77;80;100;6;2,3;
2024-12-12;0800;0;916,9;1012,1;916,9;916,6;-3,5;21;19,8;15,9;20,2;19,7;16,5;15,9;12,6;80;78;78;111;8,3;2,3;
2024-12-12;0900;0;917,8;1013,3;917,8;916,9;48,3;20;19,2;15,6;19,8;19;15,9;15,6;12,6;81;78;80;122;7;1,7;
2024-12-12;1000;0;918,3;1013,3;918,3;917,8;720,8;22;20,9;15,5;21;19,2;15,9;15,3;13;80;71;71;112;7,7;2,8;
2024-12-12;1100;0;918,5;1012,8;918,6;918,2;1527,7;24;23;16,1;23,3;20,8;16,8;15,5;13,4;73;64;66;99;7,7;2,1;
2024-12-12;1200;0;919;1012,8;919;918,5;2148,4;25;24,5;17,1;24,5;22,8;17,6;16,1;13,8;69;62;64;62;7,4;2,7;
2024-12-12;1300;0;919,1;1012,5;919,2;918,9;2415,9;27;25,7;17,3;25,9;24,2;17,9;16,2;13,7;64;57;60;45;6,8;2,9;
2024-12-12;1400;0;919;1012,2;919,2;919;3090,9;29;26,4;17,6;27,1;25,5;18,3;16,4;13,7;61;55;58;54;6,3;2,2;
2024-12-12;1500;0;918,5;1011,4;919,1;918,5;2293,7;29;27,3;17,9;27,3;25,8;18,3;16,9;13,2;61;55;56;25;4,9;2,4;
2024-12-12;1600;0;917,7;1010,1;918,6;917,7;3462,7;30;28,3;17,9;28,8;27,1;19,1;17;13,5;58;51;53;null;null;null;
2024-12-12;1700;0;917;1009,8;917,7;917;1696,6;31;27,1;18,3;29,7;26,8;19,5;16,9;13,2;59;50;59;358;null;2,1;
2024-12-12;1800;0;916,4;1009,6;917,1;916,3;3295;31;25,6;16,9;28,9;25,6;19,4;16,9;13,4;64;53;59;306;9,9;5,5;
2024-12-12;1900;0;915,7;1008,5;916,4;915,7;2266,4;30;26,6;16,9;27,8;25,6;17,8;15,3;13,8;60;49;55;196;9,9;2,4;
2024-12-12;2000;0;915,4;1007,8;915,8;915,4;1529,4;30;27,6;17;28;26;18,6;15,6;13,1;62;49;52;126;4,3;1,4;
2024-12-12;2100;0;915,3;1008,3;915,4;915,2;637,7;30;25,8;17,6;28;25,8;18;16,7;12,9;62;51;60;152;4,5;,8;
2024-12-12;2200;0;916;1009,4;916;915,3;36,6;28;24,7;18,3;25,8;24,7;18,8;17,5;12,8;69;60;67;150;2,1;,8;
2024-12-12;2300;0;916,4;1010,1;916,4;916;-3,5;26;24;18,1;24,7;24;18,5;17,8;12,8;71;66;70;144;3;,9;
2024-12-13;0000;0;917,3;1011,3;917,3;916,4;-3,5;25;23,5;18,1;24,1;23,5;18,4;17,8;12,8;72;68;72;140;2,8;,7;
2024-12-13;0100;0;917,3;1011,9;917,7;917,3;-3,3;24;21,7;18,7;23,6;21,7;18,7;17,7;12,8;83;70;83;138;2,3;,9;
2024-12-13;0200;0;917,2;1012;917,5;917,2;-3,3;23;21;21;22,1;21;21,1;18,2;12,8;100;79;100;137;2;1;
2024-12-13;0300;0;917,7;1012,7;917,8;917,1;-3,5;22;20,5;null;21,2;20,3;null;null;12,7;null;null;null;303;3,3;2,2;
2024-12-13;0400;0;917;1012;917,8;917;-1,8;22;20,4;null;21,1;20,4;null;null;12,7;null;null;null;140;3,3;,9;
2024-12-13;0500;0;917;1012;917,2;916,9;-3,5;21;20,3;null;20,7;20;null;null;12,7;null;null;null;291;2;1,1;
2024-12-13;0600;0;917;1012,2;917,1;916,8;-2,4;21;19,8;null;20,3;19,5;null;null;12,7;null;null;null;145;3,1;,8;
2024-12-13;0700;0;916,9;1011,9;917,1;916,8;-1;21;20,2;null;20,2;19,7;null;null;12,6;null;null;null;182;2;,9;
2024-12-13;0800;0;917;1012,1;917;916,6;-2,7;21;20,2;null;20,5;20,2;null;null;12,6;null;null;null;128;2;,7;
2024-12-13;0900;0;917,1;1012;917,1;916,9;65,5;21;20,7;null;20,8;19,7;null;null;12,7;null;null;null;82;3,5;,9;
2024-12-13;1000;0;917,4;1011,7;917,5;917,1;529;22;22,6;18,7;22,7;20,6;null;null;13,1;null;null;79;109;4,6;1,6;
2024-12-13;1100;0;918,8;1013,1;918,8;917,4;1076,1;24;23,1;18,3;23,6;22,6;19,2;18,3;13,4;79;73;74;84;5,4;1,4;
2024-12-13;1200;0;918,9;1012,6;919,1;918,7;1417,2;26;24,7;18,5;25,3;23;19,4;18,3;13,6;78;67;68;61;5,5;2,3;
2024-12-13;1300;0;918,8;1012,2;919;918,8;1643,9;27;25,7;19,4;26,1;24,5;19,6;18;13,8;71;62;68;51;5,5;1,8;
2024-12-13;1400;0;917,9;1010,6;918,8;917,9;2399,6;28;27,5;19;28,2;25,2;19,9;18,3;13,7;68;58;60;76;5,2;2,4;
2024-12-13;1500;0;917,2;1009,7;918;917,2;3555,4;31;28;18,5;28,7;26,9;19,9;17,8;13,6;62;55;56;50;6,9;2,9;
2024-12-13;1600;0;916,6;1008,8;917,2;916,5;2616,3;31;28,8;19,8;28,9;27,1;19,8;18;13,5;61;53;58;78;6,9;1,7;
2024-12-13;1700;0;915,6;1007,4;916,6;915,6;2620;32;29,8;18,4;30;28;19,6;17,5;13,5;59;49;50;44;6,6;2,6;
2024-12-13;1800;0;914,7;1006,9;915,6;914,6;1625;32;28,1;18,6;30;27,9;19,1;17,4;13;57;48;56;62;5,2;1,7;
2024-12-13;1900;0;914,9;1008,6;915;914,1;213,8;30;23,6;18,2;28,1;23,6;19,3;17,9;12,9;72;55;72;259;7,7;4,8;
2024-12-13;2000;0;915,2;1009,8;915,7;914,9;16,1;25;20,9;17,4;23,6;20,9;19,4;17,1;12,8;83;71;80;211;11,7;4,6;
2024-12-13;2100;0;914,7;1009,2;915,5;914,1;102,6;23;21;null;21,1;20,1;null;null;12,9;null;null;null;115;7,3;,5;
2024-12-13;2200;0;915,1;1009,9;915,1;914,7;61,6;22;20,4;null;21,2;20,4;null;null;12,8;null;null;null;153;4,8;1,4;
2024-12-13;2300;0;916,3;1011,3;916,3;915,1;-3,5;22;20,1;null;20,6;20,1;null;null;12,8;null;null;null;44;3;,7;
2024-12-14;0000;,2;918;1012,9;918;916,3;-,9;22;20,9;17,3;21,6;19,8;null;null;12,7;null;null;80;13;11,7;6,2;
2024-12-14;0100;0;918,9;1014,3;919,3;918;-3,1;21;19,7;17;20,9;19,7;20,2;16,1;12,7;100;77;84;295;12,9;1;
2024-12-14;0200;0;917;1012,7;918,9;917;-2,4;20;18,4;null;20;18,4;null;null;12,7;null;null;null;155;4;,9;
2024-12-14;0300;0;915,6;1011,2;917;915,6;-1,3;20;18,3;null;20,2;18,3;null;null;12,7;null;null;null;131;4;1,4;
2024-12-14;0400;0;914,8;1010,4;915,6;914,8;-2;19;17,9;null;18,3;17,8;null;null;12,7;null;null;null;144;3,5;1,7;
2024-12-14;0500;0;915,5;1011;915,5;914,8;-,6;19;18,5;18,1;18,6;18;18,5;17,3;12,6;100;91;98;137;3,5;1,2;
2024-12-14;0600;0;915,1;1010,6;915,5;915,1;0;19;18,4;null;18,6;18,2;null;null;12,6;null;null;null;135;3,4;1,7;
2024-12-14;0700;0;915;1010,4;915,1;914,9;-1,5;19;18,6;null;18,8;18,4;null;null;12,6;null;null;null;127;3,8;1,1;
2024-12-14;0800;0;915,4;1010,7;915,4;914,9;-3,3;19;18,9;18,9;18,9;18,4;null;null;12,6;null;null;100;142;3,7;1,8;
2024-12-14;0900;0;915,9;1011,4;915,9;915,4;36,9;19;18,6;null;18,9;18,2;null;null;12,6;null;null;null;140;3,4;1,3;
2024-12-14;1000;0;916,1;1010,9;916,3;915,9;590,3;21;20,6;19,7;20,7;18,6;null;null;13,2;null;null;94;122;3,2;1,5;
2024-12-14;1100;,2;916,7;1010,8;916,7;916,1;993,3;22;22,9;18,8;23;20,6;20,6;18,4;13,6;99;78;78;139;3,3;,9;
2024-12-14;1200;0;916,9;1010,6;917;916,7;994,1;24;24,3;19,7;24,3;22,7;20,2;18,9;13,6;81;75;76;44;3;1;
2024-12-14;1300;0;917;1010,5;917,1;916,8;963,3;26;24,8;19,7;25,1;24,2;20,4;18,9;13,6;77;69;73;303;6,9;2,6;
2024-12-14;1400;0;918,1;1013,7;918,1;917;332,6;23;18,8;null;24,9;18,8;null;null;13,1;null;null;null;303;13,3;3,5;
2024-12-14;1500;0;917,1;1012,3;918,1;917,1;629,9;21;19,8;null;19,9;18,7;null;null;13,4;null;null;null;296;6;3,2;
2024-12-14;1600;0;916;1010,6;917,1;915,9;750,6;22;21,1;null;21,1;19,7;null;null;13,5;null;null;null;289;5,6;1;
2024-12-14;1700;0;915,2;1009,1;916;915,2;1918;24;23;18,8;23,5;20,8;21,5;18,2;13,8;100;76;78;277;4,1;2,2;
2024-12-14;1800;0;914,7;1008;915,2;914,7;1780,2;25;24,7;20;24,8;22,8;20,1;18,8;13,3;82;71;75;272;6,6;3,5;
2024-12-14;1900;0;915,3;1010,3;915,4;914,4;732,8;25;19,9;16,9;24,8;19,9;20,1;16,2;13;83;69;83;248;11,7;6,9;
2024-12-14;2000;0;915,5;1010,3;915,5;915,1;386,1;22;20,6;17,7;20,6;19,6;19,7;17,2;13,1;99;83;83;284;11,7;2,9;
2024-12-14;2100;0;915,9;1010,8;915,9;915,4;253,3;22;20,3;17,5;20,8;20,3;17,7;16,9;13;84;79;84;325;6;1,4;
2024-12-14;2200;0;916,7;1011,9;916,7;915,9;35,6;21;19,8;null;20,3;19,8;20;17,8;12,8;100;84;null;30;2,8;1,6;
2024-12-14;2300;0;916,5;1011,8;916,7;916,3;-3,4;21;19,4;null;19,9;19,3;null;null;12,8;null;null;null;96;2,8;,3;
2024-12-15;0000;0;916,2;1011,6;916,5;916,2;-3;20;19;null;19,4;18,9;null;null;12,8;null;null;null;149;1,7;1;
2024-12-15;0100;0;916,2;1011,7;916,3;916,2;-2,2;20;18,8;null;19;18,8;null;null;12,8;null;null;null;145;2,2;,5;
2024-12-15;0200;0;916,1;1011,5;916,3;916,1;-1,9;20;18,8;null;18,9;18,8;null;null;12,7;null;null;null;153;2,3;1,1;
2024-12-15;0300;,2;915,7;1011,1;916,1;915,6;-1,3;20;18,7;null;18,9;18,7;null;null;12,7;null;null;null;161;2,4;1,5;
2024-12-15;0400;0;915,2;1010,6;915,7;915,2;-2,3;20;18,7;null;18,8;18,6;null;null;12,7;null;null;null;131;2,8;1,2;
2024-12-15;0500;0;914,9;1010,3;915,2;914,8;-2,6;19;18,6;null;18,6;18,5;null;null;12,7;null;null;null;144;2,4;1,2;
2024-12-15;0600;0;915;1010,4;915;914,8;-2,1;19;18,7;null;18,7;18,5;null;null;12,7;null;null;null;152;2,4;1,5;
2024-12-15;0700;0;915,1;1010,4;915,1;914,9;-1,7;20;18,8;null;18,8;18,6;null;null;12,7;null;null;null;150;2,4;1,1;
2024-12-15;0800;0;915,5;1010,8;915,5;915,1;-2,3;20;18,9;null;18,9;18,7;null;null;12,6;null;null;null;112;1,9;,5;
2024-12-15;0900;0;915,7;1011;915,7;915,4;24;20;19;null;19;18,7;null;null;12,6;null;null;null;149;2,2;1,1;
2024-12-15;1000;0;916,5;1011,8;916,5;915,7;145,4;20;19,4;null;19,5;18,9;null;null;12,8;null;null;null;143;1,8;1;
2024-12-15;1100;0;916,8;1012;916,8;916,5;243,4;20;19,6;null;19,8;19,4;null;null;13;null;null;null;171;2,3;1,2;
2024-12-15;1200;0;917,2;1012,2;917,2;916,8;336,9;21;20,3;null;20,3;19,6;null;null;13,2;null;null;null;8;2,1;1,2;
2024-12-15;1300;0;917;1011,2;917,2;917;907,4;22;22,6;19,2;22,7;20,3;null;null;13,9;null;null;81;344;6,3;3;
2024-12-15;1400;0;916,4;1009,9;917;916,4;2553,5;24;24,8;19,2;24,8;22,6;21,6;18,2;13,9;90;70;71;351;8,2;3,6;
2024-12-15;1500;0;916;1009,2;916,4;916;3368,6;27;25,3;19,4;25,7;24,4;20;17,9;13,6;74;64;70;336;9,9;3,6;
2024-12-15;1600;0;915,4;1008,4;916;915,4;2797,5;28;26;17,3;27,2;25;20,2;17,2;13,4;70;55;59;331;9,5;4,7;
2024-12-15;1700;0;915,1;1008,5;915,6;915,1;1785,8;27;24,7;19,7;26,1;22,8;21,5;17,5;13,4;89;59;74;274;9,5;4;
2024-12-15;1800;0;914,9;1008,8;915,2;914,9;1024,8;26;23,1;20,4;25;23;23,2;19;13,2;100;70;85;313;7,9;3;
2024-12-15;1900;0;914,7;1008,7;915,1;914,5;1240,2;26;22,6;19,2;23,9;22,5;23;18,8;13,2;99;77;81;297;7,5;3,1;
2024-12-15;2000;0;914,7;1008,6;914,8;914,5;663,8;25;22,8;19,3;23,8;22,6;19,7;18,7;13;82;75;81;328;5;1,1;
2024-12-15;2100;0;915,4;1009,3;915,4;914,5;331,6;25;23,1;19,8;23,3;22,7;20;19,1;13;83;79;81;292;2,7;1,4;
2024-12-15;2200;0;916,2;1010,8;916,2;915,4;160,1;24;21,3;18;23,2;21,3;20;17,4;12,9;83;74;81;7;5,2;1,3;
2024-12-15;2300;0;916,9;1011,9;916,9;916,1;-3,5;22;20,3;17,1;21,3;20,3;19,3;16,9;12,8;93;79;82;304;3;1,3;
2024-12-16;0000;0;917,3;1012,8;917,3;916,8;-3,5;21;19;null;20,3;19;null;null;12,8;null;null;null;137;2,7;1,1;
2024-12-16;0100;,2;917,8;1013,6;917,8;917,3;-3,5;20;18,3;null;19;18,3;null;null;12,8;null;null;null;152;2;1,4;
2024-12-16;0200;0;917,9;1013,4;918,1;917,8;-2,8;20;19,1;null;19,2;18,2;null;null;12,8;null;null;null;145;2,9;1,2;
2024-12-16;0300;0;917,9;1013,5;918;917,8;-3,4;20;19;null;19,4;18,7;null;null;12,7;null;null;null;160;3,2;1,3;
2024-12-16;0400;0;917,6;1013,1;917,9;917,5;-3,4;20;19,2;null;19,2;18,9;null;null;12,7;null;null;null;171;2,8;1,7;
2024-12-16;0500;0;917,2;1012,6;917,7;917,2;-3;20;19,2;null;19,4;19,1;null;null;12,7;null;null;null;147;3,1;1,3;
2024-12-16;0600;0;917;1012,5;917,3;917;-2,9;20;19;null;19,2;19;null;null;12,7;null;null;null;130;2,3;1,2;
2024-12-16;0700;0;917,1;1012,7;917,2;916,9;-2,8;20;18,6;null;19;18,6;null;null;12,7;null;null;null;205;2,3;,7;
2024-12-16;0800;0;917,7;1012,9;917,7;917,1;-3,3;20;20,1;null;20,1;18,5;null;null;12,6;null;null;null;311;4,6;2,3;
2024-12-16;0900;0;918,1;1013,2;918,1;917,6;33,7;20;20,4;19,9;20,5;19,9;null;null;12,7;null;null;97;309;5,3;2,7;
2024-12-16;1000;0;918,4;1013,4;918,4;918,1;418,4;21;20,9;18;21;20,4;20,1;18;13,2;97;83;83;320;5,3;2,4;
2024-12-16;1100;0;918,6;1013;918,8;918,2;1349,2;23;22,7;17,1;23,3;21;18,5;17,1;13,6;84;71;71;315;6,3;3;
2024-12-16;1200;0;919;1012,9;919;918,6;2563,1;25;24,2;17,6;24,6;22,7;18,5;17;13,8;76;65;67;287;8;5,1;
2024-12-16;1300;0;919,2;1012,6;919,2;919;3270,9;27;25,8;18,3;25,9;24;18,7;17,1;13,6;69;61;63;280;9,1;5,2;
2024-12-16;1400;0;919;1012,3;919,2;919;3391,7;28;26,2;17,7;27,1;25,4;19;16,5;13,4;65;55;59;294;10;4,8;
2024-12-16;1500;0;918,9;1011,8;919;918,9;3265,6;29;27,2;17;28,2;26;19,4;16,9;13,7;62;53;54;298;10,5;5,5;
2024-12-16;1600;0;918,4;1010,9;918,9;918,4;3489,7;30;28,4;17,8;29,1;27,1;19,1;17,2;13,2;57;51;53;287;10,5;5;
2024-12-16;1700;0;917,2;1009,4;918,5;917,2;2888,5;31;28,9;17,3;30,5;27,2;18,8;16,7;13,1;56;46;50;313;8,9;4,4;
2024-12-16;1800;0;916,9;1010,6;917,2;916,6;1675,2;30;24,2;18;29,9;24,2;18,3;16,6;13;68;46;68;202;8,6;5,6;
2024-12-16;1900;0;917,2;1012;917,5;916,9;124,2;24;21;null;24,3;20,9;21,8;18,1;13,1;100;68;null;109;9,7;1,4;
2024-12-16;2000;0;917,5;1011,9;917,5;917,2;556,9;24;22,3;19,2;22,4;20,9;null;null;13,1;null;null;83;113;3,3;,6;
2024-12-16;2100;0;917,4;1011,5;917,6;917,3;904,9;25;23,2;19,3;23,7;22,3;20,1;18,8;13;84;75;79;297;3,4;2,2;
2024-12-16;2200;0;917,8;1012,3;917,8;917,1;178,2;25;22,2;19,2;23,4;21,9;20,2;18,5;12,8;90;75;83;305;3,4;1,2;
2024-12-16;2300;0;918,5;1013,5;918,5;917,8;-3,5;23;20,7;null;22,2;20,6;null;null;12,8;null;null;null;207;2,1;,6;
2024-12-17;0000;0;919,1;1014,4;919,1;918,5;-3,3;22;20;null;20,7;20;null;null;12,8;null;null;null;93;1,5;,4;
2024-12-17;0100;0;919,7;1015,4;919,7;919,2;-3,5;21;19;null;19,9;19;null;null;12,8;null;null;null;150;2,2;1,6;
2024-12-17;0200;0;920,1;1016,1;920,2;919,7;-3,3;20;18,4;null;19,1;18,4;null;null;12,7;null;null;null;170;2,1;,8;
2024-12-17;0300;0;920;1015,9;920,2;920;-2,2;20;18,6;null;18,6;18,4;null;null;12,7;null;null;null;146;2,5;1,3;
2024-12-17;0400;0;919,5;1015,5;920;919,5;-2,8;20;18,2;null;18,6;18,2;null;null;12,7;null;null;null;150;2,2;,8;
2024-12-17;0500;0;919,2;1015,2;919,5;919,2;-3,2;19;18;null;18,2;17,9;null;null;12,7;null;null;null;172;1,7;,8;
2024-12-17;0600;0;919;1015,1;919,2;918,9;-3,3;19;17,7;null;18;17,6;null;null;12,7;null;null;null;151;1,5;,9;
2024-12-17;0700;,2;918,9;1015,2;919;918,8;-2,8;19;17,3;null;17,7;17,3;null;null;12,6;null;null;null;149;2,5;1,1;
2024-12-17;0800;0;919,2;1015,5;919,2;918,9;-3;18;17,3;null;17,4;17,1;null;null;12,6;null;null;null;153;2,1;,8;
2024-12-17;0900;0;919,5;1015,8;919,5;919,2;47,7;18;17,2;null;17,3;16,8;null;null;12,7;null;null;null;150;2,4;1,3;
2024-12-17;1000;0;920,1;1015,5;920,1;919,5;478,7;19;20;null;20;17,2;null;null;13,2;null;null;null;154;2;,7;
2024-12-17;1100;0;920,5;1014,6;920,5;920,1;1529;22;24,2;19,9;24,2;20;21,5;18,5;13,5;100;74;77;123;2;,7;
2024-12-17;1200;0;920,9;1014,6;920,9;920,5;2359,2;25;25,5;18,8;25,6;23,6;19,9;17,9;13,7;77;64;66;281;4,3;1,8;
2024-12-17;1300;0;920,9;1014,1;921;920,9;3081,9;28;27;18;27,1;25;20;17,6;13,6;69;57;58;319;4,5;2,3;
2024-12-17;1400;0;920,7;1013,7;920,9;920,7;2512,4;29;27,6;16,6;28,4;26,4;18,9;16,6;13,4;61;51;51;332;5,4;1,8;
2024-12-17;1500;0;920,2;1012,7;920,7;920,2;3440,7;30;28,9;17,3;29,3;27,3;19,1;16,3;13,2;59;47;49;331;7,4;3,4;
2024-12-17;1600;0;919,6;1011,5;920,2;919,5;3584,6;31;30,5;16,6;30,5;28,3;18,3;15,4;13,4;52;41;43;292;8,9;4,3;
2024-12-17;1700;0;918,7;1011,1;919,6;918,7;2920,9;31;28,9;17,8;30,5;28;19,5;16;13,1;55;42;51;248;7,7;4,3;
2024-12-17;1800;0;917,8;1010,1;918,7;917,8;3167,9;31;28,8;16,8;30,3;28,8;18,7;16,1;13,2;54;43;48;238;null;5;
2024-12-17;1900;0;917,2;1009,1;917,8;917,2;2527,1;32;29,8;15,6;30,3;28,8;17,9;14,8;13,7;50;41;42;235;10,1;5,5;
2024-12-17;2000;0;917,1;1009,1;917,2;917;1753,1;31;29,5;14,5;30;29,2;16,1;13,6;13,1;44;38;40;239;9,6;4,4;
2024-12-17;2100;0;917,3;1009,9;917,3;917;865,6;31;27,8;14;29,5;27,8;14,4;13,4;12,9;44;38;43;215;9,8;3,5;
2024-12-17;2200;0;918,1;1011,9;918,1;917,3;131,3;28;24,4;15,4;27,8;24,4;15,9;13,8;12,8;58;42;57;212;6,1;2,1;
2024-12-17;2300;0;918,6;1013,3;918,6;918,1;-3,5;25;21,8;15,5;24,4;21,7;16,6;14,7;12,8;69;56;68;144;3,3;1;
2024-12-18;0000;0;919,5;1015,1;919,5;918,6;-3,5;23;19,5;16,6;21,9;19,5;17,1;15,7;12,8;83;68;83;152;2,1;1,4;
2024-12-18;0100;0;920,1;1016;920,1;919,5;-3,5;21;18,8;16,7;19,6;18,6;18,9;16,5;12,8;100;84;88;139;2,9;1,7;
2024-12-18;0200;0;920,1;1016;920,2;920;-3,5;20;18,8;16,3;18,8;17,6;null;null;12,7;null;null;85;164;2,9;1,8;
2024-12-18;0300;0;919,7;1015,7;920,1;919,7;-3,5;20;18,4;17,9;20;18,2;18;15,5;12,7;98;78;96;146;2,9;2;
2024-12-18;0400;0;919,2;1015,1;919,7;919,2;-3,5;19;18,4;null;19,5;18;null;null;12,7;null;null;null;144;3;1,7;
2024-12-18;0500;0;918,9;1014,9;919,2;918,9;-3,5;19;18,1;null;18,7;17,9;null;null;12,7;null;null;null;156;2,9;1,3;
2024-12-18;0600;0;919;1015,2;919;918,8;-3,5;19;17,5;null;18,3;17,5;null;null;12,7;null;null;null;135;2,5;1,4;
2024-12-18;0700;0;919,2;1015,5;919,2;919;-3,4;18;17,2;null;17,6;17,1;null;null;12,6;null;null;null;158;2;1,2;
2024-12-18;0800;0;919,3;1015,6;919,3;919,1;-3,5;18;17,2;null;17,5;17,1;null;null;12,6;null;null;null;133;1,9;1,1;
2024-12-18;0900;0;920;1016,1;920;919,3;57,3;18;18;null;18;16,9;null;null;12,7;null;null;null;155;2,6;1,4;
2024-12-18;1000;0;920,4;1015,5;920,4;920;659,9;20;21;17,5;21;18;null;null;13;null;null;80;125;4;1,5;
2024-12-18;1100;0;920,8;1015,3;920,9;920,4;1538,3;23;23;18;23;20,9;18,3;17;13,4;81;72;73;116;4,4;1,8;
2024-12-18;1200;0;921,1;1015,3;921,2;920,8;2075,3;25;24;18,4;24,3;22,9;18,6;17,2;13,6;74;66;71;90;4,5;1,5;
2024-12-18;1300;0;921;1014,5;921,2;920,9;2536,2;26;26,1;17,7;26,3;23,7;18,9;17,1;13,7;71;58;60;58;4,1;1,5;
2024-12-18;1400;0;920,8;1013,9;921;920,7;3087,7;28;27,3;17,2;27,5;25,6;18,8;16,7;13,6;63;54;54;70;4,4;1,8;
2024-12-18;1500;0;920,4;1013,5;920,8;920,4;2640,7;30;27,2;17,8;28,3;26,2;19,1;16,3;13,3;60;50;56;151;4,5;1,2;
2024-12-18;1600;,2;919,8;1012,5;920,4;919,8;3115,5;31;28,3;15,7;29,8;27,2;18,7;14,6;13,5;58;41;46;242;9,8;2,2;
2024-12-18;1700;0;919;1011,3;919,8;919;3376,4;32;29,3;15;30,7;28,3;17,6;14,2;13,2;51;38;42;244;7,4;2,2;
2024-12-18;1800;0;918,6;1010,4;919;918,6;2793,7;32;30,7;16;30,9;28,9;16,1;14;13,6;45;37;41;230;5,5;2,8;
2024-12-18;1900;0;918,3;1010,7;918,6;918,2;1419,9;32;28,7;15,8;31;28,5;16,6;14,9;13;47;38;45;209;5,8;3,6;
2024-12-18;2000;0;918;1010,3;918,3;917,8;673,3;31;29;16,2;29,1;28,3;17,6;15,6;13;52;45;46;184;5;1,3;
2024-12-18;2100;0;918,2;1010,7;918,2;917,8;490,7;31;28,4;16;29,9;28,3;17,3;15,1;13;51;41;47;231;4,7;1,8;
2024-12-18;2200;0;918,6;1012,3;918,6;918,1;117,6;29;24,6;17,9;28,4;24,6;18,7;15,8;12,8;66;46;66;266;6;2,3;
2024-12-18;2300;0;918,9;1013,3;918,9;918,5;-3,5;26;22,8;18,2;24,6;22,7;18,4;17,7;12,8;76;66;75;159;5,6;,6;
2024-12-19;0000;0;919,2;1014,2;919,2;918,8;-3,5;24;21;18,4;22,8;21;18,5;17,9;12,8;85;75;85;148;2,7;1,3;
2024-12-19;0100;0;919,7;1014,9;919,7;919,2;-3,5;22;20,6;19,9;21;20,4;20,8;18,5;12,8;100;85;96;152;2,4;1,2;
2024-12-19;0200;0;919,5;1015;919,8;919,5;-3,5;22;19,8;null;20,6;19,7;null;null;12,7;null;null;null;154;2,5;1,4;
2024-12-19;0300;0;919;1014,7;919,5;919;-3,5;21;18,9;null;19,9;18,9;null;null;12,7;null;null;null;151;2,6;1,5;
2024-12-19;0400;0;918,5;1014,1;919;918,5;-3,5;20;19,1;null;19,7;18,9;null;null;12,7;null;null;null;153;3,2;1,6;
2024-12-19;0500;0;918;1013,1;918,5;918;-3,5;20;20,4;18,1;20,5;18,9;null;null;12,7;null;null;87;148;2,6;2;
2024-12-19;0600;0;917,5;1013;918;917,5;-3,5;20;19,1;null;20,3;18,6;null;null;12,7;null;null;null;140;3,3;1,4;
2024-12-19;0700;0;917,7;1013,4;917,7;917,4;-3,5;20;18,4;null;19,4;18,3;null;null;12,6;null;null;null;158;3,1;1,7;
2024-12-19;0800;0;918,5;1014;918,5;917,7;-3,2;19;19,4;null;19,4;18,1;null;null;12,6;null;null;null;155;2,7;1,3;
2024-12-19;0900;0;919,2;1014,6;919,3;918,5;46,5;20;19,9;null;19,9;19,2;null;null;12,6;null;null;null;134;2,9;1,4;
2024-12-19;1000;,2;920;1014,7;920,1;919,2;601,6;22;22,3;18;22,5;19,9;20,4;17,9;13;100;75;77;105;3,4;1,7;
2024-12-19;1100;0;920,5;1014,5;920,5;920;1506,4;24;24,5;18,3;24,6;22,3;18,7;17,9;13,4;78;68;68;110;4,8;1,7;
2024-12-19;1200;0;920,7;1014,3;920,7;920,4;2306,3;27;25,8;18,4;27;24,4;19,4;17,8;13,6;71;59;64;49;5;2,6;
2024-12-19;1300;0;920,6;1013,4;920,8;920,6;2988;29;28,1;18,5;28,2;25,8;19,6;18;13,6;64;56;56;25;7,1;3,3;
2024-12-19;1400;0;920,4;1013;920,7;920,4;3448,3;31;28,7;18;29,7;28,1;19,3;17,5;13,4;56;50;52;17;7,1;1,9;
2024-12-19;1500;0;920;1012;920,4;920;3430,8;32;30,4;16,7;30,4;28,4;19,3;16,4;13,2;56;44;44;319;8,1;4,7;
2024-12-19;1600;0;919,8;1011,8;920,2;919,8;3981,3;32;30,4;17;30,5;29;17,3;14,5;13,5;49;39;45;331;9,7;4,3;
2024-12-19;1700;0;918,5;1010;919,8;918,5;3791,2;33;31,4;15,6;31,4;29,6;17,9;14,3;13,5;46;36;39;304;7,6;2,9;
2024-12-19;1800;0;918;1009,3;918,5;918;3227,2;34;32;14,7;32,1;30,6;16,3;13,5;13,4;40;34;35;287;7,2;3,6;
2024-12-19;1900;0;917,3;1008,9;918;917,3;2222,4;34;30,9;15,6;32,2;30,5;16,3;13,9;13,3;42;34;40;304;null;3,1;
2024-12-19;2000;0;917,1;1009,1;917,3;916,9;1601,2;34;29,6;17,7;32;29,5;17,9;14,7;13;49;37;49;319;5,8;2,5;
2024-12-19;2100;0;917,1;1009,1;917,3;917;826;33;29,5;17,7;30,6;29,3;18;17;12,9;50;45;49;309;4,9;2,1;
2024-12-19;2200;0;917,7;1010,6;917,7;917,1;136,9;31;26,9;18,4;29,5;26,9;18,6;17,4;12,8;60;49;60;313;3,5;1,4;
2024-12-19;2300;0;918,3;1011,9;918,3;917,7;-3,5;28;24,9;19,2;26,9;24,9;19,7;18,3;12,8;73;60;71;138;3,9;1,2;
2024-12-20;0000;0;918,9;1012,9;918,9;918,3;-3,5;26;24;17,9;25,1;23,9;19,3;17,5;12,8;71;66;69;146;3,5;1,4;
2024-12-20;0100;0;919,9;1014,2;919,9;918,9;-3,5;25;23,2;18,7;24;23,2;18,8;17,9;12,8;76;69;76;149;2,8;,9;
2024-12-20;0200;0;919,1;1013,5;919,9;919,1;-3,5;24;22,7;17,9;23,2;22,6;18,7;17,9;12,8;76;74;74;149;2,9;1,4;
2024-12-20;0300;0;918,8;1013,4;919,1;918,7;-3,5;24;22,1;17,9;22,7;21,8;18,2;17,7;12,7;79;74;77;155;2,9;1,4;
2024-12-20;0400;0;918,1;1013;918,8;918,1;-3,5;23;20,9;18,8;22,2;20,9;19,6;17,8;12,7;92;76;88;191;2,8;,9;
2024-12-20;0500;0;917,6;1012,6;918,1;917,6;-3,5;22;20,5;null;21,1;20,1;20,8;18,7;12,7;100;88;null;199;1,9;1,4;
2024-12-20;0600;0;917,1;1012,4;917,6;917,1;-3,5;21;19,4;null;20,8;19,3;null;null;12,7;null;null;null;156;1,8;1,3;
2024-12-20;0700;0;917,1;1012,4;917,2;917;-2,8;21;19,4;null;19,6;19,2;null;null;12,6;null;null;null;109;2;,9;
2024-12-20;0800;0;917,4;1012,6;917,5;917;-2,5;21;19,8;null;20,2;19,4;null;null;12,6;null;null;null;199;1,9;1,3;
2024-12-20;0900;0;917,9;1012,9;917,9;917,4;37,5;21;20,7;20,6;20,9;19,7;20,7;18,5;12,7;100;87;99;144;2,4;1,6;
2024-12-20;1000;0;918,1;1012,2;918,2;917,9;614,5;23;23,3;18,8;23,3;20,4;20,7;18,5;13,1;100;75;76;126;3,3;1,6;
2024-12-20;1100;0;918,4;1011,8;918,4;918;1357,8;25;25,7;19,6;25,7;23;19,9;18,6;13,4;79;67;69;59;3,3;1,8;
2024-12-20;1200;0;918,6;1011,7;918,7;918,4;2020,9;28;26,7;18,6;27,5;25,3;20,2;18,3;13,4;71;59;61;null;6,1;null;
2024-12-20;1300;0;918,3;1010,8;918,7;918,3;2753,4;29;28,3;18,9;28,9;26,7;19,2;16,6;13,6;63;51;57;342;6,7;3,7;
2024-12-20;1400;0;917,6;1009,7;918,3;917,6;3253,4;31;29,2;17,7;29,8;28,2;19,4;17;13,3;57;48;50;358;7,4;3,6;
2024-12-20;1500;0;917;1009,2;917,6;916,9;2832,6;32;29;18;30,9;29;18,4;16,5;13,2;51;44;51;324;8,4;3,8;
2024-12-20;1600;0;916,5;1009,5;917,1;915,9;1689,4;31;26,1;16,7;30,2;26,1;19,5;16,5;13;58;47;56;319;16,4;5,8;
2024-12-20;1700;0;917,8;1012,6;918;916,5;133;25;21,1;null;26;20,2;null;null;13;null;null;null;291;16,4;2,9;
2024-12-20;1800;0;915,8;1010,3;917,8;915,8;881,8;24;21,5;null;21,5;21;null;null;13,3;null;null;null;295;5,7;2,1;
2024-12-20;1900;0;916,2;1010,3;916,3;915,5;988;24;22,7;20,7;22,8;21,5;22,5;19,2;13,2;100;81;88;136;4,5;1,4;
2024-12-20;2000;0;915,6;1009,5;916,4;915,6;577;25;23,1;19,6;23,4;22,7;20,7;19,1;13,1;89;78;81;115;2,9;1,2;
2024-12-20;2100;0;915,4;1009,4;915,6;915,3;498,4;25;22,9;19,2;23,9;22,9;20,1;19,1;13;82;76;80;136;3,1;1,5;
2024-12-20;2200;0;916,6;1010,9;916,6;915,4;50,2;24;22,3;19,5;23;22,2;19,7;19,2;12,8;85;79;85;135;3,4;1;
2024-12-20;2300;0;917,1;1011,6;917,1;916,6;-3,1;23;21,9;21,9;22,3;21,9;22,1;19,4;12,8;100;83;100;152;2;1,2;
2024-12-21;0000;0;917,9;1012,5;917,9;917;-3,1;23;21,8;null;22,1;21,8;22;21,3;12,8;100;95;null;138;2,6;1,1;
2024-12-21;0100;0;918,8;1013,5;918,8;917,9;-1,9;23;21,7;null;22,1;21,5;null;null;12,7;null;null;null;202;4,2;1,6;
2024-12-21;0200;0;918,6;1013,5;918,8;918,5;-2;22;21;null;21,7;21;null;null;12,7;null;null;null;139;2,6;1,1;
2024-12-21;0300;0;918,3;1013,5;918,6;918,3;-2,2;22;20,3;null;21;20,3;null;null;12,7;null;null;null;128;2,6;1;
2024-12-21;0400;0;918,5;1013,6;918,6;918,3;-1,6;21;20,5;null;20,5;20,3;null;null;12,7;null;null;null;146;2,2;,9;
2024-12-21;0500;0;917,9;1013,4;919,4;917,9;-,4;21;19,2;null;20,7;18,9;null;null;12,7;null;null;null;147;8,4;1;
2024-12-21;0600;,2;917,5;1012,9;917,9;917,4;-1,5;20;19,4;null;19,4;19,2;null;null;12,7;null;null;null;150;3;1,2;
2024-12-21;0700;0;917,5;1012,8;917,5;917,1;-,5;20;19,6;null;19,6;19,3;null;null;12,6;null;null;null;144;3,6;1,3;
2024-12-21;0800;0;917,7;1012,9;917,8;917,5;-,7;20;19,9;null;19,9;19,6;null;null;12,6;null;null;null;115;2,7;,6;
2024-12-21;0900;0;918,3;1013,5;918,3;917,6;11,5;21;20,3;null;20,3;19,9;null;null;12,6;null;null;null;119;4;1,6;
2024-12-21;1000;0;919;1014,2;919;918,3;96,6;21;20,4;null;20,4;20,3;null;null;12,7;null;null;null;122;5,1;1,5;
2024-12-21;1100;0;919,4;1014,5;919,4;919;279,8;21;20,8;null;20,8;20,4;null;null;13,1;null;null;null;121;4,4;1,6;
2024-12-21;1200;0;919,5;1014,3;919,6;919,4;618,3;22;21,8;null;21,9;20,8;null;null;13,4;null;null;null;109;3,4;1,5;
2024-12-21;1300;,2;919,7;1013,8;919,7;919,4;1545,2;24;23,8;20,4;23,8;21,8;22,6;19,5;13,6;100;79;81;91;4,1;1,3;
2024-12-21;1400;0;919,1;1012,6;919,7;919,1;1877,5;26;25,6;20,4;26,1;23,7;22,3;19,8;13,7;85;71;73;86;4,4;1,5;
2024-12-21;1500;0;918,5;1012,4;919,1;918,5;2076,6;28;24,1;19,9;26,8;24,1;21,6;19,6;13,2;79;68;78;62;5,7;2,4;
2024-12-21;1600;0;918,8;1014,2;918,8;918,3;74,9;25;19,6;null;24,1;19,6;22,6;18,9;12,9;100;77;null;240;8,7;6;
2024-12-21;1700;0;917,4;1012,7;918,8;917,4;139,3;22;19,7;null;19,7;19,3;null;null;13,2;null;null;null;103;8,7;1,5;
2024-12-21;1800;0;916,6;1010,8;917,4;916,2;1490,2;23;22,6;null;22,6;19,6;null;null;13,6;null;null;null;144;3,5;1,2;
2024-12-21;1900;0;916,7;1010,6;917,3;916,6;734,8;25;23,4;null;23,6;22,7;23,5;20,5;13,1;100;83;null;123;4,2;,7;
2024-12-21;2000;0;916,9;1010,9;916,9;916,4;350,4;25;23,2;20,8;23,5;23,1;null;null;13;100;86;86;16;3;,6;
2024-12-21;2100;0;918;1013,1;918;916,9;37;23;20,3;null;23,2;19,9;null;null;12,8;null;null;null;3;8;1;
2024-12-21;2200;0;918,4;1013,5;918,4;918;15,8;22;20,5;null;20,9;20,3;null;null;12,8;null;null;null;157;4,5;,8;
2024-12-21;2300;0;918,9;1014;919,2;918,4;-1,7;22;20,5;null;20,6;20,4;null;null;12,8;null;null;null;127;2,5;,9;
2024-12-22;0000;0;919,4;1014,7;919,4;918,9;-2,6;21;20,3;null;20,5;20,3;null;null;12,8;null;null;null;136;2,2;,8;
2024-12-22;0100;0;919,8;1015,1;919,8;919,4;-2,5;21;20,3;null;20,4;20,2;null;null;12,7;null;null;null;176;1,6;,5;
2024-12-22;0200;,2;920,1;1015,5;920,1;919,8;-2,9;21;20;null;20,3;20;null;null;12,7;null;null;null;107;1,5;,7;
2024-12-22;0300;0;919,6;1015;920,1;919,6;-2,6;21;19,9;null;20,1;19,9;null;null;12,7;null;null;null;145;1,5;,5;
2024-12-22;0400;0;919;1014,4;919,6;919;-2,4;21;19,8;null;19,9;19,7;null;null;12,7;null;null;null;168;1;,3;
2024-12-22;0500;0;918,6;1014;919;918,6;-1,2;21;19,8;null;19,9;19,8;null;null;12,7;null;null;null;144;1,1;,6;
2024-12-22;0600;0;918,1;1013,4;918,6;918,1;-1;21;19,7;null;19,8;19,6;null;null;12,6;null;null;null;147;1,5;1,1;
2024-12-22;0700;0;917,9;1013,1;918,1;917,8;-,9;21;20;null;20;19,7;null;null;12,6;null;null;null;173;2,1;1,3;
2024-12-22;0800;0;918,5;1013,7;918,5;917,9;-,8;21;20,1;null;20,1;20;null;null;12,6;null;null;null;163;2,1;,9;
2024-12-22;0900;0;919,2;1014,6;919,2;918,5;3,5;21;20;null;20,2;20;null;null;12,6;null;null;null;8;2,9;1,2;
2024-12-22;1000;0;919,8;1015;919,8;919,2;100,8;21;20,5;null;20,5;20;null;null;12,8;null;null;null;49;4,5;,6;
2024-12-22;1100;0;920,1;1015,1;920,1;919,8;396,4;21;21,2;null;21,2;20,5;null;null;13,3;null;null;null;357;3,6;1;
2024-12-22;1200;0;920,4;1015,2;920,4;920,1;821,2;22;22;19,2;22,1;21,2;null;null;13,5;100;80;84;327;3,2;1,6;
2024-12-22;1300;0;920,1;1014,6;920,5;920,1;1412,7;24;22,8;19;23,2;21,8;19,6;18,1;13,7;85;76;79;348;3,6;1,3;
2024-12-22;1400;0;919,7;1013,7;920,3;919,7;2326,3;26;24,1;18,7;24,8;22,8;20,1;18,2;13,8;80;70;72;281;3,5;1,3;
2024-12-22;1500;0;919,7;1013,5;919,8;919,6;1968,4;27;24,9;19,5;24,9;24;20;18,8;13,7;77;70;72;333;null;3,1;
2024-12-22;1600;0;919,3;1012,7;919,8;919,3;2969;29;26;18,3;27;24,8;20,6;18,3;13,8;72;61;63;315;null;2,9;
2024-12-22;1700;0;918,6;1012;919,3;918,6;1679,2;28;25,5;19,3;26;25,1;19,7;18;13,5;70;63;68;306;7,2;3,7;
2024-12-22;1800;,2;918,5;1012,9;918,7;918,2;1301,8;28;22,5;19,4;26,4;22,5;20,3;18,6;13;83;63;83;274;10,1;4,8;
2024-12-22;1900;0;917,4;1012;918,7;917,4;474,2;24;21,6;21,6;22,5;20,2;null;null;13,1;null;null;100;276;10,2;1,9;
2024-12-22;2000;0;917,3;1011,4;917,4;917,1;1224,5;25;23,1;23;24,3;21,6;23;19,2;13,1;100;76;99;112;2,8;1,1;
2024-12-22;2100;0;917,9;1012,6;918;917,2;378,2;25;21,4;null;23,2;21,4;null;null;12,9;null;null;null;236;6,7;3,7;
2024-12-22;2200;0;917,9;1012,8;918;917,6;75,9;23;20,8;null;21,4;20,8;null;null;12,8;null;null;null;111;6,7;,8;
2024-12-22;2300;0;918,6;1013,7;918,6;917,9;-1;22;20,7;null;21,2;20,7;null;null;12,8;null;null;null;77;1,5;,7;
2024-12-23;0000;0;919,4;1014,5;919,4;918,6;-1,3;22;20,8;null;20,8;20,6;null;null;12,8;null;null;null;357;1,2;,5;
2024-12-23;0100;0;920;1015,3;920;919,4;-1,6;22;20,4;null;21,1;20,4;null;null;12,8;null;null;null;225;2,8;,4;
2024-12-23;0200;0;919,6;1015;920,1;919,5;-3,1;21;19,9;null;20,4;19,9;null;null;12,8;null;null;null;83;1,8;,7;
2024-12-23;0300;0;919,2;1014,7;919,6;919,2;-2,7;21;19,6;null;19,9;19,4;null;null;12,7;null;null;null;82;1,4;,2;
2024-12-23;0400;0;918,7;1014,2;919,2;918,7;-3,3;20;19,3;null;19,6;19,1;null;null;12,7;null;null;null;53;1,2;,3;
2024-12-23;0500;0;918,2;1013,9;918,8;918,2;-3,2;20;18,8;null;19,6;18,8;null;null;12,7;null;null;null;137;2,6;1,1;
2024-12-23;0600;0;917,6;1013,2;918,2;917,6;-2,6;20;18,9;null;19,1;18,7;null;null;12,7;null;null;null;137;1,9;1,2;
2024-12-23;0700;0;917,7;1013,4;917,7;917,6;-2,2;20;18,6;null;19,2;18,6;null;null;12,7;null;null;null;207;1,9;,6;
2024-12-23;0800;0;918,2;1013,9;918,2;917,7;-2,7;20;18,8;null;18,9;18,4;null;null;12,6;null;null;null;105;1,2;,5;
2024-12-23;0900;0;918,8;1014,5;918,8;918,2;31,9;20;18,8;null;19,1;18,6;null;null;12,7;null;null;null;196;1,5;,6;
2024-12-23;1000;0;919,2;1014,4;919,2;918,8;548,7;21;20,4;null;20,4;18,7;null;null;13,2;null;null;null;146;2,4;,6;
2024-12-23;1100;0;919,3;1013,5;919,3;919,2;1225,6;22;23,3;19,2;23,5;20,4;null;null;13,5;null;null;78;178;1,8;,4;
2024-12-23;1200;0;919,6;1013,6;919,7;919,3;1718,1;25;24,1;19,8;24,2;22,7;21,3;19;13,9;93;76;77;207;2,7;1,1;
2024-12-23;1300;,2;919,6;1013,1;919,7;919,5;2764,5;27;25,5;19,4;26,1;24,1;20,9;19,2;13,7;77;67;69;228;3,7;1,5;
2024-12-23;1400;0;919,4;1012,3;919,6;919,4;3866,3;29;27,5;17,7;27,6;25,5;20,3;17,2;13,5;70;54;55;269;4,3;1,8;
2024-12-23;1500;0;918,7;1011,6;919,4;918,7;3677,6;30;27,2;18,6;28,6;27;20,6;17,4;13,6;63;52;60;192;5,1;2,3;
2024-12-23;1600;0;918,2;1010,6;918,7;918,2;3051,8;30;28,7;18,2;28,8;27,2;19,6;16,8;13,5;62;48;53;223;5,5;3,4;
2024-12-23;1700;0;917,3;1009,5;918,2;917,3;3718,1;31;29,1;18,4;29,5;28,1;19,6;17,4;13,6;59;50;52;215;6,6;3,5;
2024-12-23;1800;0;916,4;1008,6;917,3;916,4;2906,2;31;28,8;19;29,6;28,6;19,4;17,7;13,6;57;49;55;223;7,2;4,1;
2024-12-23;1900;0;915,7;1007,7;916,4;915,7;2288,7;31;29,1;18,9;29,4;27,9;19,9;17,2;13,6;58;50;54;221;null;4,1;
2024-12-23;2000;0;915,3;1007,4;915,7;915,2;1891,6;31;28,7;18;29,7;28,5;19,8;16,9;13,1;56;49;52;217;8;4;
2024-12-23;2100;0;915,6;1008,1;915,7;915,2;848,4;31;27,4;17,3;28,8;27,4;18,3;17,2;12,9;57;50;54;192;6,4;2,6;
2024-12-23;2200;0;916,1;1009,3;916,2;915,6;132,6;28;25,5;17,8;27,4;25,5;18,1;17,2;12,8;63;54;63;180;5,3;2,4;
2024-12-23;2300;0;916,7;1010,2;916,7;916,1;-3,3;26;24,7;18,4;25,5;24,4;18,4;17,8;12,8;69;63;68;178;5,2;2,6;
2024-12-24;0000;0;917,4;1011,3;917,4;916,7;-3,5;25;23,7;18,5;24,7;23,5;18,6;18,2;12,8;74;68;73;173;5,5;2,7;
2024-12-24;0100;0;918,2;1012,6;918,2;917,4;-3,5;24;22,6;18,5;23,7;22,5;18,6;18,4;12,8;78;73;78;156;5,2;2;
2024-12-24;0200;0;918,4;1012,9;918,4;918,2;-3,5;23;22,2;18,5;22,6;22,1;18,6;18,4;12,8;80;78;79;150;4,5;1,7;
2024-12-24;0300;0;917,9;1012,8;918,4;917,9;-3,5;23;20,8;20,8;22,2;20,8;20,9;18,4;12,7;100;79;100;145;4;,8;
2024-12-24;0400;0;917,5;1012,6;917,9;917,4;-3,5;22;20,2;null;21;19,8;null;null;12,7;null;null;null;292;2,1;1,1;
2024-12-24;0500;0;917,4;1012,7;917,5;917,3;-3,3;21;19,5;null;20,4;19,4;null;null;12,7;null;null;null;34;1,5;,8;
2024-12-24;0600;0;917,5;1013;917,6;917,4;-3,1;20;19,1;null;19,5;18,9;null;null;12,7;null;null;null;138;2,1;1,1;
2024-12-24;0700;0;917,2;1012,4;917,5;917,2;-3,5;20;19,9;null;20,1;19,1;null;null;12,7;null;null;null;138;4;1,3;
2024-12-24;0800;0;917,5;1012,5;917,5;917,2;-3,5;21;20,6;null;20,6;19,9;null;null;12,6;null;null;null;125;5;2;
2024-12-24;0900;0;917,9;1012,8;917,9;917,5;54,8;21;20,8;null;20,8;20,4;null;null;12,7;null;null;null;127;4,3;1,9;
2024-12-24;1000;0;918,3;1012,7;918,3;917,8;635,1;22;22,4;18,9;22,5;20,8;21;18,8;13,2;100;80;80;133;5,7;2,2;
2024-12-24;1100;,2;918,7;1012,8;918,7;918,3;1340,3;25;23,7;18,8;24,1;22,4;19,4;18,5;13,5;81;72;74;95;7,3;2,5;
2024-12-24;1200;0;919;1012,5;919;918,6;1890,4;26;25,5;19,4;25,7;23,6;19,6;18,2;13,8;76;65;69;86;8,9;2,2;
2024-12-24;1300;0;919,3;1012,3;919,3;919;3084,3;28;27,1;18,9;27,1;25;19,7;18,3;13,7;70;60;61;89;8,5;2,6;
2024-12-24;1400;0;919,4;1012,3;919,5;919,3;3430,1;29;27,5;18,9;28;26,4;20,2;18,1;13,5;64;57;59;64;8,6;2,4;
2024-12-24;1500;0;918,8;1011,3;919,5;918,8;3564,1;30;28,4;19;28,5;27;20,3;17,7;13,2;64;54;57;59;7,4;3,6;
2024-12-24;1600;0;918;1010,3;918,8;918;3875,5;31;28,9;18,2;29,3;27,6;19,5;17,5;13,6;58;50;53;44;7,8;3,5;
2024-12-24;1700;0;916,8;1008,7;918;916,8;3124,3;31;29,7;17,9;30,2;28;19,6;16,9;13,5;56;46;49;73;6,7;2,1;
2024-12-24;1800;0;915,9;1008,2;916,8;915,9;2316,5;32;28,3;17,3;30,2;28,2;19;16;13,1;54;43;51;99;6,3;1,4;
2024-12-24;1900;0;915,2;1007;915,8;915,1;1960;32;29,6;17,5;29,6;28,3;18,6;16,5;13,6;55;46;48;37;5,4;2,5;
2024-12-24;2000;0;914,7;1006,8;915,2;914,7;1591;33;28,4;16,8;30,4;28,4;18,4;16,5;13;52;45;49;66;6,5;1,8;
2024-12-24;2100;0;915,2;1008,3;915,2;914,7;356,1;29;25,4;15,2;28,5;24,2;18,2;14,8;13;60;49;53;140;9,4;2,5;
2024-12-24;2200;0;915,7;1009,1;915,7;915,1;203,3;27;24,8;16,5;25,4;24,5;17,6;15,3;12,8;65;54;60;136;5,3;1,5;
2024-12-24;2300;0;916,3;1009,9;916,3;915,7;-3,1;26;24,2;16,8;25;23,8;17,2;16,2;12,8;66;58;63;146;5;1,8;
2024-12-25;0000;0;917,1;1011;917,1;916,3;-3;25;23,8;18,5;24,2;23,7;18,6;16,9;12,8;72;63;72;152;3,3;1,3;
2024-12-25;0100;,2;917,4;1011,8;917,5;917,1;-3,5;24;22,3;19;23,9;22,1;19;18,3;12,8;82;72;82;137;2,7;,8;
2024-12-25;0200;0;917,7;1012,6;917,7;917,4;-3,5;23;20,9;null;22,4;20,9;null;null;12,8;null;null;null;132;1,6;,8;
2024-12-25;0300;0;917,6;1012,5;917,9;917,6;-3,3;22;20,8;null;21;20,4;null;null;12,7;null;null;null;134;2,1;1,2;
2024-12-25;0400;0;917,1;1011,8;917,6;917,1;-3,5;22;21,2;20;21,2;20,2;null;null;12,7;null;null;93;113;3,4;1;
2024-12-25;0500;0;916,7;1011,2;917,2;916,7;-3,5;22;21,7;18;21,8;20,9;20,8;17,9;12,7;99;79;80;123;4,8;1,5;
2024-12-25;0600;0;916,6;1011,1;916,8;916,5;-3,5;22;21,6;17,3;22,1;21,5;18;17,3;12,7;80;75;77;109;6,2;1,9;
2024-12-25;0700;0;916,4;1011,2;916,7;916,4;-3,5;22;20,8;17,3;21,7;20,8;17,4;17,2;12,7;80;76;80;90;5;1,4;
2024-12-25;0800;0;916,7;1011,6;916,7;916,3;-3,5;22;20,7;17,2;21,3;20,7;17,4;17,1;12,6;81;77;81;145;6,4;1,2;
2024-12-25;0900;0;917,3;1012,2;917,3;916,7;73,8;21;20,8;17,6;20,8;20,4;17,7;17,2;12,8;83;80;82;158;3;,6;
2024-12-25;1000;0;917,9;1012,1;917,9;917,3;670,7;23;22,9;18,1;22,9;20,8;18,3;17,5;13,2;82;73;74;58;4,4;2;
2024-12-25;1100;0;918;1011,8;918;917,9;1344,9;25;24,2;18,2;24,8;22,8;19,2;17,6;13,5;76;66;69;72;5,8;1,9;
2024-12-25;1200;0;918;1011,5;918;917,9;2099,2;27;25,3;18,2;26,1;23,7;19,6;17,6;13,5;73;63;65;57;5,3;2,4;
2024-12-25;1300;0;917,7;1010,9;918;917,7;2131,6;28;26,1;19,6;26,2;24,7;19,8;17,8;13,7;70;63;67;41;7,1;3,3;
2024-12-25;1400;0;917,3;1010,3;917,7;917,3;1634,2;28;26,6;19,5;26,6;25,6;19,5;18;13,7;68;62;65;28;7,2;2,7;
2024-12-25;1500;0;916,7;1009,4;917,3;916,7;2719,5;30;27,2;19;27,7;26,1;19,7;17,6;13,7;65;56;61;53;6,4;2,2;
2024-12-25;1600;,2;915,7;1007,7;916,7;915,7;3192,9;31;29,2;19,7;29,2;27,1;19,7;17,5;13,6;63;54;57;50;6,7;2,4;
2024-12-25;1700;0;914,7;1006,6;915,7;914,7;2535,3;31;29,2;18,6;29,6;27,7;20,1;17,3;13,5;60;51;53;55;5,8;2,1;
2024-12-25;1800;0;913,9;1006;914,7;913,9;2410,3;32;28,1;17,6;30;28,1;19,5;17,3;13,1;56;47;53;65;5,5;1,5;
2024-12-25;1900;0;914;1006,8;914;913,7;385,4;30;25,9;19,1;28,1;25,9;19,5;17,5;13;68;53;66;61;4,5;1;
2024-12-25;2000;0;914,4;1007,7;914,4;914;140,1;28;24,5;19,9;26;24,5;20,4;18,7;13;76;64;76;299;3,8;2,7;
2024-12-25;2100;0;914,7;1008,7;914,7;914,2;97,5;26;22,6;19,9;24,5;22,6;20,4;19,4;12,8;86;76;85;292;5,9;2;
2024-12-25;2200;0;915,8;1010;915,8;914,7;29,3;24;22,4;null;22,6;22,4;null;null;12,8;null;null;null;46;4,3;,5;
2024-12-25;2300;0;916,3;1010,7;916,3;915,8;-2,8;24;21,8;null;22,7;21,8;null;null;12,8;null;null;null;49;2,7;1;
2024-12-26;0000;0;916,7;1011,3;916,7;916,2;-1,8;23;21,5;null;21,8;21,4;null;null;12,8;null;null;null;75;2,3;,4;
2024-12-26;0100;0;917,2;1011,9;917,2;916,7;-2,6;23;21,3;null;21,6;21,3;null;null;12,7;null;null;null;130;1,3;,6;
2024-12-26;0200;0;917,1;1011,8;917,2;917,1;-1,4;22;21,3;null;21,4;21,2;null;null;12,7;null;null;null;241;1,8;,7;
2024-12-26;0300;0;916,5;1011,3;917,1;916,5;-1,1;22;20,9;null;21,3;20,9;null;null;12,7;null;null;null;136;1,8;,9;
2024-12-26;0400;0;915,8;1010,5;916,5;915,7;-1;22;21;null;21,1;20,8;null;null;12,7;null;null;null;135;3,1;1,2;
2024-12-26;0500;0;915,1;1009,7;915,8;915,1;-,4;22;21,1;null;21,2;21;null;null;12,7;null;null;null;137;2,8;1,1;
2024-12-26;0600;0;914,8;1009,3;915,1;914,8;-1,4;22;21,1;null;21,2;21;null;null;12,7;null;null;null;108;3,9;1;
2024-12-26;0700;,2;914,9;1009,5;914,9;914,7;-,9;22;20,9;null;21,2;20,9;null;null;12,6;null;null;null;121;3,9;1,1;
2024-12-26;0800;0;915,3;1009,9;915,3;914,9;-,6;22;20,9;null;21;20,9;null;null;12,6;null;null;null;139;2;,8;
2024-12-26;0900;0;916,1;1010,8;916,1;915,3;20,6;22;20,9;null;21;20,8;null;null;12,6;null;null;null;149;1,8;1,3;
2024-12-26;1000;0;916,6;1011,2;916,6;916,1;161,1;22;21,4;null;21,5;20,9;null;null;12,9;null;null;null;150;2,4;,8;
2024-12-26;1100;0;917;1011,4;917,1;916,6;343,6;23;22;null;22,2;21,4;null;null;13,2;null;null;null;27;3,4;1,8;
2024-12-26;1200;0;917,2;1011,1;917,2;917;952,6;24;23,7;20,4;23,8;22;22,7;19,7;13,5;100;79;82;18;4,1;1,7;
2024-12-26;1300;0;917,5;1011,7;917,5;917,2;664,7;25;22,9;20,1;23,8;22,8;21,2;19,4;13,4;91;77;85;20;6,8;3,3;
2024-12-26;1400;0;916,8;1010,9;917,5;916,8;969;25;23;20,6;24,1;22,9;22,9;20,1;13,5;99;79;86;323;6,5;2,8;
2024-12-26;1500;0;917,1;1011,8;917,1;916,7;722,7;24;21,3;null;23,1;21,1;null;null;13,4;null;null;null;344;12,8;5;
2024-12-26;1600;0;916,7;1011,3;917,1;916,7;538,8;23;21,5;null;21,7;21,3;null;null;13,2;null;null;null;342;9,5;1,6;
2024-12-26;1700;0;916;1010,3;916,7;916;497,6;23;22,2;null;22,5;21,5;null;null;13,2;null;null;null;332;3,7;2;
2024-12-26;1800;0;915,3;1009,1;916;915,3;1156;24;23,5;21,9;23,7;22,2;null;null;13,8;null;null;90;349;4,4;2,4;
2024-12-26;1900;0;915;1008,7;915,3;915;973,7;25;23,6;20,1;24;23,4;23;19,8;13,1;100;79;81;8;4,7;2,1;
2024-12-26;2000;0;915,4;1009,6;915,5;914,9;470,1;24;22,3;null;23,9;21,4;null;null;13,1;null;null;null;327;9,1;2;
2024-12-26;2100;,2;915,9;1010,3;915,9;915,4;279,5;23;21,8;null;22,3;21,7;null;null;13;null;null;null;313;5,6;1,2;
2024-12-26;2200;0;916,7;1011,3;916,7;915,9;42,2;23;21,4;null;21,8;21,4;null;null;12,8;null;null;null;337;2,9;1,2;
2024-12-26;2300;0;917,4;1012,1;917,4;916,7;-1,1;22;21,4;null;21,6;21,4;null;null;12,8;null;null;null;339;2,9;1,3;
2024-12-27;0000;0;917,8;1012,6;917,8;917,4;-2,3;22;21,2;null;21,4;21,2;null;null;12,8;null;null;null;334;2,6;,9;
2024-12-27;0100;0;918;1012,8;918;917,8;-1,8;22;21,2;null;21,3;20,9;null;null;12,8;null;null;null;27;1,6;,6;
2024-12-27;0200;0;917,8;1012,8;918,1;917,8;-2;22;20,7;null;21,2;20,7;null;null;12,7;null;null;null;88;1,5;,6;
2024-12-27;0300;0;917,4;1012,6;917,8;917,4;-1,1;22;20;null;21,1;20;null;null;12,7;null;null;null;12;4,8;1,9;
2024-12-27;0400;0;917,1;1012,3;917,5;917,1;,3;21;19,9;null;20,1;19,8;null;null;12,7;null;null;null;48;4,8;,5;
2024-12-27;0500;0;916,7;1011,8;917,1;916,7;-,3;21;20,1;null;20,1;19,8;null;null;12,7;null;null;null;357;2,2;,8;
2024-12-27;0600;0;916,6;1011,6;916,7;916,6;-1,3;21;20,3;null;20,4;20,1;null;null;12,7;null;null;null;338;3,5;1,3;
2024-12-27;0700;,2;916,7;1011,7;916,7;916,6;-,3;21;20,3;null;20,4;20,3;null;null;12,7;null;null;null;354;2,6;,7;
2024-12-27;0800;0;917,1;1012,2;917,1;916,7;,2;21;20,2;null;20,4;20,1;null;null;12,6;null;null;null;317;2,9;1,1;
2024-12-27;0900;0;917,7;1012,9;917,7;917,1;8,8;21;20;null;20,2;20;null;null;12,6;null;null;null;34;2,5;,8;
2024-12-27;1000;0;918,1;1013,2;918,1;917,7;160;21;20,4;null;20,4;20;null;null;13;null;null;null;85;2,7;1;
2024-12-27;1100;0;918,6;1013,7;918,6;918,1;268,7;21;20,5;null;20,7;20,4;null;null;13,1;null;null;null;338;4;1,8;
2024-12-27;1200;0;919;1014,1;919;918,6;255,9;21;20,8;null;20,8;20,4;null;null;13,1;null;null;null;343;5,5;2,4;
2024-12-27;1300;,2;919,5;1014,4;919,5;919;590;22;21,5;null;21,7;20,8;null;null;13,2;null;null;null;339;6,6;3,2;
2024-12-27;1400;0;919,5;1014;919,5;919,4;1046,2;23;22,5;19,9;22,5;21,5;null;null;13,7;100;83;86;339;8,2;3,9;
2024-12-27;1500;0;919,1;1013,4;919,5;919,1;1512,6;24;23,1;19,2;23,4;22,5;20,5;19,2;13,5;89;78;79;337;9,9;4,3;
2024-12-27;1600;0;918,9;1013,2;919,2;918,9;1103,7;25;23;null;23,6;22,2;null;null;13,4;null;null;null;307;7,6;2,6;
2024-12-27;1700;0;918,6;1013,3;918,9;918,5;751,8;24;21,8;null;23;21,7;null;null;13,2;null;null;null;328;5,6;3,1;
2024-12-27;1800;,2;918,1;1013;918,6;918,1;582,5;24;21;null;22,4;21;null;null;13,1;null;null;null;333;7,5;4,4;
2024-12-27;1900;0;917,6;1012,2;918,1;917,6;710,8;23;21,6;null;21,7;21;null;null;13,2;null;null;null;327;7,5;1,7;
2024-12-27;2000;0;917,3;1011,5;917,6;917,2;1337,8;24;22,9;19,3;23,2;21,6;null;null;13,2;null;null;81;332;6,4;3,6;
2024-12-27;2100;0;917,4;1011,8;917,5;917,3;451,1;24;22,4;19,4;23,1;22,4;20;19;13;83;79;83;3;6,4;1,8;
2024-12-27;2200;0;918,4;1013,1;918,4;917,4;52,9;24;21,6;null;22,4;21,6;null;null;12,8;null;null;null;118;4,2;,6;
2024-12-27;2300;0;919,1;1014;919,1;918,4;-3,2;23;21,3;null;21,6;21;null;null;12,8;null;null;null;137;1,8;,8;
2024-12-28;0000;0;920;1015,2;920;919,1;-2,6;22;20,6;null;21,3;20,6;null;null;12,8;null;null;null;151;2,5;1;
2024-12-28;0100;0;920,3;1015,6;920,4;920;-2,2;22;20,4;null;20,6;20,4;null;null;12,8;null;null;null;139;2,4;1,1;
2024-12-28;0200;0;920;1015,4;920,3;920;-2;21;20,1;null;20,4;20,1;null;null;12,8;null;null;null;146;2,7;1,2;
2024-12-28;0300;0;919,2;1014,4;920;919,2;-2;21;20,3;null;20,3;20;null;null;12,7;null;null;null;159;3;1,6;
2024-12-28;0400;,2;919;1014,2;919,3;919;-1;21;20,3;null;20,4;20,1;null;null;12,7;null;null;null;120;3,4;1;
2024-12-28;0500;0;918,7;1014;919;918,7;-1,4;21;20,1;null;20,3;20,1;null;null;12,7;null;null;null;144;1,9;,9;
2024-12-28;0600;0;918,5;1013,7;918,7;918,5;-,4;21;20,2;null;20,2;20,1;null;null;12,7;null;null;null;124;1,6;,7;
2024-12-28;0700;0;918,5;1013,7;918,5;918,4;-1,6;21;20,2;null;20,3;20;null;null;12,7;null;null;null;155;2,2;1,3;
2024-12-28;0800;0;918,6;1013,9;918,6;918,5;-1,4;21;20,1;null;20,2;20,1;null;null;12,6;null;null;null;307;2,2;,8;
2024-12-28;0900;0;919,1;1014,4;919,1;918,6;9,1;21;20,1;null;20,2;19,9;null;null;12,6;null;null;null;127;2,1;,6;
2024-12-28;1000;,2;919,6;1014,8;919,6;919,1;161,5;21;20,6;null;20,6;20;null;null;13,1;null;null;null;131;2;1;
2024-12-28;1100;0;920,1;1015,2;920,1;919,6;438,1;22;21;null;21,1;20,4;null;null;13,2;null;null;null;128;2,9;,9;
2024-12-28;1200;0;920,3;1015;920,3;920,1;1025;23;22,3;21,2;23,2;21;null;null;13,3;null;null;93;316;2,9;1,4;
2024-12-28;1300;0;920,1;1014;920,3;920,1;1836,7;25;24,5;19;24,9;22,3;22,6;19;13,7;100;71;71;313;4,9;2,6;
2024-12-28;1400;0;919,7;1013,5;920,1;919,7;1837,8;27;24,8;19,8;25,9;24,4;21,1;19,2;13,7;76;68;74;299;5,6;3,1;
2024-12-28;1500;0;919,2;1012,3;919,7;919,2;3639,2;28;26,7;21,1;27,5;24,8;21,3;19,3;13,7;75;65;72;272;7,9;5,2;
2024-12-28;1600;,2;918,4;1011,3;919,2;918,4;3843,6;29;27;20,3;27,5;25,4;21,8;19,5;13,7;75;65;67;286;7,9;4;
2024-12-28;1700;0;917,3;1010;918,4;917,3;3794,7;30;27,4;20,9;28;26,6;21,3;19,2;13,5;70;62;67;288;7,7;4,2;
2024-12-28;1800;0;916,6;1009,1;917,3;916,6;2740,8;30;27,9;19,6;28,7;27,2;21,2;18,7;13,5;68;58;61;244;7,7;3,5;
2024-12-28;1900;0;915,7;1008;916,6;915,7;2246,9;31;28;20,7;28,8;26,9;20,9;18,5;13,5;68;56;65;229;7,6;3,3;
2024-12-28;2000;0;915,4;1008,2;915,7;915,3;1275,7;30;26,4;20,4;28,9;26,4;21,1;19,7;13;70;60;70;220;7,3;3,4;
2024-12-28;2100;0;916,6;1010,6;916,6;915,4;160,2;28;23,1;19,6;26,4;23,1;21,1;19,4;12,9;81;70;81;80;5,6;1,6;
2024-12-28;2200;0;917,1;1012;917,1;916,5;17,1;24;20,6;null;23,1;20,3;null;null;12,8;null;null;null;44;8,8;3;
2024-12-28;2300;0;918,3;1013,5;918,3;917,1;-1,8;22;20,3;null;20,6;19,9;null;null;12,8;null;null;null;261;6;2,7;
2024-12-29;0000;0;918,4;1013,7;918,8;918,2;-1;22;19,8;null;20,3;19,7;null;null;12,8;null;null;null;102;5,3;1;
2024-12-29;0100;0;918,4;1013,7;918,5;918,2;-1;21;19,8;null;19,8;19,6;null;null;12,8;null;null;null;147;2,7;,9;
2024-12-29;0200;0;918,6;1013,9;918,6;918,4;-1,7;21;19,9;null;19,9;19,6;null;null;12,7;null;null;null;189;2,9;,8;
2024-12-29;0300;,2;917,8;1013,2;918,6;917,8;-2,5;21;19,5;null;20;19,4;null;null;12,7;null;null;null;147;2,3;,7;
2024-12-29;0400;0;917,4;1012,7;917,8;917,2;-2,3;21;19,6;null;19,6;19,4;null;null;12,7;null;null;null;185;1,8;,7;
2024-12-29;0500;0;917,3;1012,6;917,4;917,1;-1,2;21;19,7;null;19,7;19,5;null;null;12,7;null;null;null;77;2,4;,5;
2024-12-29;0600;0;917,1;1012,3;917,4;917,1;-1,2;21;19,9;null;20,1;19,6;null;null;12,7;null;null;null;297;3,4;1,8;
2024-12-29;0700;0;917,2;1012,5;917,5;917,1;,3;21;19,4;null;19,9;19,4;null;null;12,6;null;null;null;85;4,5;1,1;
2024-12-29;0800;0;916,8;1012,1;917,3;916,8;-1,5;20;19,3;null;19,5;19,3;null;null;12,6;null;null;null;42;3,5;1,6;
2024-12-29;0900;0;917,1;1012,4;917,2;916,8;11,8;20;19,5;null;19,7;19,3;null;null;12,6;null;null;null;130;3,4;1,2;
2024-12-29;1000;0;917,5;1012,7;917,7;917,1;228,9;20;19,9;null;20;19,4;null;null;13;null;null;null;119;4,1;1,4;
2024-12-29;1100;,2;917,8;1012,7;917,8;917,4;484;21;21;null;21;19,9;null;null;13,2;null;null;null;109;5,1;1,3;
2024-12-29;1200;0;918,5;1012,7;918,5;917,8;1701,4;23;23,2;19,4;24,2;21;21,2;17,9;13,6;100;72;79;35;4;2,3;
2024-12-29;1300;0;918,4;1012,1;918,5;918,4;2673,3;25;24,7;19;25,1;22,8;20;18,1;13,8;80;68;71;71;5,3;1,8;
2024-12-29;1400;0;918,3;1011,5;918,5;918,3;3578,1;27;26,2;18,9;26,4;24,7;20,5;18,1;13,8;74;62;64;77;4,8;1,9;
2024-12-29;1500;0;918,1;1010,9;918,3;918,1;3876,3;29;27,3;19,1;27,5;25,7;20,5;18,1;13,4;70;58;61;null;4,6;null;
2024-12-29;1600;0;917,2;1009,8;918,1;917,2;3692;30;27,7;17,7;28,5;26,9;19,8;17,7;13,5;64;54;54;114;null;1,8;
2024-12-29;1700;,2;916,3;1008,4;917,2;916,3;3677,8;31;28,8;17,2;29,5;27,7;20,8;16,1;13,5;61;46;50;null;null;null;
2024-12-29;1800;0;915,1;1007,3;916,3;915,1;2891,6;31;28,1;17,5;29,8;27,5;20,4;17,1;13,4;63;48;53;47;null;2,4;
2024-12-29;1900;0;914,8;1007,4;915,1;914,7;1323,3;31;26,9;17,9;29,3;26,9;19,3;16,2;13,1;61;49;58;18;6;2,5;
2024-12-29;2000;0;914,2;1007,1;914,8;914,1;529,1;29;25,9;18,9;27;25,9;19;18,1;13;65;57;65;25;5;2,9;
2024-12-29;2100;0;914,2;1007,5;914,5;914,1;270,8;28;24,7;20,4;25,9;24,7;20,4;18,8;13;77;65;77;338;4,5;1,3;
2024-12-29;2200;0;915,4;1009,4;915,4;914,1;40,4;26;22,8;20,2;24,7;22,8;23,9;20,1;12,8;99;77;85;274;5,2;3,4;
2024-12-29;2300;0;917,1;1012,7;917,1;915,4;-,6;24;18,6;null;23,1;18,6;21,1;16,6;12,8;100;76;null;170;11,7;3,4;
2024-12-30;0000;0;918,8;1014,9;918,9;917,1;-,4;20;17,6;null;18,6;17,4;null;null;12,8;null;null;null;121;10,6;2,5;
2024-12-30;0100;0;919,5;1015,8;919,5;918,6;-1,4;19;17,4;null;17,6;17;null;null;12,8;null;null;null;110;8;2,5;
2024-12-30;0200;0;919;1015,3;919,5;919;-2;18;17,1;null;17,4;17;null;null;12,7;null;null;null;129;5,5;1,6;
2024-12-30;0300;0;918;1014,1;919;918;-1,3;18;17,4;null;17,5;17,1;null;null;12,7;null;null;null;97;6,2;2,2;
2024-12-30;0400;0;917,5;1013,7;918;917,4;-1,3;18;16,9;null;17,4;16,9;null;null;12,7;null;null;null;99;6,4;1,5;
2024-12-30;0500;,2;916,3;1012,5;917,5;916,3;-1,8;18;16,6;null;17;16,6;null;null;12,7;null;null;null;124;6;1,5;
2024-12-30;0600;0;916,3;1012,7;916,5;916,1;-3,3;17;16,2;null;16,6;16,2;null;null;12,7;null;null;null;159;3,1;1,4;
2024-12-30;0700;0;916,2;1012,7;916,3;916;-3,5;17;15,9;null;16,2;15,8;null;null;12,6;null;null;null;127;3,9;1,7;
2024-12-30;0800;0;916,2;1012,6;916,3;916;-3,5;17;16;null;16;15,8;null;null;12,6;null;null;null;120;4,6;1,8;
2024-12-30;0900;0;916,4;1012,8;916,4;916,2;25,8;17;16,1;null;16,2;15,9;null;null;12,6;null;null;null;125;4,5;1,8;
2024-12-30;1000;0;916,7;1012,3;916,8;916,4;615,3;18;18,5;17,2;18,5;16,1;null;null;12,9;null;null;92;127;3,8;1,8;
2024-12-30;1100;0;917;1011,9;917;916,7;1501,3;20;20,8;16,8;20,8;18,4;18,5;15,9;13,4;98;77;78;130;4;1,7;
2024-12-30;1200;0;917,7;1011,5;917,7;917;2335,2;23;24,2;17;24,3;20,8;18,7;16,1;13,7;78;64;64;92;3,8;1,1;
2024-12-30;1300;0;918,1;1011,9;918,1;917,7;3031,5;25;24,4;17,3;24,6;23,1;18,3;16,1;13,7;73;62;65;59;5,4;2,3;
2024-12-30;1400;0;918,2;1011,3;918,2;918,1;3506,3;27;26,3;17,9;26,4;24,1;18,7;16,7;13,7;69;58;60;null;null;null;
2024-12-30;1500;0;917,8;1010,5;918,2;917,8;3680,2;28;27,4;17,8;27,9;25,8;18,9;16,3;13,5;63;54;56;null;5,4;null;
2024-12-30;1600;,2;917,2;1009,9;917,8;917,2;3276,3;30;27,4;16,9;28,5;27,1;19,7;16,1;13,3;61;50;53;344;null;1,2;
2024-12-30;1700;0;916,7;1009,3;917,2;916,7;2600,9;31;27,6;18,9;29;27,2;19,5;16,5;13,1;60;48;59;55;5,3;1,7;
2024-12-30;1800;0;916;1008,2;916,7;916;1872,9;31;28,4;17,1;29,8;26,9;20,1;16,4;13,1;62;46;50;341;null;,9;
2024-12-30;1900;0;915,6;1009,3;916;915,5;595,1;30;23,8;19,3;28,4;23,8;20,4;17,1;13;81;51;76;215;4,8;1,8;
2024-12-30;2000;0;915;1009,2;915,8;914,9;534,4;24;22;18,3;24;19,4;20,9;15;13,2;100;65;80;47;8,8;1,2;
2024-12-30;2100;0;915,3;1009,1;915,3;914,9;876,3;25;23,4;23,1;24,3;21,9;23,1;17,7;13;100;70;98;111;2,8;,8;
2024-12-30;2200;0;916;1010,3;916;915,3;116,7;25;22,1;19,5;23,4;22;22,9;18,2;12,8;100;73;85;142;2,7;,8;
2024-12-30;2300;0;916,4;1010,9;916,5;916;1,1;23;21,6;17,4;22,6;21,5;21,5;17,4;12,8;100;77;77;130;4,8;2;
2024-12-31;0000;0;917,9;1012,6;918;916,4;-1,2;22;21,5;17,2;21,6;20,6;17,5;16,7;12,8;82;74;76;10;6,5;3,4;
2024-12-31;0100;0;919,8;1015,6;919,8;917,7;-,5;22;19;null;21,6;19;19,6;16,9;12,8;100;76;null;328;7,9;3,6;
2024-12-31;0200;0;919,7;1015,8;920,2;919,7;-,6;20;18,1;null;19;18,1;null;null;12,7;null;null;null;70;7;1;
2024-12-31;0300;0;918,4;1014,3;919,7;918,4;-1,5;19;18,3;null;18,5;18;null;null;12,7;null;null;null;174;5,1;2,4;
2024-12-31;0400;0;917,7;1013,7;918,4;917,7;-,9;19;17,8;null;18,4;17,7;null;null;12,7;null;null;null;137;5,1;1,2;
2024-12-31;0500;0;917,6;1013,5;917,7;917,5;-3;19;17,9;null;17,9;17,6;null;null;12,7;null;null;null;150;3,3;1,8;
2024-12-31;0600;,2;917,5;1013,5;917,7;917,3;-3,4;19;17,6;null;18,1;17,4;null;null;12,7;null;null;null;134;4,6;1,9;
2024-12-31;0700;0;917,4;1013,4;917,5;917,2;-3,5;18;17,6;null;17,9;17,6;null;null;12,6;null;null;null;147;5,2;1,7;
2024-12-31;0800;0;917,7;1013,8;917,7;917,4;-3,5;18;17,3;null;17,6;17,2;null;null;12,6;null;null;null;147;4;1,3;
2024-12-31;0900;0;918,2;1014,4;918,2;917,6;27,5;18;17,3;null;17,5;17,2;null;null;12,6;null;null;null;153;2,7;1,3;
2024-12-31;1000;0;918,9;1014,5;919;918,2;569,3;19;19,3;16,6;19,9;17,3;null;null;13;null;null;84;149;3;1,5;
2024-12-31;1100;0;919,2;1013,8;919,3;918,9;1441,7;22;22,1;17,3;22,1;19,3;17,4;16,4;13,3;85;72;74;111;3,6;2;
2024-12-31;1200;0;919,6;1013,3;919,6;919,2;2314,3;24;24,9;17,6;25,1;22;18,7;16,7;13,7;77;63;64;61;4,1;1,4;
2024-12-31;1300;0;919,4;1012,6;919,6;919,4;3014,3;27;26,4;16,4;26,7;24,5;18,7;15,9;13,7;68;53;54;77;5,4;1,7;
2024-12-31;1400;0;919;1012;919,4;919;3492,4;28;27;16,4;27,9;25,9;19,2;15,5;13,7;62;49;52;41;5,6;2,6;
2024-12-31;1500;0;918,6;1011,3;919;918,5;3824,7;29;27,9;16,7;28,4;27;18,6;16,3;13,3;58;49;51;62;5,8;2,7;
2024-12-31;1600;0;918;1010,3;918,6;918;3469,8;30;28,7;18,9;28,9;27,6;19,1;16,6;13,5;58;48;56;72;6,1;1,5;
2024-12-31;1700;0;917,3;1009,9;918;917,3;1186,7;30;27,6;18,5;29,1;26,7;19,7;16,1;13,1;64;49;58;96;4;1;
2024-12-31;1800;0;916,7;1010,3;917,5;916,7;1190,7;28;24,6;17,8;27,6;22,4;21,2;17,8;13,9;93;57;66;344;5,5;1,6;
2024-12-31;1900;0;916,5;1010,2;916,7;916,2;1228,3;27;24;18,8;25,6;23,8;20,2;18,5;13;80;66;72;339;5,6;,9;
2024-12-31;2000;0;917;1011,5;917;916,4;580;26;21,8;18,4;24,3;21,4;19,4;17,8;13;85;71;81;61;7,6;1,5;
2024-12-31;2100;0;917,2;1011,7;917,5;917;400,7;25;21,9;17,3;22,9;21,8;19,2;17,3;13;82;73;75;103;3,9;1;
2024-12-31;2200;,2;917,5;1012,4;917,5;916,9;54,9;23;20,7;17,9;21,9;20,7;18,1;17,2;12,8;85;75;84;140;3,5;1,3;
2024-12-31;2300;0;918,5;1013,7;918,7;917,5;-3,5;22;20,1;null;20,7;20,1;null;null;12,8;null;null;null;110;4;1,3;

